year	web	Etot	Chaetodipus.intermedius	Dipodomys.merriami	Dipodomys.ordii	Dipodomys.spectabilis	Perognathus.flavescens	Perognathus.flavus	Peromyscus.boylii	Peromyscus.difficilis	Peromyscus.eremicus	Peromyscus.leucopus	Peromyscus.maniculatus	Peromyscus	Peromyscus.truei	Reithrodontomys.megalotis	Reithrodontomys.montanus												
1989	2	5060.01256	0	3033.820653	559.4711846	171.7742878	0	372.079468	0	0	130.7380835	31.9972214	0	0	126.9947099	474.3584009	158.7785511												
1990	2	3880.573299	0	3099.254699	71.10673945	0	38.95558949	130.9778029	0	0	0	208.6132874	0	40.07399067	272.5655285	19.02566168	0												
1991	2	3914.810749	0	1853.071621	389.7359707	166.2624395	24.48701213	227.9239402	0	0	0	763.8403192	0	0	489.4894459	0	0												
1992	2	6160.766846	0	4293.111021	106.989158	0	43.36913005	276.6147142	0	115.6003829	0	844.8391307	0	0	315.6371501	164.606159	0												
1993	2	7144.472014	0	3227.812219	843.9165553	187.9713521	0	200.5783726	0	57.80019146	0	595.0668022	0	0	1825.32525	206.0012706	0												
1994	2	5609.100839	0	4103.050579	938.5860775	0	0	239.4060106	36.68581747	0	0	134.7923004	0	0	156.5800541	0	0												
1995	2	5546.510304	0	3408.566628	418.1374874	566.3904759	54.05311942	181.7264521	0	0	0	67.3961502	0	0	623.7575737	187.5268278	38.95558949												
1996	2	3243.467823	0	1538.348209	131.7559443	914.9225994	170.7923757	24.48701213	0	0	0	0	0	0	463.1616825	0	0												
1997	2	8682.818756	0	5907.640614	88.79954115	1530.343555	192.382172	308.8537724	0	0	0	245.5336704	0	0	382.1990765	27.06635394	0												
1998	2	7709.134725	0	4557.744338	0	1286.43138	0	149.4072619	0	0	0	790.1141097	0	0	886.482047	38.95558949	0												
1999	2	6822.635413	0	3864.325742	0	2066.263643	31.9972214	127.5937443	0	0	0	205.7425762	0	0	526.7124859	0	0												
2000	2	5031.689113	0	2677.149447	460.9361707	1243.00609	0	29.56610729	0	0	0	0	0	0	621.0312981	0	0												
2001	2	3490.249057	0	2077.519721	425.4888813	450.6472407	112.3272244	173.7205328	0	0	0	69.25972932	0	0	137.9165966	43.36913005	0												
2002	2	3948.089931	0	1964.756025	200.9711088	1113.995125	105.4222164	122.3409079	313.8566129	0	43.36913005	0	0	0	53.81269755	29.56610729	0												
2003	2	5643.204158	0	3770.384977	414.992832	634.1658871	36.68581747	0	379.2498477	0	0	0	0	0	407.7247967	0	0												
2004	2	4563.22879	0	3863.601747	0	0	73.32378896	48.87987152	53.81269755	0	0	0	0	0	523.6106842	0	0												
2005	2	8904.988349	27.06635394	7233.933364	924.9782834	0	93.43177481	156.7437299	63.61613396	0	0	0	0	0	405.2187089	0	0												
1989	4	2922.578381	0	2448.116866	0	0	0	385.7631939	0	0	0	0	0	0	0	88.69832186	0												
1990	4	1524.855298	0	1376.310213	0	0	0	27.50351758	0	0	0	121.041568	0	0	0	0	0												
1991	4	3011.031224	0	2252.05334	72.93789199	0	55.39178062	270.2607407	0	0	0	190.2847283	57.80019146	0	55.81831696	56.48423354	0												
1992	4	4585.580689	0	3521.73668	0	0	29.56610729	638.9154308	0	0	0	267.5472181	0	0	0	36.68581747	91.12943597												
1993	4	4934.791771	0	3359.002345	0	0	0	369.6166298	0	0	0	765.4452556	0	0	168.5654717	272.1620693	0												
1994	4	2485.425847	0	2217.680787	0	0	0	233.3768596	0	0	0	0	0	0	0	34.36819947	0												
1995	4	3322.881227	0	2501.783775	621.2482944	0	0	21.81351758	0	0	0	150.9692857	0	0	0	0	27.06635394												
1996	4	722.4438899	0	507.154892	0	80.11640516	29.56610729	105.6064855	0	0	0	0	0	0	0	0	0												
1997	4	5204.439045	0	4638.165955	0	0	82.36416289	319.2505706	0	0	0	140.1713436	0	0	0	24.48701213	0												
1998	4	6169.249866	0	5091.414952	671.4318051	0	0	120.4185403	0	0	103.4558165	182.5287515	0	0	0	0	0												
1999	4	4494.830808	0	4196.397763	103.7631612	0	0	73.4610364	0	0	0	121.2088478	0	0	0	0	0												
2000	4	3878.337681	0	2902.183496	727.6919542	0	0	115.7646758	0	0	0	132.6975555	0	0	0	0	0												
2001	4	2610.812546	36.68581747	1360.895414	769.4996122	0	132.6774817	181.4044833	41.18208144	0	0	51.78183865	0	0	0	36.68581747	0												
2002	4	3189.715923	0	2158.891284	619.1727331	0	208.1299773	92.48669807	65.51523111	0	0	0	0	0	0	45.52	0												
2003	4	3410.608668	0	2673.874526	327.2328354	0	38.95558949	144.1544255	0	0	0	0	0	0	0	226.3912913	0												
2004	4	2672.374057	0	2281.251673	0	0	276.7078069	114.414577	0	0	0	0	0	0	0	0	0												
2005	4	6472.312838	29.56610729	6175.272454	0	0	0	267.4742765	0	0	0	0	0	0	0	0	0												
1989	5	2692.888661	0	2131.138911	0	0	0	382.416565	0	0	0	0	38.95558949	43.36913005	0	68.68303888	28.32542669												
1990	5	2145.22134	0	1664.292841	0	0	0	51.55336607	0	0	0	429.3751325	0	0	0	0	0												
1991	5	2181.997178	0	1746.671139	0	0	0	227.2832682	0	0	0	36.68581747	72.0242556	0	99.33269755	0	0												
1992	5	5739.882608	0	4231.652745	0	0	0	501.3994842	0	0	0	777.0080133	0	0	0	87.81553836	142.0068278												
1993	5	5902.910104	0	3727.187709	97.2079476	0	0	377.4342437	0	0	0	1282.017248	69.25972932	0	59.75966351	258.0463418	31.9972214												
1994	5	2926.166346	0	2733.382833	0	0	0	192.7835128	0	0	0	0	0	0	0	0	0												
1995	5	3401.991889	0	2891.19434	182.3806334	0	27.06635394	173.8001212	0	0	0	63.61613396	0	0	0	34.36819947	29.56610729												
1996	5	882.1735271	0	642.0768748	0	0	60.76910707	67.90553319	49.72406726	0	0	0	0	0	61.69794481	0	0												
1997	5	4948.437133	0	4101.69227	0	0	114.423147	406.8266098	0	0	0	205.4304839	0	0	53.81269755	66.25192476	0												
1998	5	6491.153789	0	5908.086389	0	0	0	189.3053006	0	0	0	319.0582465	0	0	0	47.63749952	27.06635394												
1999	5	4298.435499	0	3698.021927	113.3463622	0	0	149.3131091	0	0	0	337.7541003	0	0	0	0	0												
2000	5	2829.902777	0	2560.286336	215.5633207	0	0	54.05311942	0	0	0	0	0	0	0	0	0												
2001	5	2285.665453	0	2029.035125	106.989158	0	98.08780406	51.55336607	0	0	0	0	0	0	0	0	0												
2002	5	1727.803922	0	1588.631384	85.36179903	0	31.9972214	21.81351758	0	0	0	0	0	0	0	0	0												
2003	5	2964.801089	0	2502.944269	106.989158	0	144.3244458	21.81351758	188.7296983	0	0	0	0	0	0	0	0												
2004	5	2233.807661	0	2132.284259	0	0	0	37.90726792	63.61613396	0	0	0	0	0	0	0	0												
2005	5	4821.686841	29.56610729	4510.085773	0	0	122.7895184	75.866637	0	0	0	0	0	0	53.81269755	0	29.56610729												
