Year	habitat	total	amin	asnu	boin	brru	cach	chbr	chri	chst	cran	crba	crco	crpt	dapu	depi	drcu	erab	erci	erde	erdi	erla	erte	ertr	eumi	evmu	fica	fide	gist	gula	hapa	hehi	lare	lego	lela	libi	lohu	losq	loto	mapa	meal	mobe	negl	pehe	pepl	pere	phcr	phdi	plar	plin	plpa	scba	sian	siir	spec	stmi	vuoc
1983	open	1181	0	0	0	0	0	0	0	3	0	0	0	0	21	0	0	0	50	0	0	49	14	2	0	98	0	0	0	0	0	0	0	0	0	0	0	0	2	0	0	91	0	0	0	2	8	0	0	396	330	100	0	0	0	15	0
1984	open	4602	0	0	0	0	0	0	0	55	0	0	0	0	20	0	0	0	47	0	0	72	20	2	0	300	0	0	0	0	0	0	0	0	0	0	0	0	0	0	0	164	0	0	0	25	4	0	0	996	1749	1136	0	0	0	12	0
1985	open	843	0	0	0	0	0	0	0	4	0	0	0	0	17	0	2	0	9	0	0	78	5	2	0	115	0	0	0	0	0	0	0	4	0	0	0	0	0	0	0	61	0	0	0	4	1	0	0	286	166	82	0	0	0	7	0
1986	open	1144	0	0	0	0	0	0	0	5	0	0	0	0	16	0	0	0	23	0	0	67	7	0	0	179	0	0	0	0	0	0	0	2	0	0	0	0	0	0	0	60	0	0	0	41	1	0	0	360	127	175	0	0	0	81	0
1987	open	1204	0	0	0	2	0	0	0	0	0	0	0	0	20	0	2	0	25	0	0	77	9	0	0	36	0	0	0	0	0	0	0	2	0	0	0	0	0	0	0	48	0	0	0	101	0	0	0	123	290	360	0	0	0	96	13
1988	open	2498	0	0	1	6	0	0	0	0	0	0	0	0	17	0	0	0	31	0	0	105	19	0	0	40	0	0	0	0	0	0	0	0	0	0	0	0	0	0	0	63	0	0	0	783	79	0	0	325	693	195	0	0	0	110	31
1989	open	852	0	0	0	3	0	0	0	0	0	0	0	0	2	0	0	0	4	0	0	69	14	0	0	36	0	0	0	0	0	0	0	1	0	0	0	0	0	0	0	42	0	0	0	199	12	0	0	73	138	254	0	0	0	5	0
1990	open	65	0	0	0	0	0	0	0	0	0	0	0	0	1	0	0	0	3	0	0	5	8	0	0	2	0	0	0	0	0	0	0	0	1	0	0	0	0	0	0	3	0	0	0	3	0	0	0	8	5	24	0	0	0	0	2
1991	open	325	0	0	1	1	0	0	0	0	0	0	0	0	13	0	1	0	4	0	3	49	23	0	0	29	0	0	0	0	0	0	1	0	4	0	0	0	0	0	0	35	0	0	0	13	0	0	0	5	82	60	0	0	0	0	1
1992	open	1941	0	0	1	59	0	1	0	1	0	0	0	0	16	0	3	0	34	0	256	116	20	0	5	62	0	0	0	0	0	0	0	2	15	0	0	0	0	0	0	70	0	25	0	55	52	0	0	159	413	549	0	1	0	8	18
1993	open	2224	0	0	0	50	0	0	0	0	0	0	0	0	36	0	0	0	4	0	108	109	2	0	0	70	0	0	0	0	0	0	0	0	5	0	0	0	0	0	0	135	0	0	0	110	236	0	0	167	316	718	0	0	0	51	107
1994	open	1189	0	0	0	184	0	0	0	0	0	0	0	0	12	0	0	0	7	0	41	3	4	0	0	5	0	0	0	0	0	0	0	0	3	0	0	0	0	0	0	5	0	113	0	201	0	0	0	178	137	76	0	0	26	49	145
1995	open	5236	1	1	1	186	0	13	1	0	0	0	0	0	121	0	6	0	97	0	81	180	11	0	1	102	0	0	0	0	2	0	1	0	3	0	0	0	0	0	0	136	0	232	0	577	1	0	0	63	1640	691	0	0	19	448	621
1996	open	7521	0	0	0	558	0	0	0	0	0	0	0	0	19	0	2	0	205	0	58	14	7	0	0	7	0	0	0	0	0	0	0	0	3	0	0	0	0	0	0	34	0	2290	0	1547	0	0	0	457	1541	540	0	0	12	46	181
1997	open	897	1	0	0	1	0	1	0	0	0	0	0	0	1	0	0	0	36	0	4	8	1	0	0	0	0	0	0	0	0	0	0	0	1	0	0	0	0	0	0	5	0	156	0	527	0	0	0	24	114	11	0	0	0	1	5
1998	open	951	0	0	2	2	0	0	0	0	0	3	0	1	37	0	2	0	22	0	6	32	3	0	0	29	0	0	0	0	1	0	5	0	0	0	0	0	0	0	0	1	0	81	0	291	0	0	0	10	71	74	0	0	0	227	51
1999	open	1436	0	0	1	1	0	0	0	0	0	0	0	0	18	0	7	0	142	0	21	8	13	0	0	4	0	0	0	0	14	0	19	0	2	0	0	0	0	0	0	0	0	112	0	901	0	0	0	9	78	38	0	3	0	31	14
2000	open	923	0	0	0	0	0	0	0	0	0	0	0	0	0	0	0	0	36	0	0	0	2	0	0	7	0	0	0	0	0	0	0	0	0	0	0	0	0	0	0	0	0	79	0	799	0	0	0	0	0	0	0	0	0	0	0
2001	open	3644	2	0	6	0	0	0	0	2	0	0	0	0	289	0	23	0	125	0	10	394	15	0	8	711	0	0	0	0	9	0	70	0	8	0	0	0	0	0	0	171	0	43	0	904	0	0	0	17	37	297	0	0	0	475	28
2002	open	945	0	0	0	0	0	0	0	0	0	0	0	0	11	0	0	0	473	0	0	0	3	0	0	0	0	0	0	0	0	0	1	0	0	0	0	0	0	0	0	0	0	36	0	402	0	0	0	1	3	15	0	0	0	0	0
2003	open	1346	0	0	0	1	0	0	0	0	0	0	0	0	4	0	0	0	145	0	3	5	11	0	1	2	0	0	0	0	6	0	7	0	2	0	0	0	0	0	0	0	0	113	0	911	0	0	0	41	29	50	0	6	0	9	0
2004	open	1391	0	0	1	0	0	0	0	0	0	0	0	48	118	0	86	0	53	0	1	49	35	0	0	37	0	0	0	0	1	0	20	9	0	0	0	0	0	0	0	2	0	206	0	559	0	0	0	0	34	33	0	0	0	99	0
2005	open	3481	0	0	1	0	0	0	0	0	9	0	0	2	39	0	14	0	126	0	10	92	45	0	0	83	0	0	0	0	1	0	0	23	14	0	3	0	0	0	0	33	0	238	0	2547	0	0	0	24	15	126	0	11	0	25	0
2006	open	-99	-99	-99	-99	-99	-99	-99	-99	-99	-99	-99	-99	-99	-99	-99	-99	-99	-99	-99	-99	-99	-99	-99	-99	-99	-99	-99	-99	-99	-99	-99	-99	-99	-99	-99	-99	-99	-99	-99	-99	-99	-99	-99	-99	-99	-99	-99	-99	-99	-99	-99	-99	-99	-99	-99	-99
2007	open	1455	0	0	2	0	0	1	0	0	0	0	0	0	12	0	7	0	174	0	13	12	22	0	1	0	0	0	0	0	1	0	2	36	57	0	4	0	0	0	0	5	0	68	1	757	5	1	0	13	25	206	0	13	9	8	0
2008	open	1553	0	0	1	0	18	0	0	1	4	0	0	0	18	0	3	0	70	0	3	292	36	0	6	206	29	6	1	1	2	3	3	79	32	0	9	0	1	0	0	136	7	176	0	155	28	0	1	13	17	151	1	0	7	32	5
2009	open	6552	0	0	0	0	1	2	0	10	15	6	0	8	23	1	17	0	109	39	18	73	24	7	9	22	10	0	0	0	7	1	20	487	41	0	6	0	2	0	0	67	0	1615	0	3352	113	1	3	22	59	335	1	0	0	20	6
2010	open	7602	0	3	2	0	42	9	0	5	29	1	6	28	29	1	109	23	131	0	72	965	50	9	65	820	138	195	0	0	17	19	31	681	36	2	20	3	1	1	1	181	8	1437	3	1112	474	0	2	26	60	676	2	0	16	54	7
2011	open	1146	0	0	0	0	1	0	0	0	12	0	0	0	0	1	1	0	97	0	0	3	20	0	0	0	0	0	0	0	0	0	3	347	5	0	1	0	0	1	0	1	0	30	0	230	9	0	2	6	1	374	0	0	0	1	0
