Year	site	total	ALIN	ALLI1	AMCH	APRA	ARGL	ARIS1	ARLO	ARNE	ARPU	ARWR	ASAL	ASMO	ASNU	ASTE	ASTR1	ASWO	BAAB	BAPE	BOER	CAWR	CHCO	CHIN	COCO	CRAN	CRBA	CRCR	CRMI	CRPO	CRYP1	CRYP2	DAPU	DEPI	DYPE	ERAB	ERBE	ERDI	ERDV	ERPU	ERRO	ERTE	ERTR	EUSE	EUST	EVNU	HAGR	HIMU	HODR	HOFF1	HOGL	HYVE	LEER	LEFE	LEGO	LELA	LESQ1	LEVI	LUCO	MAFE	MAPI	MATA	MELE	MENT1	MUAR	MUPO	NAHI	OENO1	PAHA	PAHI	PENA	PHAC1	PHCO	PHIN	PHPO	PLMU	PLPA	RANE	SAKA	SCBR	SELO	SIPH	SOEL	SPAI	SPAN	SPOR1	SPSU	SPVEG	STAR	STEX	TAAN	TAAU	TALI1	TECO	TSDL1	UKFO1	UKFO5	UKFO6	VEWR	VUOC	XASP
1989	EAST	53.257	0	0	0	0	0	0	0	0	0	0	0	0	0	0	0	0	0.013	0	0	0	0	0	0	0	0	0	0	0	0	0	0	0	0	0	0	0	0	0	0	0	0	0	0	0	0	0	0	0	0	0	0	0	0	0	0	0	0	0	0	0	0	0	15.754	0.529	0	0	0	0	2.009	0	0	0	0	0	0	0	0	34.84	0	0	0.089	0	0	0	0.023	0	0	0	0	0	0	0	0	0	0	0	0	0	0
1990	EAST	44.423	0	0	0	0	0	0	0	0	0	0	0	0	0	0	0	0	0.001	0	0	0	0	0	0	0	0	0	0	0	0	0	0	0	0	0	0	0	0	0	0	0	0	0	0	0	0	0	0	0	0	0	0	0	0	0	0	0	0	0	0	0	0	0	14.316	0.222	0	0	0	0	0.114	0	0	0	0	0	0	0	0	29.619	0	0	0.086	0	0	0	0.015	0	0	0	0.05	0	0	0	0	0	0	0	0	0	0
1991	EAST	52.716	0	0	0	0	0	0	0	0	0	0	0	0	0	0	0	0	0	0	0	0	0	0	0	0	0	0	0	0	0	0	0	0	0	0	0	0	0	0	0	0	1.968	0	0	0	0	0	0	0	0	0	0	0	0.045	0.827	0	0	0	0	0	0	0	0	15.357	1.587	0	0	0	0	0.286	0	0	0	0	0	0	0	0	32.59	0	0	0.029	0	0	0	0.027	0	0	0	0	0	0	0	0	0	0	0	0	0	0
1992	EAST	172.528	0	0	0.502	0	0	0	0	0	0	0	0	0	0	0	0	0	0	0	0	0	0	0	0	0	0	0	0	0	0	0	0	0	0	0	0	0	0	0	0	0	39.654	0	0	0	0	0	0	0	0	0	0	0	3.591	0	0	0	0	0	0	0	0	0	12.108	10.497	0	0	0	0	5.415	0	0	0	0	0	0	0	0	27.717	0	0	53.456	0	0	0	19.494	0	0	0	0.094	0	0	0	0	0	0	0	0	0	0
1993	EAST	78.445	0	0	0	0	0	0	0	0	0	0	0	0	0	0	0	0	0	0	0	0	0	0	0	0	0	0	0	0	0	0	0	0	0	0.004	0	0	0	0	0	0	38.068	0	0	0	0	0	0	0	0	0	0	0	0.09	1.707	0	0	0	0	0	0	0	0	4.801	12.423	0	0	0	0	2.065	0	0	0	0	0	0	0	0	18.166	0	0	0.681	0	0	0	0.44	0	0	0	0	0	0	0	0	0	0	0	0	0	0
1994	EAST	26.849	0	0	0	0	0	0	0	0	0	0	0	0	0	0	0	0	0	0	0	0	0	0	0	0	0	0	0	0	0	0	0	0	0	0	0	0	0	0	0	0	0	0	0	0	0	0	0	0	0	0	0	0	0	0	0	0	0	0	0	0	0	0	1.964	15.62	0	0	0	0	0.001	0	0	0	0	0	0	0	0	9.264	0	0	0	0	0	0	0	0	0	0	0	0	0	0	0	0	0	0	0	0	0
1995	EAST	97.241	0	0	0	0	0	0	0	0	0	0	0	0	0.159	0	0	0	0	0	0	0	0	0.001	0	0	0	0	0	0	0.024	0	0	0	0	0.002	0	0	0	0	0	0	55.044	0	0	0	0	0	0	0	0	0	0	0	1.953	21.28	0	0	0	0	0	0	0	0	0.473	9.999	0	0	0	0	2.346	0.05	0	0	0	0	0	0	0	5.652	0	0	0.178	0	0	0	0.071	0	0	0	0.009	0	0	0	0	0	0	0	0	0	0
1996	EAST	17.355	0	0	0	0	0	0	0	0	0	0	0	0	0	0	0	0	0	0	0	0	0	0	0	0	0	0	0	0	0	0	0	0	0	0	0	0	0	0	0	0	0	0	0	0	0	0	0	0	0	0	0	0	0	0	0	0	0	0	0	0	0	0	0.329	10.952	0	0	0	0	0	0	0	0	0	0	0	0	0	6.057	0	0	0	0	0	0	0	0	0	0	0.017	0	0	0	0	0	0	0	0	0	0
1997	EAST	39.426	0	0	0	0	0	0	0	0	0	0	0	0	0	0	0	0	0	0	0	0	0	0	0	0	0	0	0	0	0	0	0	0	0	0	0	0	0	0	0	0	0	0	0	0	0	0	0	0	0	0	0	0	0	0	0	0	0	0	0	0	0	0	1.714	10.756	0	0	0	0	0.396	0	0	0	0	0	0	0	0	26.233	0	0	0.112	0	0	0	0	0	0	0	0	0	0.215	0	0	0	0	0	0	0	0
1998	EAST	28.316	0	0	0	0	0	0	0	0	0	0	0	0	0	0	0	0	0	0	0	0	0	0	0	0	0	0	0	0	0	0	0	0	0	0	0	0	0	0	0	0	0	0	0	0	0	0	0	0	0	0	0	0	0	0	0	0	0	0	0	0	0	0	0.772	8.821	0	0	0	0	0.163	0	0	0	0	0	0	0	0	18.55	0	0	0	0	0	0	0	0	0	0	0	0	0.01	0	0	0	0	0	0	0	0
1999	EAST	31.228	0	0	0.005	0	0	0	0	0	0	0	0	0	0	0	0	0	0	0	0	0	0	0	0	0	0	0	0	0	0	0	0.314	0	0	0	0	0	0	0	0	0	1.86	0	0	0	0	0	0	0	0	0	0	0	0	0	0	0	0	0	0	0	0	0	0.714	18.804	0	0	0	0	1.164	0	0	0	0	0	0	0	0	8.336	0	0	0.031	0	0	0	0	0	0	0	0	0	0	0	0	0	0	0	0	0	0
2000	EAST	23.874	0	0	0	0	0	0	0	0	0	0	0	0	0	0	0	0	0	0	0	0	0	0	0	0	0	0	0	0	0	0	0	0	0	0	0	0	0	0	0	0	0	0	0	0	0	0	0	0	0	0	0	0	0	0	0	0	0	0	0	0	0	0	0	23.873	0	0	0	0	0	0	0	0	0	0	0	0	0	0.001	0	0	0	0	0	0	0	0	0	0	0	0	0	0	0	0	0	0	0	0	0
2001	EAST	31.959	0	0	0	0	0	0	0	0	0	0	0	0	0	0	0	0	0	0	0	0	0	0	0	0	0	0	0	0	0	0	0	0	0	0	0	0	0	0	0.503	0	2.502	0	0	0	0	0	0	0	0	0	0	0	0	0	0.01	0	0	0	0	0	0	0	0.565	21.164	0	0	0	0	1.711	0	0	0	0	0.011	0	0	0	5.184	0	0	0.309	0	0	0	0	0	0	0	0	0	0	0	0	0	0	0	0	0	0
2002	EAST	24.612	0	0	0	0	0	0	0	0	0	0	0	0	0	0	0	0	0	0	0	0	0	0	0	0	0	0	0	0	0	0	0	0	0	0	0	0	0	0	0	0	0	0	0	0	0	0	0	0	0	0	0	0	0	0	0	0	0	0	0	0	0	0	0.005	24.571	0	0	0	0	0	0	0	0	0	0	0	0	0	0.036	0	0	0	0	0	0	0	0	0	0	0	0	0	0	0	0	0	0	0	0	0
2003	EAST	69.528	0	0	0.002	0	0	0	0	0	0	0	0	0	0.199	0	0	0	0	0	0	0	0	0	0	0	0	0	0	0	0	0	0	0	0	0.003	0	0	0	0	0	0	9.85	0	0	0	0	0	0	0	0	0	0	0	0	0	0.007	0.992	0	0	0	0	0	0	0.67	47.788	0	0	0	0	1.136	0	0	0	0	0	0	0	0	8.846	0	0	0.028	0	0	0	0	0	0	0	0	0	0.007	0	0	0	0	0	0	0	0
2004	EAST	73.281	0	0	0.206	0	0	0	0	0	0	0	0	0	0	0	0	0	0	0	0	0	0	0	0	0	0	0	0	0	0	0	0	0	0	0	0	0	0	0	0	0	0	0	0	0	0	0	0	0	0	0	0	0	0	0	0	0	0	0	0	0	0	0	0.507	61.014	0	0	0	0	1.902	0	0	0	0	0	0	0	0	9.174	0	0	0.321	0	0	0	0	0	0	0	0	0	0.157	0	0	0	0	0	0	0	0
2005	EAST	701.123	0	0	0.014	0	0	0	0	0	0	0	0	0	5.964	0	0	0	0	0	0	0	0	0	0	0	0	0.753	0	0	0	0	0	17.871	0	0	0	0	0	0	0	0	209.446	0	0	0	0	0	0	0	0	0	0	0	2.562	394.118	0	0	0	0	0	0	0	0	0.123	40.846	0	0	0	0	2.326	0	0	0.012	0	0	0	0	1.411	25.342	0	0	0.085	0	0	0	0	0	0	0	0	0	0	0	0	0	0	0	0	0.25	0
2006	EAST	57.629	0	0	0	0	0	0	0	0	0	0	0	0	0	0	0	0	0	0	0	0	0	0	0	0	0	0	0	0	0	0	0	0	0	0	0	0	0	0	0	0	0	0	0	0	0	0	0	0	0	0	0	0	0	0	0	0	0	0	0	0	0	0	0	57.629	0	0	0	0	0	0	0	0	0	0	0	0	0	0	0	0	0	0	0	0	0	0	0	0	0	0	0	0	0	0	0	0	0	0	0
2007	EAST	331.759	0	0	2.285	0	0	0	0	0	0	0	0	0	0.755	0	0	0	0	0	0	0	0	0	0	0	0	0	0	0	0	0	0	0	0	0	0	0	0	0	0	0	0.786	0	0	0	0	0	0	0	0	0	0	53.477	4.205	54.235	0	0	0	0	0	0	0.685	0	9.98	119.113	0	0	0	0	7.27	0.017	0	0	0	0	0	0	0	71.693	0	0	6.99	0	0	0	0.254	0	0	0	0.014	0	0	0	0	0	0	0	0	0	0
2008	EAST	89.691	0	0	0	0	0	0	0	0	0	0	0	0	0	0	0	0	0	0	0	0	0	0	0	0	0	0	0	0	0	0	0	0	0	0	0	0	0	0	0	0	0	0	0	0	0	0	0	0	0	0	0	0	0	0	0	0	0	0	0	0	0	0	0	89.691	0	0	0	0	0	0	0	0	0	0	0	0	0	0	0	0	0	0	0	0	0	0	0	0	0	0	0	0	0	0	0	0	0	0	0
1989	EAST1	259.782	0	0	0.027	0	0	0	0	0	0	0	0	0	0	0	0	0	0	0	0	0	0	0	0	0	0	0	0	0	0	0	0	0	0	0	0	0	0	0.393	0	0	0	0	0	0	0	161.804	0	0	0	0	0	0	0	0	0	0	0	0	0	0	0	0	5.085	60.888	0	0	0	0	8.614	0	0	0	0	0	0	0	0	22.959	0	0	0.012	0	0	0	0	0	0	0	0	0	0	0	0	0	0	0	0	0	0
1990	EAST1	97.575	0	0	0	0	0	0	0	0	0	0	0	0	0	0	0	0	0	0	0	0	0	0	0	0	0	0	0	0	0	0	0	0	0	0	0	0	0	0	0	0	0	0	0	0	0	50.9	0	0	0	0	0	0	0	0	0	0	0	0	0	0	0	0	1.87	25.862	0	0	0	0	0.237	0	0	0	0	0	0	0	0	18.706	0	0	0	0	0	0	0	0	0	0	0	0	0	0	0	0	0	0	0	0	0
1991	EAST1	129.047	0	0	0	0	0	0	0	0	0	0	0	0	0	0	0	0	0	0	0	0	0	0	0	0	0	0	0	0	0	0	0	0	0	0	0	0	0	1.965	0	0	3.211	0	0	0	0	50.396	0	0	0	0	0	0	0.06	0.086	0	0	0	0	0	0	0	0	3.297	55.149	0	0	0	0	0.714	0	0	0	0	0	0	0	0	14.169	0	0	0	0	0	0	0	0	0	0	0	0	0	0	0	0	0	0	0	0	0
1992	EAST1	392.865	0	0	3.998	0	0	0	0	0	0	0	0	0	0	0	0	0	0	0	0	0	0	0	0	0	0	0	0	0	0	0	0	0.059	0	0	0	0	0	24.68	0	0	53.648	0	0	0	0	218.425	0	0	0	0	0	0	1.651	0.415	0	0	0	0	0	0	0	0	8.716	48.888	0	0	0	0	8.183	0	0	0	0	0	0	0	0	19.815	0	0	3.533	0	0	0	0.681	0	0	0	0.173	0	0	0	0	0	0	0	0	0	0
1993	EAST1	399.11	0	0	0.027	0	0	0	0	0	0	0	0	0	0	0	0	0	0	0	0	0	0	0	0	0	0	0	0	0	0	0	0	0	0	0.027	0	0	0	61.542	0	0	28.292	0	0	0	0	187.598	0	0	0	0	0	0	0.101	6.236	0	0	0	0	0	0	0	0	5.807	89.237	0	0	0	0	3.621	0	2.979	0	0	0	0	0	0	13.643	0	0	0	0	0	0	0	0	0	0	0	0	0	0	0	0	0	0	0	0	0
1994	EAST1	162.283	0	0	0	0	0	0	0	0	0	0	0	0	0	0	0	0	0	0	1.588	0	0	0	0	0	0	0	0	0	0	0	0	0	0	0	0	0	0	0	0	0	0	0	0	0	0	112.558	0	0	0	0	0	0	0	0	0	0	0	0	0	0	0	0	1.595	41.26	0	0	0	0	0	0	0	0	0	0	0	0	0	5.282	0	0	0	0	0	0	0	0	0	0	0	0	0	0	0	0	0	0	0	0	0
1995	EAST1	351.689	0	0	0.07	0	0	0	0	0	0	0	0	0	0.425	0	0	0	0	0	0.764	0	0	0	0	0	0	0	0	0	0	0	0	0.139	0	0	0	0	0	0	0	0	21.314	0	0	0	0	0	0	0	0	0	0	0	2.687	34.773	0	0	181.345	0	0	0	0	0	0.287	63.767	0	0	0	0	3.508	0	0	0	0	39.617	0	0	0	2.94	0	0	0	0	0	0	0.032	0	0	0	0.021	0	0	0	0	0	0	0	0	0	0
1996	EAST1	140.913	0	0	0	0	0	0	0	0	0	0	0	0	0	0	0	0	0	0	1.206	0	0	0	0	0	0	0	0	0	0	0	0	0	0	0	0	0	0	0	0	0	0	0	0	0	0	0	0	0	0	0	0	0	0	0	0	0	0	0	0	0	0	0	0.183	78.771	0	0	0	0	0	0	0	0	0	58.511	0	0	0	2.242	0	0	0	0	0	0	0	0	0	0	0	0	0	0	0	0	0	0	0	0	0
1997	EAST1	90.456	0	0	0.027	0	0	0	0	0	0	0	0	0	0	0	0	0	0	0	0.412	0	0	0	0	0	0	0	0	0	0	0	0.629	0	0	0	0	0	0	0	0	0	0	0	0	0	0	0	0	0	0	0	0	0	0	0	0	0	0	0	0	0	0	0	0.52	38.888	0	0	0	0	0.851	0	0	0	0	38.505	0	0	0	9.539	0	0	0.888	0	0	0	0	0	0	0	0	0	0.197	0	0	0	0	0	0	0	0
1998	EAST1	33.697	0	0	0.002	0	0	0	0	0	0	0	0	0	0	0	0	0	0	0	0	0	0	0	0	0	0	0	0	0	0	0	6.288	0	0	0	0	0	0	0	0	0	0	0	0	0	0	0	0	0	0	0	0	0	0	0	0	0	0	0	0	0	0	0	1.284	14.106	0	0	0	0	1.523	0	0	0	0	3.79	0	0	0	6.704	0	0	0	0	0	0	0	0	0	0	0	0	0	0	0	0	0	0	0	0	0
1999	EAST1	69.25	0	0	0.009	0	0	0	0	0	0	0	0	0	0	0	0	0	0	0	9.232	0	0	0	0	0	0	0	0	0	0	0	0.786	0	0	0	0	0	0	0	0	0	5.521	0	0	0	0	0	0	0	0	0	0	0	0	0	0	0	0	0	0	0	0	0	0.76	40.76	0	0	0	0	1.181	0	0	0	0	5.924	0	0	0	5.077	0	0	0	0	0	0	0	0	0	0	0	0	0	0	0	0	0	0	0	0	0
2000	EAST1	188.291	0	0	0	0	0	0	0	0	0	0	0	0	0	0	0	0	0	0	157.068	0	0	0	0	0	0	0	0	0	0	0	0	0	0	0	0	0	0	0	0	0	0	0	0	0	0	0	0	0	0	0	0	0	0	0	0	0	0	0	0	0	0	0	0	31.217	0	0	0	0	0	0	0	0	0	0	0	0	0	0.006	0	0	0	0	0	0	0	0	0	0	0	0	0	0	0	0	0	0	0	0	0
2001	EAST1	87.595	0	0	0	0	0	0	0	0	0	0	0	0	0	0	0	0	0	0	0	0	0	0	0	0	0	0	0	0	0	0	0	0.162	0	0	0	0	0	0	0	0	2.687	0	0	0	0	0	0	0	0	0	0	0	0	0.933	0	0	0	0	0	0	0	0	0.389	42.961	0	0	0	0	2.442	0	0	0	0	35.762	0	0	0	2.197	0	0	0.062	0	0	0	0	0	0	0	0	0	0	0	0	0	0	0	0	0	0
2002	EAST1	29.574	0	0	0	0	0	0	0	0	0	0	0	0	0	0	0	0	0	0	0	0	0	0	0	0	0	0	0	0	0	0	0	0	0	0	0	0	0	0	0	0	0	0	0	0	0	0	0	0	0	0	0	0	0	0	0	0	0	0	0	0	0	0	0	29.48	0	0	0	0	0	0	0	0	0	0	0	0	0	0.094	0	0	0	0	0	0	0	0	0	0	0	0	0	0	0	0	0	0	0	0	0
2003	EAST1	115.67	0	0	0.163	0	0	0	0	0	0	0	0	0	0.159	0	0	0	0	0	0	0	0	0	0	0	0	1.506	0	0	0	0	0	0	0	0	0	0	0	0	0	0	0.208	0	0	0	0	0	0	0	0	0	0	0	0	31.599	0	0	0	0	0	0	0	0	0.133	54.339	0	0	0	0	2.859	0	0	0	0	20.541	0	0	0	2.337	0	0	0	0	0	0	0	0	1.826	0	0	0	0	0	0	0	0	0	0	0	0
2004	EAST1	132.604	0	0	0.16	0	0	0	0	0	0	0	0	0	0	0	0	0	0	0	0	0	0	0	0	0	0	0	0	0	0	0	0	0	0	0	0	0	0	0	0	0	0.066	0	0	0	0	0	0	0	0	0	0	0	0	0	0	0	0	0	0	0	0	0	0.759	31.026	0	0	0	0	5.376	0	0	0	0	89.984	0	0	0	4.93	0	0	0	0	0	0	0	0	0	0	0	0	0.287	0	0.016	0	0	0	0	0	0
2005	EAST1	704.469	0.569	0	0	0	0	0	0	0	0	0	0	0	2.385	0	0	0	0	0	0	0	0	0	0	0	0	3.012	0	0	0	0	0	13.461	0	0	0	0	0	0	0	0	26.521	0	0	0	0	0	0	0	0	0	0	0	4.565	552.339	0	0	0	0	0	0	0	0	0.062	14.795	0.18	0	0	0	4.236	0	0	0	0	70.001	0	0	0	9.192	0	0	0	0	0	0	0	0	3.151	0	0	0	0	0	0	0	0	0	0	0	0
2006	EAST1	34.01	0	0	0	0	0	0	0	0	0	0	0	0	0	0	0	0	0	0	0	0	0	0	0	0	0	0	0	0	0	0	0	0	0	0	0	0	0	0	0	0	0	0	0	0	0	0	0	0	0	0	0	0	0	0	0	0	0	0	0	0	0	0	0	34.01	0	0	0	0	0	0	0	0	0	0	0	0	0	0	0	0	0	0	0	0	0	0	0	0	0	0	0	0	0	0	0	0	0	0	0
2007	EAST1	531.233	0	0	0.308	0	0	0	0	0	0	0	0	0	0	0	0	0	0	0	0	0	0	0	0.561	0	0	1.506	0	0	0	0	0	0	0	0	0.161	0	0	0	0	0	46.105	0	0	0	0	0	0	0	0	0	0	0	6.548	55.101	0	0	0	0	0	0	0	0	8.95	156.727	0.178	0	0	0	5.148	0	0	0	0	212.266	0	0	0	33.888	0	0	0	0	0	0	0.386	0	3.232	0	0.168	0	0	0	0	0	0	0	0	0	0
2008	EAST1	225.064	0	0	0	0	0	0	0	0	0	0	0	0	0	0	0	0	0	0	0	0	0	0	0	0	0	0	0	0	0	0	0	0	0	0	0	0	0	0	0	0	0	0	0	0	0	0	0	0	0	0	0	0	0	0	0	0	0	0	0	0	0	0	0	225.064	0	0	0	0	0	0	0	0	0	0	0	0	0	0	0	0	0	0	0	0	0	0	0	0	0	0	0	0	0	0	0	0	0	0	0
1989	EAST2	179.84	0	0	0.014	0	0	0	0	0	0	0	0	0	0	0	0	0	0	0	4.704	0	0	0	0	0	0	0	0	0	0	0	0	0	0	0	0	0	0	0	0	0	0.011	0	0	0	0	131.81	0	0	0	0	0	0	0	0	0	0	0	0	0	0	0	0	4.685	8.889	0	0	0	0	6.368	0	0	0	0	0	0	0	0	17.911	0	0	0.084	0	0	0	5.364	0	0	0	0	0	0	0	0	0	0	0	0	0	0
1990	EAST2	59.112	0	0	0	0	0	0	0	0	0	0	0	0	0	0	0	0	0	0	14.172	0	0	0	0	0	0	0	0	0	0	0	0	0	0	0	0	0	0	0	0	0	0	0	0	0	0	27.688	0	0	0	0	0	0	0	0	0	0	0	0	0	0	0	0	3.249	0	0	0	0	0	0.326	0	0	0	0	0	0	0	0	12.997	0	0	0	0	0	0	0.68	0	0	0	0	0	0	0	0	0	0	0	0	0	0
1991	EAST2	135.151	0	0	0	0	0	0	0	0	0	0	0	0	0	0	0	0	0	0	53.336	0	0	0	0	0	0	0	0	0	0	0	0	0	0	0	0	0	0	0	0	0	1.519	0	0	0	0	40.939	0	0	0	0	0	0	0.06	0.057	0	0	0	0	0	0	0	0	6.62	15.83	0	0	0	0	0.786	0	0	0	0	0	0	0	0	13.825	0	0	0	0	0	0	2.179	0	0	0	0	0	0	0	0	0	0	0	0	0	0
1992	EAST2	420.84	0	0	2.707	0	0	0	0	0	0	0	0	0	0	0	0	0	12.502	0	63.539	0	0	0	0	0	0	0	0	0	0	0	0	0	0	0	0	0	0	0	0	0	20.153	0	0	0	0	189.93	0	0	0	0	0	0	1.244	9.292	0	0	0	0	0	0	0	0	8.872	10.793	0	0	0	0	12.392	0	0	0	0	0	0	0	0	21.197	0	0	21.943	0	0	0	46.276	0	0	0	0	0	0	0	0	0	0	0	0	0	0
1993	EAST2	209.854	0	0	0.025	0	0	0	0	0	0	0	0	0	0	0	0	0	0	0	25.022	0	0	0	0	0	0	0	0	0	0	0	0	0	0	0	0	0	0	0	0.017	0	37.43	0	0	0	0	113.173	0	0	0	0	0	0	0	3.073	0	0	0	0	0	0	0	0	4.226	0.716	0	0	0	0	7.092	0	2.847	0	0	0	0	0	0	12.787	0	0	0.106	0	0	0	3.125	0.058	0	0	0	0	0	0.157	0	0	0	0	0	0	0
1994	EAST2	161.547	0	0	0	0	0	0	0	0	0	0	0	0	0	0	0	0	0	0	67.502	0	0	0	0	0	0	0	0	0	0	0	0	0	0	0	0	0	0	0	0	0	0	0	0	0	0	79.913	0	0	0	0	0	0	0	0	0	0	0	0	0	0	0	0	1.596	10.523	0	0	0	0	0	0	0	0	0	0	0	0	0	1.963	0	0	0	0	0	0.03	0.02	0	0	0	0	0	0	0	0	0	0	0	0	0	0
1995	EAST2	279.949	0	0	0	0	0	0	0	0	0	0	0	0	0.053	0	0	0	0.053	0	70.448	0	0	0.002	0	0	0	0	0	0	0	0	0	2.793	0	0	0	0	0	0	0	0	51.352	0	0	0	0	0	0	0	0	0	0	0	7.511	83.173	0	0	0	0	0	0	0	0	0.709	6.095	0	0	0	0	6.593	0.169	0	0	0	38.132	0	0	0	7.549	0	0	0.149	0	0	0	5.168	0	0	0	0	0	0	0	0	0	0	0	0	0	0
1996	EAST2	94.38	0	0	0	0	0	0	0	0	0	0	0	0	0	0	0	0	0	0	0	0	0	0	0	0	0	0	0	0	0	0	0	0	0	0	0	0	0	0	0	0	0	0	0	0	0	0	0	0	0	0	0	0	0	0	0	0	0	0	0	0	0	0	0.313	8.268	0	0	0	0	0	0	0	0	0	77.992	0	0	0	7.807	0	0	0	0	0	0	0	0	0	0	0	0	0	0	0	0	0	0	0	0	0
1997	EAST2	142.056	0	0	0.05	0	0	0	0	0	0	0	0	0	0	0	0	0	0	0	72.33	0	0	0	0	0	0	0	0	0	0	0	0	0	0	0	0	0	0	0	0	0	0	0	0	0	0	0	0	0	0	0	0	0.042	0	0	0	0	0	0	0	0	0	0	0.779	6.449	0	0	0	0	0.543	0	0	0	0	47.754	0	0	0	13.139	0	0	0.222	0	0	0.174	0.553	0	0	0	0	0	0.021	0	0	0	0	0	0	0	0
1998	EAST2	165.372	0	0	0.002	0	0	0	0	0	0	0	0	0	0	0	0	0	0	0	125.784	0	0	0	0	0	0	0	0	0	0	0	0	0	0	0	0	0	0	0	0	0	0	0	0	0	0	0	0	0	0	0	0	0	0	0	0	0	0	0	0	0	0	0	1.194	19.978	0	0	0	0	1.125	0	0	0	0	4.179	0	0	0	12.063	0	0	0	0	0	0	0.472	0.575	0	0	0	0	0	0	0	0	0	0	0	0	0
1999	EAST2	140.545	0	0	0	0	0	0	0	0	0	0	0	0	0	0	0	0	0.025	0	100.233	0	0	0	0	0	0	0	0	0	0	0	0	0	0	0	0	0	0	0	0	0	4.479	0	0	0	0	0	0	0	0	0	0	0	0	0	0	0	0	0	0	0	0	0	0.283	13.947	0	0	0	0	4.493	0	0	0	0	7.902	0	0	0	5.051	0	0	0.016	0	0	0	4.116	0	0	0	0	0	0	0	0	0	0	0	0	0	0
2000	EAST2	108.524	0	0	0	0	0	0	0	0	0	0	0	0	0	0	0	0	0	0	78.152	0	0	0	0	0	0	0	0	0	0	0	0	0	0	0	0	0	0	0	0	0	0	0	0	0	0	0	0	0	0	0	0	0	0	0	0	0	0	0	0	0	0	0	0	30.349	0	0	0	0	0	0	0	0	0	0.014	0	0	0	0.009	0	0	0	0	0	0	0	0	0	0	0	0	0	0	0	0	0	0	0	0	0
2001	EAST2	96.617	0	0	0	0	0	0.159	0	0	0	0	0	0	0	0	0	0	0	0	0	0	0	0	0	0	0	0	0	0	0	0	0	0	0	0	0	0	0	0	0	0	6.786	0	0	0	0	0	0	0	0	0	0	0.659	0	1.367	0.008	0	0	0	0	0	0	0	0.11	52.178	0	0	0	0	7.815	0	0	0	0	18.901	0	0	0	5.77	0	0	0.077	0	0	0	2.787	0	0	0	0	0	0	0	0	0	0	0	0	0	0
2002	EAST2	16.91	0	0	0	0	0	0	0	0	0	0	0	0	0	0	0	0	0	0	0	0	0	0	0	0	0	0	0	0	0	0	0	0	0	0	0	0	0	0	0	0	0	0	0	0	0	0	0	0	0	0	0	0	0	0	0	0	0	0	0	0	0	0	0	16.836	0	0	0	0	0	0	0	0	0	0.012	0	0	0	0.062	0	0	0	0	0	0	0	0	0	0	0	0	0	0	0	0	0	0	0	0	0
2003	EAST2	187.903	0	0	0.114	0	0	0	0	0	0	0	0	0	0	0	0	0	0	0	76.388	0	0	0	0	0	0	0	0	0.023	0	0	0	11.033	0	0	0	0	0	0	0	0	1.416	0	0	0	0	0	0	0	0	0	0	0	0	29.27	0.263	0	0	0	0	0	0	0	0.139	30.973	0	0	0	0	7.171	0	0	0	0	23.695	0	0	0	5.94	0	0	0	0	0	0	1.475	0	0	0	0	0	0.003	0	0	0	0	0	0	0	0
2004	EAST2	161.452	0	0	0.366	0	0	0	0	0	0	0	0	0	0	0	0	0	0	0	25.139	0	0	0	0	0	0	0	0	0.029	0	0	0	0	0	0	0	0	0	0	0	0	0.264	0	0	0	0	0	0	0	0	0	0	0	0	0	0	0.005	0	0	0	0	0	0	0.904	17.773	0	0	0	0	4.837	0	0	0	0	103.083	0	0	0	7.582	0	0	1.12	0	0	0	0	0	0	0	0	0	0.35	0	0	0	0	0	0	0	0
2005	EAST2	709.749	0	0	0.08	0	0	0	0	0	0	0	0	0	0	0	0	0	0	0	22.287	0	0	0	0	0.972	0	0	0	0.047	0	0	0	35.235	0	0	0	0	0	0	0	0	36.172	0	0	0	0	0	0	0	0	0	0	0	4.97	463.591	0	0	0	0	0	0	0	0	0.677	10.518	0	0	0	0	3.25	5.433	0	0	0	109.877	0	0	0	15.906	0	0	0.734	0	0	0	0	0	0	0	0	0	0	0	0	0	0	0	0	0	0
2006	EAST2	75.31	0	0	0	0	0	0	0	0	0	0	0	0	0	0	0	0	0	0	41.046	0	0	0	0	0	0	0	0	0	0	0	0	0	0	0	0	0	0	0	0	0	0	0	0	0	0	0	0	0	0	0	0	0	0	0	0	0	0	0	0	0	0	0	0	34.264	0	0	0	0	0	0	0	0	0	0	0	0	0	0	0	0	0	0	0	0	0	0	0	0	0	0	0	0	0	0	0	0	0	0	0
2007	EAST2	623.952	0	0	1.428	0	0	0	0	0	0	0	0	0	0	0	0	0	0	0	137.986	0	0	0	0.561	0	0	0	0	0.175	0	0	0	0	0	0	0	0	0	0	0	0	6.829	0	0	0	0	0	0	0	0	0	0	8.208	4.654	25.54	0	0	0	0	0	0	0	0	7.681	70.052	0.639	0	0	0	9.982	0	0	0	0	279.233	0	0	0	54.874	0	0	10.195	0	0	0.217	5.674	0	0	0	0	0	0.024	0	0	0	0	0	0	0	0
2008	EAST2	93.842	0	0	0	0	0	0	0	0	0	0	0	0	0	0	0	0	0	0	90.413	0	0	0	0	0	0	0	0	0	0	0	0	0	0	0	0	0	0	0	0	0	0	0	0	0	0	0	0	0	0	0	0	0	0	0	0	0	0	0	0	0	0	0	0	3.429	0	0	0	0	0	0	0	0	0	0	0	0	0	0	0	0	0	0	0	0	0	0	0	0	0	0	0	0	0	0	0	0	0	0	0
1989	EAST3	189.057	0	0	0	0	0	0	0	0	0	0	0	0	0	0	0	0	0	0	0	0	0	0	0	0	0	0	0	0	0	0	0	0	0	0	0	0	0	0	0	0	0.009	0	0	0	0	0	0	0	0	0	0	0	0	0	0	0	0	0	0	0	0	0	15.546	158.176	0	0	0	0	3.964	0	0	0	0	0	0	0	0	8.104	0	0	0.004	0	0	0	0.091	3.163	0	0	0	0	0	0	0	0	0	0	0	0	0
1990	EAST3	64.815	0	0	0	0	0	0	0	0	0	0	0	0	0	0	0	0	0	0	0	0	0	0	0	0	0	0	0	0	0	0	0	0	0	0	0	0	0	0	0	0	0	0	0	0	0	0	0	0	0	0	0	0	0	0	0	0	0	0	0	0	0	0	6.149	50.772	0	0	0	0	0.492	0	0	0	0	0	0	0	0	6.664	0	0	0	0	0	0	0.379	0.359	0	0	0	0	0	0	0	0	0	0	0	0	0
1991	EAST3	188.024	0	0	0	0	0	0	0	0	0	0	0	0	0	0	0	0	0	0	0	0	0	0	0	0	0	0	0	0	0	0	0	0	0	0	0	0	0	0	0	0	6.479	0	0	0	0	0	0	0	0	0	0	0	0.02	0.119	0	0	0	0	0	0	0	0	12.222	159.807	0	0	0	0	0.95	0	0	0	0	0	0	0	0	8.235	0	0	0	0	0	0	0.192	0	0	0	0	0	0	0	0	0	0	0	0	0	0
1992	EAST3	210.388	0	0	0	0	0	0	0	0	0	0	0	0	0	0	0	0	0	0	0	0	0	0.113	0	0	0	0	0	0	0	0	0	0	0	0.008	0	0	0	0	0	0	44.956	0	0	0	0	0	0	0	0	0	0	0	2.401	5.899	0	0	0	0	0	0	0	0	5.286	106.357	0	0	0	0	15.158	0	0	0	0	0	0	0	0	6.613	0	0	13.682	0	0	0	8.238	1.677	0	0	0	0	0	0	0	0	0	0	0	0	0
1993	EAST3	175.558	0	0	0	0	0	0	0	0	0	0	0	0	0	0	0	0	0	0	0	0	0	0.002	0	0	0	0	0	0	0	0	0	0.331	0	0.006	0	0	0	0	0	0	28.575	0	0	0	0	0	0	0	0	0	0	0	0.028	1.819	0	0	0	0	0	0	0	0	4.88	123.998	0	0	0	0	6.791	0	0	0	0	0	0	0	0	3.659	0	0	0.021	0	0	0	0.345	5.103	0	0	0	0	0	0	0	0	0	0	0	0	0
1994	EAST3	103.864	0	0	0	0	0	0	0	0	0	0	0	0	0	0	0	0	0	0	0	0	0	0	0	0	0	0	0	0	0	0	0	0	0	0	0	0	0	0	0	0	0	0	0	0	0	0	0	0	0	0	0	0	0	0	0	0	0	0	0	0	0	0	0.716	101.957	0	0	0	0	0.005	0	0	0	0	0	0	0	0	1.069	0	0	0	0	0	0.096	0.011	0	0	0	0.01	0	0	0	0	0	0	0	0	0	0
1995	EAST3	252.014	0	0	0	0	0	0	0	0	0	0	0	0	0	0	0.04	0	0	0	0	0.467	0	0.001	0	0	0	0	0	0	0.032	0	0	0.849	0	0	0	0	0	0	0	0	24.203	0	0	0	0	0	0	0	0	0	0	0	1.422	65.414	0	0	0	0	0	0	0	0	2.091	146.409	0	0	0	0	9.323	0.182	0.058	0	0	0	0	0	0	1.116	0	0	0.024	0	0	0.008	0.372	0	0	0	0.003	0	0	0	0	0	0	0	0	0	0
1996	EAST3	133.785	0	0	0	0	0	0	0	0	0	0	0	0	0	0	0	0	0	0	0	0	0	0	0	0	0	0	0	0	0	0	0	0	0	0	0	0	0	0	0	0	0	0	0	0	0	0	0	0	0	0	0	0	0	0	0	0	0	0	0	0	0	0	0.503	132.526	0	0	0	0	0	0	0	0	0	0	0	0	0	0.754	0	0	0	0	0	0	0	0	0	0	0.002	0	0	0	0	0	0	0	0	0	0
1997	EAST3	110.71	0	0	0	0	0	0	0	0	0	0	0	0	0	0	0	0	0	0	0	0	0	0	0	0	0	0	0	0	0	0	0	0	0	0	0	0	0	0	0	0	0	0	0	0	0	0	0	0	0	0	0	0.029	0	0	0	0	0	0	0	0	0	0	3.01	100.961	0	0	0	0	2.463	0	0	0	0	0	0	0	0	3.565	0	0	0.046	0	0	0	0.099	0.288	0	0	0	0	0.249	0	0	0	0	0	0	0	0
1998	EAST3	33.907	0	0	0	0	0	0	0	0	0	0	0	0	0	0	0	0	0	0	0	0	0	0	0	0	0	0	0	0	0	0	0	0	0	0	0	0	0	0	0	0	0	0	0	0	0	0	0	0	0	0	0	0	0	0	0	0	0	0	0	0	0	0	0.507	29.999	0	0	0	0	1.179	0	0	0	0	0	0	0	0	2.154	0	0	0	0	0	0.026	0.042	0	0	0	0	0	0	0	0	0	0	0	0	0	0
1999	EAST3	92.946	0	0	0	0	0	0	0	0	0	0	0	0	0	0	0	0	0	0	0	0	0	0	0	0	0	0	0	0	0	0	0	0	0	0	0	0	0	0	0	0	7.093	0	0	0	0	0	0	0	0	0	0	0	0	0	0	0	0	0	0	0	0	0	2.073	79.041	0	0	0	0	2.468	0	0	0	0	0	0	0	0	2.136	0	0	0.015	0	0	0.043	0.063	0	0	0	0	0	0.014	0	0	0	0	0	0	0	0
2000	EAST3	88.315	0	0	0	0	0	0	0	0	0	0	0	0	0	0	0	0	0	0	0	0	0	0	0	0	0	0	0	0	0	0	0	0	0	0	0	0	0	0	0	0	0	0	0	0	0	0	0	0	0	0	0	0	0	0	0	0	0	0	0	0	0	0	0	88.315	0	0	0	0	0	0	0	0	0	0	0	0	0	0	0	0	0	0	0	0	0	0	0	0	0	0	0	0	0	0	0	0	0	0	0
2001	EAST3	81.981	0	0	0	0	0	0	0	0	0	0	0	0	0	0	0	0	0.034	0	0	0	0	0	0	0	0	0	0	0	0	0	0	0	0	0	0	0	0	0	0	0	3.939	0	0	0	0	0	0	0	0	0	0	0	0	0	0.011	0	0	0	0	0	0	0	0.907	62.983	0	0	0	0	12.923	0	0	0	0	0	0	0	0	0.847	0	0	0	0	0	0.261	0.059	0	0	0	0	0	0.017	0	0	0	0	0	0	0	0
2002	EAST3	64.153	0	0	0	0	0	0	0	0	0	0	0	0	0	0	0	0	0	0	0	0	0	0	0	0	0	0	0	0	0	0	0	0	0	0	0	0	0	0	0	0	0	0	0	0	0	0	0	0	0	0	0	0	0	0	0	0	0	0	0	0	0	0	0.002	64.094	0	0	0	0	0	0	0	0	0	0	0	0	0	0.036	0	0	0	0	0	0	0	0	0	0	0	0	0.021	0	0	0	0	0	0	0	0
2003	EAST3	138.784	0	0	0	0	0	0	0	0	0	0	0	0	0	0	0	0	0	0	0	0	0	0.008	0	0	0	0	0	0	0	0	0	1.152	0	0	0	0	0	0	0	0	5.563	0	0	0	0	0	0	0	0	0	0	0	0	2.44	0	0	0	0	0	0	0	0	1.155	117.258	0	0	0	0	9.413	0	0	0	0	0	0	0	0	1.784	0	0	0.008	0	0	0	0	0	0	0	0	0	0.003	0	0	0	0	0	0	0	0
2004	EAST3	117.882	0	0	0	0	0	0	0	0	0	0	0	0	0	0	0	0	0	0	0	0	0	0	0	0	0	0	0	0	0	0	0	0	0	0	0	0	0	0	0	0	0.026	0	0	0	0	0	0	0	0	0	0	0	0	0	0	0	0	0	0	0	0	0	1.449	105.396	0	0	0	0	9.537	0	0	0	0	0	0	0	0	1.439	0	0	0	0	0	0	0	0	0	0	0	0	0.035	0	0	0	0	0	0	0	0
2005	EAST3	813.735	0	0	0	0	0	0	0	0	0	0	0	0	0	0	0	0	0	0	0	0	0	0	0	0	0	0	0	0	0	0	0	31.036	0	0	0	0	0	0	0	0	24.056	0	0	0	0	0	0	0	0	0	0	0	9.245	669.569	0	0	0	0	0	0	0	0	4.659	66.56	0	0	0	0	5.734	0	0	0	0	0	0	0	0	2.496	0	0	0	0	0	0	0.363	0	0	0	0	0	0.017	0	0	0	0	0	0	0	0
2006	EAST3	75.342	0	0	0	0	0	0	0	0	0	0	0	0	0	0	0	0	0	0	0	0	0	0	0	0	0	0	0	0	0	0	0	0	0	0	0	0	0	0	0	0	0	0	0	0	0	0	0	0	0	0	0	0	0	0	0	0	0	0	0	0	0	0	0	75.342	0	0	0	0	0	0	0	0	0	0	0	0	0	0	0	0	0	0	0	0	0	0	0	0	0	0	0	0	0	0	0	0	0	0	0
2007	EAST3	341.115	0	0	0	0	0	0	0	0	0	0	0	0	0	0	0	0	0	0	0	0	0	0	0.232	0	0	0	0	0	0	0	0.629	0	0	0	0	0	0	0	0	0	13.562	0	0	0	0	0	0	0	0	0	0	23.697	0	24.361	0	0	0	0	0	0	0	0	9.422	226.257	0.284	0	0	0	14.368	0	0	0	0	0	0	0	0	19.732	0	0	0.965	0	0	0.478	6.97	0	0	0	0.158	0	0	0	0	0	0	0	0	0	0
2008	EAST3	109.511	0	0	0	0	0	0	0	0	0	0	0	0	0	0	0	0	0	0	0	0	0	0	0	0	0	0	0	0	0	0	0	0	0	0	0	0	0	0	0	0	0	0	0	0	0	0	0	0	0	0	0	0	0	0	0	0	0	0	0	0	0	0	0	109.511	0	0	0	0	0	0	0	0	0	0	0	0	0	0	0	0	0	0	0	0	0	0	0	0	0	0	0	0	0	0	0	0	0	0	0
1989	EAST4	222.299	0	0	0.005	0	0	0	0	0	0	0	0	0.031	0	0	0	0	0.008	0	1.294	0	0	0	0	0	0	0	0	0	0	0	0	0	0	0	0	0	0	0	0	0	0	0	0	0	0	0	0	0	0	0	0	0	0.003	0	0	0	0	0	0	0	0	0	6.398	190.388	0	0	0	0	2.882	0	0	0	0	0	0	0	0	20.359	0	0	0	0	0	0	0.931	0	0	0	0	0	0	0	0	0	0	0	0	0	0
1990	EAST4	114.225	0	0	0	0	0	0	0	0	0	0	0	0	0	0	0	0	0	0	3.822	0	0	0	0	0	0	0	0	0	0	0	0	0	0	0	0	0	0	0	0	0	0	0	0	0	0	0	0	0	0	0	0	0	0	0	0	0	0	0	0	0	0	0	4.717	93.924	0	0	0	0	0.573	0	0	0	0	0	0	0	0	10.719	0	0	0.017	0	0	0	0.453	0	0	0	0	0	0	0	0	0	0	0	0	0	0
1991	EAST4	154.166	0	0	0	0	0	0	0	0	0	0	0	0	0	0	0	0	0.008	0	19.994	0	0	0	0	0	0	0	0	0	0	0	0	0	0	0	0	0	0	0.016	0	0	0.21	0	0	0	0	0	0	0	0	0	0	0	0.045	0.679	0	0	0	0	0	0	0	0	3.917	118.897	0	0	0	0	0.449	0	0	0	0	0	0	0	0	9.636	0	0	0.002	0	0	0	0.313	0	0	0	0	0	0	0	0	0	0	0	0	0	0
1992	EAST4	259.83	0	0	6.728	0	0	0	0	0	0	0	0	0	0	0	3.446	0	0.47	0	31.284	0	0	0	0	0	0	0	0	0	0	0	0	0	0	0.063	0	0	0	2.358	0	0	20.726	0	0	0	0	0	0	0	0	0	0	0	3.602	0	0	0	0	0	0	0	0	0	4.818	136.675	0	0	0	0	12.498	0	0	0	0	0	0	0	0	10.561	0	0	14.347	0	0	0	12.254	0	0	0	0	0	0	0	0	0	0	0	0	0	0
1993	EAST4	172.666	0	0	0.014	0	0	0	0	0	0	0	0	0	0	0	0	0	0	0	24.386	0	0	0.007	0	0	0	0	0	0	0	0	0	0.354	0	0	0	0	0	0	0	0	19.875	0	0	0	0	0	0	0	0	0	0	0	0.013	4.249	0	0	0	0	0	0	0	0	2.449	108.4	0	0	0	0	4.509	0	0	0	0	0	0	0	0	5.274	0	0	0.041	0	0	0	3.079	0	0	0	0	0	0	0	0.016	0	0	0	0	0	0
1994	EAST4	172.235	0	0	0	0	0	0	0	0	0	0	0	0	0	0	0	0	0	0	29.226	0	0	0	0	0	0	0	0	0	0	0	0	0	0	0	0	0	0	0	0	0	0	0	0	0	0	0	0	0	0	0	0	0	0	0	0	0	0	0	0	0	0	0	1.394	139.151	0	0	0	0	0	0	0	0	0	0	0	0	0	2.464	0	0	0	0	0	0	0	0	0	0	0	0	0	0	0	0	0	0	0	0	0
1995	EAST4	287.109	0	0	0.021	0	0	0	0	0	0	0	0	0	0.08	0	0.053	0	0	0	34.93	0	0	0.014	0	0	0	0	0	0	0	0	0	0.239	0	0	0	0	0	0	0	0	30.292	0	0	1.15	0	0	0	0	0	0	0	0	1.312	19.159	0	0	0	0	0	0	0	0	0.153	186.493	0	0	0	0	5.179	0	0	0.133	0	0	0	0	0	2.506	0	0	0.026	0	0	0	5.369	0	0	0	0	0	0	0	0	0	0	0	0	0	0
1996	EAST4	159.545	0	0	0	0	0	0	0	0	0	0	0	0	0	0	0	0	0	0	6.175	0	0	0	0	0	0	0	0	0	0	0	0	0	0	0	0	0	0	0	0	0	0	0	0	0	0	0	0	0	0	0	0	0	0	0	0	0	0	0	0	0	0	0	0.044	151.299	0	0	0	0	0	0	0	0	0	0.61	0	0	0	1.417	0	0	0	0	0	0	0	0	0	0	0	0	0	0	0	0	0	0	0	0	0
1997	EAST4	133.944	0	0	0.048	0	0	0	0	0	0	0	0	0	0	0	0	0	0	0	17.206	0	0	0	0	0	0	0	0	0	0	0	1.886	0	0	0	0	0	0	0	0	0	0	0	0	0	0	0	0	0	0	0	0	0	0	0	0	0	0	0	0	0	0	0	0.205	106.542	0	0	0	0	1.731	0	0	0	0	1.372	0	0	0	4.904	0	0	0.023	0	0	0	0.027	0	0	0	0	0	0	0	0	0	0	0	0	0	0
1998	EAST4	140.508	0	0	0	0	0	0	0	0	0	0	0	0	0	0	0	0	0	0	37.047	0	0	0	0	0	0	0	0	0	0	0	2.751	0	0	0	0	0	0	0	0	0	0	0	0	0	0	0	0	0	0	0	0	0	0	0.141	0	0	0	0	0	0	0	0	0.067	96.236	0	0	0	0	1.039	0	0	0	0	0	0	0	0	3.153	0	0	0	0	0	0	0.074	0	0	0	0	0	0	0	0	0	0	0	0	0	0
1999	EAST4	167.045	0	0	0.023	0	0	0	0	0	0	0	0	0	0	0	0	0	0	0	20.641	0	0	0	0	0	0	0	0	0	0	0	10.611	0	0	0	0	0	0	0	0	0	2.295	0	0	0	0	0	0	0	0	0	0	0	0	0	0	0	0	0	0	0	0	0	0.041	124.876	0	0	0	0	5.855	0	0	0	0	0	0	0	0	1.901	0	0	0.008	0	0	0	0.794	0	0	0	0	0	0	0	0	0	0	0	0	0	0
2000	EAST4	181.259	0	0	0	0	0	0	0	0	0	0	0	0	0	0	0	0	0	0	68.625	0	0	0	0	0	0	0	0	0	0	0	0	0	0	0	0	0	0	0	0	0	0	0	0	0	0	0	0	0	0	0	0	0	0	0	0	0	0	0	0	0	0	0	0	112.633	0	0	0	0	0	0	0	0	0	0	0	0	0	0.001	0	0	0	0	0	0	0	0	0	0	0	0	0	0	0	0	0	0	0	0	0
2001	EAST4	154.797	0	0	0	0	0	0	0	0	0	0	0	0	0	0	0	0	0	0	0	0	0	0	0	0	0	0	0	0	0	0	1.651	0	0	0.031	0	0	0	0	0	0	1.959	0	0	0	0	0	0	0	0	0	0	0	0.06	2.648	0.11	0	0	0	0	0	0	0	0.198	140.463	0	0	0	0	6.528	0	0	0	0	0.412	0	0	0	0.701	0	0	0	0	0	0	0.036	0	0	0	0	0	0	0	0	0	0	0	0	0	0
2002	EAST4	124.775	0	0	0	0	0	0	0	0	0	0	0	0	0	0	0	0	0	0	16.995	0	0	0	0	0	0	0	0	0	0	0	0	0	0	0	0	0	0	0	0	0	0	0	0	0	0	0	0	0	0	0	0	0	0	0	0	0	0	0	0	0	0	0	0.017	107.755	0	0	0	0	0	0	0	0	0	0	0	0	0	0.008	0	0	0	0	0	0	0	0	0	0	0	0	0	0	0	0	0	0	0	0	0
2003	EAST4	229.357	0	0	0.103	0	0	0	0	0	0	0	0	0	0	0	0	0	0	0	12.467	0	0	0	0	0	0	0	0	0	0	0	0.943	19.06	0	0	0	0	0	0	0	0	7.48	0	0	0	0	0	0	0	0	0	0	0	0	34.068	0.491	0	0	0	0	0	0	0	0.246	139.574	0	0	0	0	9.9	3.857	0	0	0	0.338	0	0	0	0.827	0	0	0.003	0	0	0	0	0	0	0	0	0	0	0	0	0	0	0	0	0	0
2004	EAST4	158.35	0	0	1.519	0	0	0	0	0	0	0	0	0	0	0	0	0	0	0	2.611	0	0	0	0	0	0	0	0	0	0	0	0	0	0	0	0	0	0	0	0	0	4.162	0	0	0	0	0	0	0	0	0	0	0	0	0	0	0.631	0	0	0	0	0	0	0.201	139.416	0	0	0	0	7.825	0	0	0	0	1.047	0	0	0	0.646	0	0	0.251	0	0	0	0	0	0	0	0	0	0.006	0	0	0	0.035	0	0	0	0
2005	EAST4	764.411	0	0	0.365	0	0	0	0	0	0	0	0	0	18.819	0	0	0	0	0	5.639	0.467	0	0	0	0	0	0	0	0	0	0	0	27.408	0	0	0	0	0	0	0	0	14.771	0	0	0	0	0	0	0	0	0	0	0	4.266	590.323	0.94	0	0	0	0	0	0	0	0.25	84.909	0	0	0	0	7.562	0	4.147	0	0	2.011	0	0	0	2.472	0	0	0.008	0	0	0	0.054	0	0	0	0	0	0	0	0	0	0	0	0	0	0
2006	EAST4	148.172	0	0	0	0	0	0	0	0	0	0	0	0	0	0	0	0	0	0	21.434	0	0	0	0	0	0	0	0	0	0	0	0	0	0	0	0	0	0	0	0	0	0	0	0	0	0	0	0	0	0	0	0	0	0	0	0	0	0	0	0	0	0	0	0	126.738	0	0	0	0	0	0	0	0	0	0	0	0	0	0	0	0	0	0	0	0	0	0	0	0	0	0	0	0	0	0	0	0	0	0	0
2007	EAST4	436.561	0	0.013	0.121	0	0	0	0	0	0	0	0	0	0.066	0.053	0	0	0	0	31.314	0	0	0	0.297	0	0	0	0	0	0	0	15.012	0	0	0	0.139	0	0	0	0	0	59.996	0	0	1.15	0	0	0	0	0	0	0	0	0	18.744	0	0	0	0	0	0	0	0	6.542	253.886	0.696	0	0	0	13.601	0	0	0	0	12.103	0	0	0	9.914	0	0	10.37	0	0	2.544	0	0	0	0	0	0	0	0	0	0	0	0	0	0	0
2008	EAST4	160.786	0	0	0	0	0	0	0	0	0	0	0	0	0	0	0	0	0	0	53.042	0	0	0	0	0	0	0	0	0	0	0	0	0	0	0	0	0	0	0	0	0	0	0	0	0	0	0	0	0	0	0	0	0	0	0	0	0	0	0	0	0	0	0	0	107.744	0	0	0	0	0	0	0	0	0	0	0	0	0	0	0	0	0	0	0	0	0	0	0	0	0	0	0	0	0	0	0	0	0	0	0
1989	TAYL	48.358	0	0	0	0	0	0	0	0	0	0	0	0	0	0	0	0	0	0	0	0	0	0	0	0	0	0	0	0	0	0	0	0	0	0	0	0	0	0	0	0	0	0	0	0	0	0	0	0	0	0	0	0	0	0	0.002	0	0	0	0	0	0	0	0.016	0	0	0	0	0	0.588	0	0	0	0	0	0	0	0	47.711	0	0	0	0	0	0	0.041	0	0	0	0	0	0	0	0	0	0	0	0	0	0
1990	TAYL	61.786	0	0	0	0	0	0	0	0	0	0	0	0	0	0	0	0	0	0	0	0	0	0	0	0	0	0	0	0	0	0	0	0	0	0	0	0	0	0	0	0	0	0	0	0	0	0	0	0	0	0	0	0	0	0	0	0	0	0	0	0	0	0	0.681	1.913	0	0	0	0	0.367	0	0	0	0	0	0	0	0	58.733	0	0	0	0	0	0	0.092	0	0	0	0	0	0	0	0	0	0	0	0	0	0
1991	TAYL	46.737	0	0	0	0	0	0	0	0	0	0	0	0	0	0	0	0.027	0	0	0	0	0	0	0	0	0	0	0	0	0	0	0	0	0	0	0	0	0	0	0	0	0	0	0	0	0	0	0	0	0	0	0	0	0	0	0	0	0	0	0	0	0	0	0.205	5.021	0	0	0	0	0.109	0	0	0	0	0	0	0	0	41.152	0	0	0	0	0	0	0.223	0	0	0	0	0	0	0	0	0	0	0	0	0	0
1992	TAYL	78.013	0	0	0	0	0	0	0	0	0	0	0	0.467	0	0	0	0	0	0	0	0	0	0	0	0	0	0	0	0	0	0	0	0	0	0.004	0	0	0	0	0.127	0	0	0	0	0	0	0	0	0	0.254	0	0	0	0	0	0	0	0	0	0	0	0	0	0.296	22.753	0	0	0	0	3.846	0	0	0	0	0	0	0	0	33.838	0	0	0	0	0	0	16.376	0	0	0	0.052	0	0	0	0	0	0	0	0	0	0
1993	TAYL	33.708	0	0	0	0	0	0	0	0	0	0	0	0	0	0	0	0	0	0	0	0	0	0	0	0	0	0	0	0	0	0	0	0	0	0	0	0	0	0	0.483	0	0	0	0	0	0	0	0	0	0	0	0	0	0	0	0	0	0	0	0	0	0	0	0.32	7.75	0	0	0	0	1.126	0	0	0	0	0	0	0	0.439	22.401	0	0	0	0	0	0	1.189	0	0	0	0	0	0	0	0	0	0	0	0	0	0
1994	TAYL	19.182	0	0	0	0	0	0	0	0	0	0	0	0	0	0	0	0	0	0	0	0	0	0	0	0	0	0	0	0	0	0	0	0	0	0	0	0	0	0	0	0	0	0	0	0	0	0	0	0	0	0	0	0	0	0	0	0	0	0	0	0	0	0	0.012	9.942	0	0	0	0	0	0	0	0	0	0	0	0	0	9.228	0	0	0	0	0	0	0	0	0	0	0	0	0	0	0	0	0	0	0	0	0
1995	TAYL	73.777	0	0	0	0	0	0	0	0	0	0	0	0	0	0	0	0	0	0	0	0	0	0	0	0	0	0	0	0	0	0	0	0.05	0	0	0	0	0	0	1.645	0	0	0	0	0	0	0	0	0	0	0	0	0	0	0	0	0	0	0	0	0	0	0	0.049	43.234	0	0	0	0	0.968	0.033	0	0	0	0	0	0	0	27.548	0	0	0	0	0	0	0.25	0	0	0	0	0	0	0	0	0	0	0	0	0	0
1996	TAYL	37.455	0	0	0	0	0	0	0	0	0	0	0	0	0	0	0	0	0	0	0	0	0	0	0	0	0	0	0	0	0	0	0	0	0	0	0	0	0	0	0	0	0	0	0	0	0	0	0	0	0	0	0	0	0	0	0	0	0	0	0	0	0	0	0.144	19.725	0	0	0	0	0	0	0	0	0	0	0	0	0	17.559	0	0	0	0	0	0	0.027	0	0	0	0	0	0	0	0	0	0	0	0	0	0
1997	TAYL	82.754	0	0	0	0	0	0	0	0	0	0	0	0	0	0	0	0	0	0	0	0	0	0	0	0	0	0	0	0	0	0	0	0	0	0	0	0	0	0	0	0	0	0	0	0	0	0	0	0	0.615	0	0	0	0	0	0	0	0	0	0	0	0	0	0.021	29.088	0	0	0	0	1.937	0	0	0	0	0	0	0	0	47.313	0	0.492	0	0	0	0	3.132	0	0	0	0	0	0.156	0	0	0	0	0	0	0	0
1998	TAYL	36.1	0	0	0	0	0	0	0	0	0	0	0	0	0	0	0	0	0	0	0	0	0	0	0	0	0	0	0	0	0	0	0	0	0	0	0	0	0	0	0	0	0	0	0	0	0	0	0	0	0	0	0	0	0	0	0	0	0	0	0	0	0	0	0	24.387	0	0	4.667	0	0.08	0	0	0	0	0	0	0	0	6.771	0	0	0	0	0	0	0.195	0	0	0	0	0	0	0	0	0	0	0	0	0	0
1999	TAYL	26.378	0	0	0	0	0	0	0	0	0	0	0	0	0	0.08	0	0	0	0	0	0	0	0	0	0	0	0	0	0	0	0	0	0	0	0	0	0	0	0	0	0	0	0	0	0	0	0	0	0	0.027	0	0	0	0	0	0	0	0	0	0	0	0	0	0	14.692	0	0	0	0	0.58	0	0	0	0	0	0	0	0	9.973	0	0	0	0	0	0	1.026	0	0	0	0	0	0	0	0	0	0	0	0	0	0
2000	TAYL	12.215	0	0	0	0	0	0	0	0	0	0	0	0.062	0	0	0	0	0	0	0	0	0	0	0	0	0	0	0	0	0	0	0	0	0	0	0	0	0	0	0	0	0	0	0	0	0	0	0	0	0	0	0	0	0	0	0	0	0	0	0	0	0	0	0	12.153	0	0	0	0	0	0	0	0	0	0	0	0	0	0	0	0	0	0	0	0	0	0	0	0	0	0	0	0	0	0	0	0	0	0	0
2001	TAYL	22.108	0	0	0	0	0	0	0	0	0	0	0	0	0	0	0	0	0	0	0	0	0	0	0	0	0	0	0	0	0	0	0	0	0	0	0	0	0	0	0.008	0	0	0	0	0	0	0	0	0	0.053	0	0	0	0	0	0	0	0	0	0	0	0	0	0.14	17.493	0	0	0	0	0.111	0	0	0	0	0	0	0	0	4.053	0	0	0	0	0	0	0.25	0	0	0	0	0	0	0	0	0	0	0	0	0	0
2002	TAYL	13	0	0	0	0	0	0	0	0	0	0	0	0	0	0	0	0	0	0	0	0	0	0	0	0	0	0	0	0	0	0	0	0	0	0	0	0	0	0	0	0	0	0	0	0	0	0	0	0	0	0	0	0	0	0	0	0	0	0	0	0	0	0	0	12.931	0	0	0	0	0	0	0	0	0	0	0	0	0	0.069	0	0	0	0	0	0	0	0	0	0	0	0	0	0	0	0	0	0	0	0	0
2003	TAYL	45.264	0	0	0	0	0	0	0	0	0	0	0	0	0	0	0	0	0	0	0	0	0	0	0	0	0	0	0	0	0	0	0	0	0	0	0	0	0	0	0	0	0	0	0	0	0	0	0	0	0.018	0	0	0	0	0	0	0	0	0	0	0	0	0	0.009	35.385	0	0	0	0	0.584	0	0	0	0	0	0	0	0	9.041	0	0	0	0	0	0	0.227	0	0	0	0	0	0	0	0	0	0	0	0	0	0
2004	TAYL	12.354	0	0	0	0	0	0	0	0	0	0	0	0	0	0	0	0	0	0	0	0	0	0	0	0	0	0	0	0	0	0	0	0	0	0	0	0	0	0	0	0	0	0	0	0	0	0	0	0	0.049	0	0	0	0	0	0	0	0	0	0	0	0	0	0	3.813	0	0	0	0	0.569	0	0	0	0	0	0	0	0	7.902	0	0	0	0	0	0	0	0	0	0	0	0	0.021	0	0	0	0	0	0	0	0
2005	TAYL	52.48	0	0	0	0	0	0	0	0	0	0	0	0.002	0	0	0	0	0	0	0	0	0.03	0	0	0	0	0	0	0	0	0	0	11.211	0	0	0	0	0	0	0	0	0	0	0	0	0	0	0	0	0.566	0	0	0	0	0	0	0	0	0	0	0	0	0	0	7.77	0	0	0	0	0.742	0	0	0.008	0	0	0	0	0	21.888	0	0	0	0	0	0	10.253	0	0	0	0	0	0.01	0	0	0	0	0	0	0	0
2006	TAYL	12.194	0	0	0	0	0	0	0	0	0	0	0	0	0	0	0	0	0	0	0	0	0	0	0	0	0	0	0	0	0	0	0	0	0	0	0	0	0	0	0	0	0	0	0	0	0	0	0	0	0	0	0	0	0	0	0	0	0	0	0	0	0	0	0	12.194	0	0	0	0	0	0	0	0	0	0	0	0	0	0	0	0	0	0	0	0	0	0	0	0	0	0	0	0	0	0	0	0	0	0	0
2007	TAYL	206.85	0	0	0	0	0	0	0	0	0	0	0	30.326	1.59	0	0	0	0.034	0	0	0	0.237	0	64.558	0	0	0	0	0	0	0	0	0	0	0	0.526	0	0	0	0	0	0	0	0	0	0	0	0	0	0.508	0	0	0	0	0	0	0	0	0	0	0	0	0	1.107	17.333	0	0	0	0	1.245	1.617	0	0	0	0	0	0	0	61.24	0	0	0	0	0	0	26.515	0	0	0	0.014	0	0	0	0	0	0	0	0	0	0
2008	TAYL	-99	-99	-99	-99	-99	-99	-99	-99	-99	-99	-99	-99	-99	-99	-99	-99	-99	-99	-99	-99	-99	-99	-99	-99	-99	-99	-99	-99	-99	-99	-99	-99	-99	-99	-99	-99	-99	-99	-99	-99	-99	-99	-99	-99	-99	-99	-99	-99	-99	-99	-99	-99	-99	-99	-99	-99	-99	-99	-99	-99	-99	-99	-99	-99	-99	-99	-99	-99	-99	-99	-99	-99	-99	-99	-99	-99	-99	-99	-99	-99	-99	-99	-99	-99	-99	-99	-99	-99	-99	-99	-99	-99	-99	-99	-99	-99	-99	-99	-99	-99
1989	TAYL1	101.607	0	0	0	0	0	0	0	0	0	0	0	0	0	0	0	0	0	0	0	0	0	0	0	0	0	0	0	0	0	0	0	0	0	0	0	0	0	0	0	0	0	0	0	0	0	0	0	0	0	0	0	0	0	0	0.246	0	0	0	0	0	0	0	1.334	71.647	0	0	0	0	0.377	0	0	0	0	0	0	0	0	27.646	0	0	0	0	0	0	0.357	0	0	0	0	0	0	0	0	0	0	0	0	0	0
1990	TAYL1	28.912	0	0	0	0	0	0	0	0	0	0	0	0	0	0	0	0	0	0	0	0	0	0	0	0	0	0	0	0	0	0	0	0	0	0	0	0	0	0	0	0	0	0	0	0	0	0	0	0	0	0	0	0.293	0	0	0	0	0	0	0	0	0	0	0.574	0	0	0	0	0	0.51	0	0	0	0	0	0	0	0	27.497	0	0	0	0	0	0	0.036	0	0	0	0.002	0	0	0	0	0	0	0	0	0	0
1991	TAYL1	106.523	0	0	0	0	0	0	0	0	0	0	0	0	0	0	0	0	0	0	0	0	0	0	0	0	0	0	0	0	0	0	0	0	0	0	0	0	0	0.018	0.002	0	0	0	0	0	0	0	0	0	0	0	0	0.002	0	0	0	0	0	0	0	0	0	0	0.923	74.237	0	0	0	0	0.064	0	0	0	0	0	0	0	0	31.268	0	0	0	0	0	0	0.009	0	0	0	0	0	0	0	0	0	0	0	0	0	0
1992	TAYL1	198.891	0	0	0	0	0	0	0	0	0	0	0	0	0	0	0	0	0	0	0	0	0	0	0	0	0	0	0	0	0	0	0	0	0	0	0	0	0	5.268	19.807	0	0	0	0	0	0	0	0	0	0	0	0	0	0	0	0	0	0	0	0	0	0	0	2.322	127.114	0	0	2.333	0	3.387	0	0	0	0	0	0	0	0	34.312	0	0	0	0	0	0	4.303	0	0	0	0.045	0	0	0	0	0	0	0	0	0	0
1993	TAYL1	62.949	0	0	0	0	0	0	0	0	0	0	0	0	0	0	0	0	0	0	0	0	0	0	0	0	0	0	0	0	0	0	0	0	0	0	0	0	0	5.268	1.928	0	0	0	0	0	0	0	0	0	0	0	0	0	0	0	0	0	0	0	0	0	0	0	1.616	23.351	0	0	4.667	0	2.041	0	0	0	0	0	0	0	0.117	23.961	0	0	0	0	0	0	0	0	0	0	0	0	0	0	0	0	0	0	0	0	0
1994	TAYL1	54.951	0	0	0	0	0	0	0	0	0	0	0	0	0	0	0	0	0	0	0	0	0	0	0	0	0	0	0	0	0	0	0	0	0	0	0	0	0	1.756	0	0	0	0	0	0	0	0	0	0	0	0	0	0	0	0	0	0	0	0	0	0	0	0	0.657	46.622	0	0	0	0	0	0	0	0	0	0	0	0	0	5.722	0	0	0	0.194	0	0	0	0	0	0	0	0	0	0	0	0	0	0	0	0	0
1995	TAYL1	101.993	0	0	0	0	0	0	0	0	0	0	0	0	0	0	0.04	0	0	0	0	0	0	0	0	0	0	0	0	0	0	0	0	0.467	0	0.02	0	0	0	0	2.255	0	0	0	0	0	0	0	0	0	0	0	0	0	0	0	0	0	0	0	0	0	0	0	0.529	81.29	0	0	2.333	0	1.423	0.058	0	0	0	0	0	0	0.05	13.527	0	0	0	0	0	0	0	0	0	0	0.001	0	0	0	0	0	0	0	0	0	0
1996	TAYL1	73.128	0	0	0	0	0	0	0	0	0	0	0	0	0	0	0	0	0	0	0	0	0	0	0	0	0	0	0	0	0	0	0	0	0	0	0	0	0	0	0	0	0	0	0	0	0	0	0	0	0	0	0	0	0	0	0	0	0	0	0	0	0	0	0.167	63	0	0	0	0	0	0	0	0	0	0	0	0	0	9.961	0	0	0	0	0	0	0	0	0	0	0	0	0	0	0	0	0	0	0	0	0
1997	TAYL1	121.975	0	0	0	0	0	0	0	0	0	0	0	0	0	0	0	0	0	0	0	0	0	0	0	0	0	0	0	0	0	0	0	0	0	0	0	0	0	0	0	0	0	0	0	0	0	0	0	0	0	0	0	0.073	0	0	0	0	0	0	0	0	0	0	1.39	61.764	0	0	14	0	1.51	0	0	0	0	0	0	0	0	37.928	0	0	0	5.13	0	0	0	0	0	0	0	0	0.18	0	0	0	0	0	0	0	0
1998	TAYL1	38.827	0	0	0	0	0	0	0	0	0	0	0	0	0	0	0	0	0	0	0	0	0	0	0	0	0	0	0	0	0	0	0	0	0	0	0	0	0	0	0	0	0	0	0	0	0	0	0	0	0	0	0	0	0	0	0	0	0	0	0	0	0	0	0.271	16.677	0	0	18.666	0	0.257	0	0	0	0	0	0	0	0	2.797	0	0	0	0	0	0	0.159	0	0	0	0	0	0	0	0	0	0	0	0	0	0
1999	TAYL1	71.903	0	0	0	0	0	0	0	0	0	0	0	0.114	0	0	0	0	0	0	0	0	0	0	0	0	0	0	0	0	0	0	0	0.13	0	0.005	0	0	0	0	0.02	0	0	0	0	0	0	0	0	0	0	0	0	0	0	0	0	0	0	0	0	0	0	0	0	57.298	0	0	0	0	0.845	0	0	0	0	0	0	0	0	13.491	0	0	0	0	0	0	0	0	0	0	0	0	0	0	0	0	0	0	0	0	0
2000	TAYL1	8.522	0	0	0	0	0	0	0	0	0	0	0	0	0	0	0	0	0	0	0	0	0	0	0	0	0	0	0	0	0	0	0	0	0	0	0	0	0	0	0	0	0	0	0	0	0	0	0	0	0	0	0	0	0	0	0	0	0	0	0	0	0	0	0	8.52	0	0	0	0	0	0	0	0	0	0	0	0	0	0.002	0	0	0	0	0	0	0	0	0	0	0	0	0	0	0	0	0	0	0	0	0
2001	TAYL1	35.749	0	0	0	0	0	0	0	0	0	0	0	0	0	0	0	0	0	0	0	0	0	0	0	0	0	0	0	0	0	0	0	0.232	0	0	0	0	0	0	0.02	0	0	0	0	0	0	0	0	0	0	0	0	0	0	0	0	0	0	0	0	0	0	0	0	28.472	0	0	0	0	0.609	0	0	0	0	0	0	0	0	6.212	0	0	0	0	0	0	0.204	0	0	0	0	0	0	0	0	0	0	0	0	0	0
2002	TAYL1	25.713	0	0	0	0	0	0	0	0	0	0	0	0	0	0	0	0	0	0	0	0	0	0	0	0	0	0	0	0	0	0	0	0	0	0	0	0	0	0	0	0	0	0	0	0	0	0	0	0	0	0	0	0	0	0	0	0	0	0	0	0	0	0	0	25.598	0	0	0	0	0	0	0	0	0	0	0	0	0	0.115	0	0	0	0	0	0	0	0	0	0	0	0	0	0	0	0	0	0	0	0	0
2003	TAYL1	78.809	0	0	0	0	0	0	0	0	0	0	0	0	0	0	0	0	0	0	0	0	0	0	0	0	0	0	0	0	0	0	0	0	0	0	0	0	0	0	0	0	0	0	0	0	0	0	0	0	0	0	0	0	0	0	0	0	0	0	0	0	0	0	0.258	62.123	0	0	0	0	0.786	0	0	0	0	0	0	0	0	13.971	0	0	0	0	0	0	1.657	0	0	0	0	0	0.014	0	0	0	0	0	0	0	0
2004	TAYL1	15.743	0	0	0	0	0	0	0	0	0	0	0	0	0	0	0	0	0	0	0	0	0	0	0	0	0	0	0	0	0	0	0	0	0	0	0	0	0	0	0	0	0	0	0	0	0	0	0	0	0	0	0	0	0	0	0	0	0	0	0	0	0	0	0.11	3.282	0	0	0	0	1.465	0	0	0	0	0	0	0	0	10.717	0	0	0	0	0	0	0.1	0	0	0	0	0	0.069	0	0	0	0	0	0	0	0
2005	TAYL1	149.952	0	0	0	0	0	0	0	0	0	0	0	0	0.994	0	0	0	0	0	0	0	0.529	0	0	0	0	0	0	0	0	0	0	24.923	0	0.288	0	0	0	0	0	0	0	0	0	0	0	0	0	0	0	0	0	0	0	0	0	0	0	0	0	0	0	0	1.575	19.525	0	0	0	0	1.381	0	7.423	17.46	0	0	0	0	0	39.852	0	0	0	0.078	0	0	35.914	0	0	0	0	0	0.01	0	0	0	0	0	0	0	0
2007	TAYL1	495.586	0	0	0	0	0	0	0	0	0	0	0	27.522	0.037	0	0	0	0	0	0	0	0	0	164.122	0	0	0	0	0	0	0	4.39	0	0	0	2.511	0	0	0	29.398	0	0	0	0	0	0	0	0	0	0	0	0	27.19	0	0	0	0	0	0	0	0	0	0	6.354	70.929	0	0	0	0.333	3.283	10.742	0	11.613	0	0	0	0	0	60.811	0	0	0	0	0	0	76.264	0	0	0	0.087	0	0	0	0	0	0	0	0	0	0
2008	TAYL1	26.419	0	0	0	0	0	0	0	0	0	0	0	0	0	0	0	0	0	0	0	0	0	0	0	0	0	0	0	0	0	0	0	0	0	0	0	0	0	0	0	0	0	0	0	0	0	0	0	0	0	0	0	0	0	0	0	0	0	0	0	0	0	0	0	26.419	0	0	0	0	0	0	0	0	0	0	0	0	0	0	0	0	0	0	0	0	0	0	0	0	0	0	0	0	0	0	0	0	0	0	0
1989	TAYL2	42.981	0	0	0	0	0	0	0	0	0	0	0	0	0	0	0	0	0	0	0	0	0	0	0	0	0	0	0	0	0	0	0	0	0	0	0	0	0	0.263	0	0	0	0	0	0	0	0	0	0	0	0	0	0	0	0	0	0	0	0	0	0	0	0	2.998	0	0	0	0	0	0.092	0	0	0	0	0	0	0	0	36.507	0	0	0	2.715	0	0	0.198	0	0	0	0.208	0	0	0	0	0	0	0	0	0	0
1990	TAYL2	62.498	0	0	0	0	0	0	0	0	0	0	0	0	0	0	0	0	0	0	0	0	0	0	0	0	0	0	0	0	0	0	0	0	0	0	0	0	0	0.351	0	0	0	0	0	0	0	0	0	0	0	0	0	0	0	0	0	0	0	0	0	0	0	0	1.813	0	0	0	0	0	0.349	0	0	0	0	0	0	0	0	57.938	0	0	0	1.455	0	0	0.592	0	0	0	0	0	0	0	0	0	0	0	0	0	0
1991	TAYL2	82.217	0	0	0	0	0	0	0	0	0	0	0	0	0	0	0	0	0	0	0	0	0	0	0	0	0	0	0	0	0	0	0	0	0	0	0	0	0	0.351	1.353	0	0	0	0	0	0	0	0	0	0	0	0	0	0	0	0	0	0	0	0	0	0	0	3.117	0	0	0	0	0	0.055	0	0	0	0	0	0	0	0	74.686	0	0	0	2.546	0	0	0.109	0	0	0	0	0	0	0	0	0	0	0	0	0	0
1992	TAYL2	104.183	0	0	0	0	0	0	0	0	0	0	0	0	0	0	0	0	0.509	0	0	0	0	0	0	0	0	0	0	0	0	0	0	0	0	0.002	0	0	0	0	24.071	0	0	0	0	0	0	0	0	0	0	0	0	0	0	0	0	0	0	0	0	0	0	0	1.284	2.092	0	0	0	0	2.243	0	0	0	0	0	0	0	0	57.269	0	0	0	1.678	0	0	14.16	0	0.598	0	0.277	0	0	0	0	0	0	0	0	0	0
1993	TAYL2	77.085	0	0	0	0	0	0	0	0	0	0	0	0	0	0	0	0	0	0	0	0	0	0	0	0	0	0	0	0	0	0	0	0.573	0	0	0	0	0	0	0.833	0	0	0	0	0	0	0	0	0	0	0	0	0	0	0	0	0	0	0	0	0	0	0	0.964	9.205	0	0	0	0	0.292	0	0	0	0	0	0	0	0.462	58.292	0	0	0	2.788	0	0	3.676	0	0	0	0	0	0	0	0	0	0	0	0	0	0
1994	TAYL2	13.865	0	0	0	0	0	0	0	0	0	0	0	0	0	0	0	0	0	0	0	0	0	0	0	0	0	0	0	0	0	0	0	0	0	0	0	0	0	0	0	0	0	0	0	0	0	0	0	0	0	0	0	0	0	0	0	0	0	0	0	0	0	0	0.066	2.391	0	0	0	0	0	0	0	0	0	0	0	0	0	11.316	0	0	0	0.092	0	0	0	0	0	0	0	0	0	0	0	0	0	0	0	0	0
1995	TAYL2	50.952	0	0	0	0	0	0	0	0	0	0	0	0	0.106	0	0	0	0	0	0	0	0	0	0	0	0	0	0	0	0	0	0	1.333	0	0	0	0	0	0	2.358	0	0	0	0	0	0	0	0	0	0	0	0	0.059	0	0	0	0	0	0	0	0	0	0	0.509	3.188	0	0	0	0	0.225	0	0	0	0	0	0	0	0	40.355	0	0	0	0.926	0	0	1.893	0	0	0	0	0	0	0	0	0	0	0	0	0	0
1996	TAYL2	27.973	0	0	0	0	0	0	0	0	0	0	0	0	0	0	0	0	0	0	0	0	0	0	0	0	0	0	0	0	0	0	0	0	0	0	0	0	0	0	0	0	0	0	0	0	0	0	0	0	0	0	0	0	0	0	0	0	0	0	0	0	0	0	0.053	0.797	0	0	0	0	0	0	0	0	0	0	0	0	0	26.853	0	0	0	0.27	0	0	0	0	0	0	0	0	0	0	0	0	0	0	0	0	0
1997	TAYL2	103.083	0	0	0	0	0	0	0	0	0	0	0	0	0	0	0	0	0.17	0	0	0	0	0	0	0	0	0	0	0	0	0	0	0	0	0	0	0	0	0	0	3.631	0	0	0	0	0	0	0	0	0	0	0	0.078	0	0	0	0	0	0	0	0	0	0	0.898	7.093	0	0	2.333	0	1.995	0	0	0	0	0	0	0	0.19	72.656	0	1.517	0	5.892	0	0	6.431	0	0	0	0	0	0.139	0.06	0	0	0	0	0	0	0
1998	TAYL2	36.889	0	0	0	0	0	0	0	0	0	0	0	0	0	0	0	0	0	0	0	0	0	0	0	0	0	0	0	0	0	0	0	0	0	0	0	0	0	0	0	0	0	0	0	0	0	0	0	0	0	0	0	0	0	0	0	0	0	0	0	0	0	0	0	4.742	0	0	2.333	0	0.232	0	0	0	0	0	0	0	0	27.744	0	0.016	0	0.655	0	0	1.167	0	0	0	0	0	0	0	0	0	0	0	0	0	0
1999	TAYL2	49.195	0	0	0	0	0	0	0	0	0	0	0	0	0	0	0	0	0.029	0	0	0	0	0	0	0	0	0	0	0	0	0	0	0	0	0	0	0	0	0	3.506	0	0	0	0	0	0	0	0	0	0	0	0	0	0.077	0	0	0	0	0	0	0	0	0	0.23	5.738	0	0	0	0	1.503	0	0	0	0	0	0	0	0	33.867	0	0.172	0	1.261	0	0	2.809	0	0	0	0	0	0	0.003	0	0	0	0	0	0	0
2000	TAYL2	0.479	0	0	0	0	0	0.478	0	0	0	0	0	0	0	0	0	0	0	0	0	0	0	0	0	0	0	0	0	0	0	0	0	0	0	0	0	0	0	0	0	0	0	0	0	0	0	0	0	0	0	0	0	0	0	0	0	0	0	0	0	0	0	0	0	0	0	0	0	0	0	0	0	0	0	0	0	0	0	0.001	0	0	0	0	0	0	0	0	0	0	0	0	0	0	0	0	0	0	0	0	0
2001	TAYL2	46.153	0	0	0	0	0	11.475	0	0	0	0	0	0	0	0	0	0	0	0	0	0	0	0	0	0	0	0	0	0	0	0	0	0.557	0	0	0	0	0	0	0.059	0	0	0	0	0	0	0	0	0	0	0	0	0	0	0	0	0	0	0	0	0	0	0	0.054	13.309	0	0	0	0	0.698	0	0	0	0	0	0	0	0	13.647	0	0	0	0	0	0	6.354	0	0	0	0	0	0	0	0	0	0	0	0	0	0
2002	TAYL2	31.33	0	0	0	0	0	0	0	0	0	0	0	0	0	0	0	0	0	0	0	0	0	0	0	0	0	0	0	0	0	0	0	0	0	0	0	0	0	0	0	0	0	0	0	0	0	0	0	0	0	0	0	0	0	0	0	0	0	0	0	0	0	0	0	29.667	0	0	0	0	0	0	0	0	0	0	0	0	0	0.117	0	0	0	1.455	0	0	0.091	0	0	0	0	0	0	0	0	0	0	0	0	0	0
2003	TAYL2	95.031	0	0	0	0	0	2.869	0	0	0	0	0	0	0	0	0	0	0	0	0	0	0	0	0	0	0	0	0	0	0	0	0	0	0	0	0	0	0	0	0	0	0	0	0	0	0	0	0	0	0	0	0	0	0	0	0	0	0	0	0	0	0	0	0.127	58.517	0	0	0	0	1.47	0	0	0	0	0	0	0	0	27.237	0	0	0	0	0	0	4.811	0	0	0	0	0	0	0	0	0	0	0	0	0	0
2004	TAYL2	52.666	0	0	0	0	0	0	0	0	0	0	0	0	0	0	0	0	0	0	0	0	0	0	0	0	0	0	0	0	0	0	0	0	0	0	0	0	0	0	0	0	0	0	0	0	0	0	0	0	0	0	0	0	0	0	0	0	0	0	0	0	0	0	0	33.113	0	0	0	0	0.769	0	0	0	0	0	0	0	0	16.431	0	0	0	0.863	0	0	1.489	0	0	0	0	0	0.001	0	0	0	0	0	0	0	0
2005	TAYL2	317.604	0	0	0	0	0	0	0	0	0	0	0	0	0	0	0	0	0	0	0	0	0.017	0	0.112	0	0	0	0	0	0	0	0	40.411	0	0	0	0	0	0	0	14.209	0	0	0	0	0	0	0	0	0	0	0	0.469	0	0	0	0	0	0	0	0	0	0	0	113.646	0	0	0	0	3.551	0	0	5.806	0	0	0	0	0	37.871	0	0.016	0	3.006	0	0	70.986	0	0	0	0	0	0.017	0.06	0	0	0	0	27.427	0	0
2006	TAYL2	121.581	0	0	0	0	0	0	0	0	0	0	0	0	0	0	0	0	0	0	0	0	0	0	0	0	0	0	0	0	0	0	0	0	0	0	0	0	0	0	0	0	0	0	0	0	0	0	0	0	0	0	0	0	0	0	0	0	0	0	0	0	0	0	0	121.217	0	0	0	0	0	0	0	0	0	0	0	0	0	0	0	0	0	0.364	0	0	0	0	0	0	0	0	0	0	0	0	0	0	0	0	0
2007	TAYL2	683.32	0	0	0	0	0	0	0	0	0	0	0	2.077	0	0	0	0	0.025	0	0	0	0	0	85.617	0	0	0	0	0	0	0	1.493	0	0	0	0.004	0	0	0	11.61	14.682	0	0	0	0	0	0	0	0	0	0	0	25.431	0	0	0	0	0	0	0	0	0	0	0.722	306.67	0	0	0	0	3.235	0	0	0.166	0	0	0	0	0	92.474	0	0	0	50.625	4.203	0	58.954	0	0	0	0	0	0	0	0	0	0	0	25.332	0	0
2008	TAYL2	167.92	0	0	0	0	0	0	0	0	0	0	0	0	0	0	0	0	0	0	0	0	0	0	0	0	0	0	0	0	0	0	0	0	0	0	0	0	0	0	0	0	0	0	0	0	0	0	0	0	0	0	0	0	0	0	0	0	0	0	0	0	0	0	0	166.803	0	0	0	0	0	0	0	0	0	0	0	0	0	0.401	0	0	0	0.698	0	0	0.018	0	0	0	0	0	0	0	0	0	0	0	0	0	0
1989	TAYL3	35.456	0	0	0	0	0	0	0.064	0	0	0	0	0	0	0	0	0	0	0	0	0	0	0	0	0	0	0	0	0	0	0	0	0	0	0	0	0	0	0	0	0	0	0	0	0	0	0	0	0	0.009	0	0	0	0	0	0	0	0	0	0	0	0	0	0	7.651	0	0	0	0	1.805	0	0	0	0	0	0	0	0	23.985	0	0	0	0	0	0	1.942	0	0	0	0	0	0	0	0	0	0	0	0	0	0
1990	TAYL3	85.261	0	0	0	0	0	0	0	0	0	0	0	0	0	0	0	0	0	0	0	0	0	0	0	0	0	0	0	0	0	0	0	0	0	0	0	0	0	0	0	0	0	0	0	0	0	0	0	0	0.244	0	0	0.784	0	0	0	0	0	0	0	0	0	0	0.656	31.161	0	0	0	0	0.77	0	0	0	0	0	0	0	0	49.921	0	0	0	0	0	0	1.725	0	0	0	0	0	0	0	0	0	0	0	0	0	0
1991	TAYL3	83.949	0	0	0	0	0	0	0	0	0	0.319	0	0	0	0	0	0	0	0	0	0	0	0	0	0	0	0	0	0	0	0	0	0	0	0	0	0	0	0.527	0.773	0	0	0	0	0	0	0	0	0	0	0	0	0.645	0	0	0	0	0	0	0	0	0	0	0.123	32.555	0	0	0	0	0.406	0	0	0	0	0	0	0	0	47.905	0	0	0	0	0	0	0.696	0	0	0	0	0	0	0	0	0	0	0	0	0	0
1992	TAYL3	188.158	0	0	0	0	0	0	0	0	0	0.956	0	0	0	0	0	0	0	0	0	0	0	0	0	0	0	0	0	0	0	0	0	0	0	0	0	0	0	0	13.052	0	0	0	0	0	0	0	0	0	5.759	0	0	12.63	0	0	0	0	0	0	0	0	0	0	0.783	67.681	0	0	0	0	3.713	0	0	0	0	0	0	0	0	50.36	0	0	0	0	0	0	33.224	0	0	0	0	0	0	0	0	0	0	0	0	0	0
1993	TAYL3	98.232	0	0	0	0	4.462	0	0	0	0	0	0	0	0	0	0	0	0	0	0	0	0	0	0	0	0	0	0	0	0	0	0	0	0	0	0	0	0	1.458	1.146	0	0	0	0	0	0	0	0	0	0.223	0	0	0.366	0	0	0	0	0	0	0	0	0	0	0.246	46.583	0	0	0	0	1.159	0	0	0	0	0	0	0	0	41.386	0	0	0	0	0	0	1.203	0	0	0	0	0	0	0	0	0	0	0	0	0	0
1994	TAYL3	63.545	0	0	0	0	0	1.434	0	0	0	0	0	0	0	0	0	0	0	0	0	0	0	0	0	0	0	0	0	0	0	0	0	0	0	0	0	0	0	0.263	0	0	0	0	0	0	0	0	0	0	0.003	0	0	0.002	0	0	0	0	0	0	0	0	0	0	0	54.79	0	0	0	0	0	0	0	0	0	0	0	0	0	7.051	0	0	0	0	0	0	0.002	0	0	0	0	0	0	0	0	0	0	0	0	0	0
1995	TAYL3	169.508	0	0	0	0	0	0	0	0	0	0	0	0	0	0	0	0	0	0	0	0	0	0	0	0	0	0	0	0	0	0	0	2.463	0	0	0	0	0	0	0.773	0	0	0	0	0	0	0	0	0	0.019	0	0	0.207	0	0	0	0	0	0	0	0	0	0	0.406	99.36	0	0	0	0	0.77	0	0	0	0	0	0	0	0.002	64.374	0	0	0	0	0	0	1.134	0	0	0	0	0	0	0	0	0	0	0	0	0	0
1996	TAYL3	140.426	0	0	0	0	0	4.303	0	0	0	0	0	0	0	0	0	0	0	0	0	0	0	0	0	0	0	0	0	0	0	0	0	0	0	0	0	0	0	0	0	0	0	0	0	0	0	0	0	0	0	0	0	0	0	0	0	0	0	0	0	0	0	0	0.28	74.914	0	0	0	0	0	0	0	0	0	0	0	0	0	60.929	0	0	0	0	0	0	0	0	0	0	0	0	0	0	0	0	0	0	0	0	0
1997	TAYL3	225.158	0	0	0	0	0	0	0	6.136	0	0	0	0	0.159	0	0	0	0	0	0	0	0	0	0	0	0	0	0	0	0	0	2.195	0	0	0	0	0	0	0	0	0	0	0.033	0	0	0	0	0	0	6.627	0	0	3.84	0	0	0	0	0	0	0	0	0	0	0	124.13	0	0	0	0	6.976	0	0	0	0	0	0	0	0	64.476	0	0.115	0	0	0	0	10.471	0	0	0	0	0	0	0	0	0	0	0	0	0	0
1998	TAYL3	143.198	0	0	0	0	0	6.534	0	0	0	0	0	0	0	0	0	0	0	0	0	0	0	0	0	0	0	0	0	0	0	0	0.351	0	0	0	0	0	0	0	0	0	0	0	0	0	0	0	0	0	0	0	0	0.164	0	0	0	0	0	0	0	0	0	0	0.002	107.669	0	0	0	0	0.327	0	0	0	0	0	0	0	0	26.921	0	0.008	0	0	0	0	1.222	0	0	0	0	0	0	0	0	0	0	0	0	0	0
1999	TAYL3	136.744	0	0	0	0	0	0	0	0	6.136	0	0	0	0	0	0	0	0	0	0	0	0	0	0	0	0	0	0	0	0	0	0.527	0	0	0	0	0	0	0	3.321	0	0	0	0	0	0	0	0.115	0	0	0	0	0	0.004	0	0	0	0	0	0	0	0	0	3.75	93.663	0	0	0	0	1.495	0	0	0	0	0	0	0	0	25.564	0	0.033	0	0	0	0	2.136	0	0	0	0	0	0	0	0	0	0	0	0	0	0
2000	TAYL3	77.043	0	0	0	0	0	1.642	0	0	0	0	0	0	0	0	0	0	0	0	0	0	0	0	0	0	0	0	0	0	0	0	0	0	0	0	0	0	0	0	0	0	0	0	0	0	0	0	0	0	0	0	0	0	0	0	0	0	0	0	0	0	0	0	0	75.392	0	0	0	0	0	0	0	0	0	0	0	0	0	0.009	0	0	0	0	0	0	0	0	0	0	0	0	0	0	0	0	0	0	0	0	0
2001	TAYL3	111.626	0	0	0	0	0	8.08	1.912	0	0	0	0	0	0	0	0	0	0	0	0	0	0	0	0	0	0	0	0	0	0	0	0	0.048	0	0	0	0	0	0	0.041	0	0	0	0	0	0	0	0.285	0	0.009	0	0	0	0	0	0	0	0	0	0	0	0	0	0.29	85.792	0	0	0	0	1.265	0	0	0	0	0	0	0	0	12.429	0	0	0	0	0	0	1.475	0	0	0	0	0	0	0	0	0	0	0	0	0	0
2002	TAYL3	141.82	0	0	0	0	0	0.669	0	0	0	0	0	0	0	0	0	0	0	0	0	0	0	0	0	0	0	0	0	0	0	0	0	0	0	0	0	0	0	0	0	0	0	0	0	0	0	0	0	0	0	0	0	0	0	0	0	0	0	0	0	0	0	0	0.002	139.249	0	0	0	0	0.056	0	0	0	0	0	0	0	0	1.708	0	0	0	0	0	0	0.136	0	0	0	0	0	0	0	0	0	0	0	0	0	0
2003	TAYL3	320.946	0	0	0	0	0	0	0	0	0	0	0	0	0	0	0	0	0	0	0	0	0	0	0	0	0	0	0	0	0	0	0	0	0	0	0	0	0	0	0	0	0	0	0	0	0	0	0	0	0.036	0	0	0	0	0	0	0	0	0	0	0	0	0	0.446	286.207	0	0	0	0	1.667	0	0	0	0	0	0	0	0	27.067	0	0	0	0	0	0	5.523	0	0	0	0	0	0	0	0	0	0	0	0	0	0
2004	TAYL3	173.451	0	0	0	0	0	0	0	0	0	0	0	0	0	0	0	0	0	0	0	0	0	0	0	0	0	0	0	0	0	0	0	0	0	0	0	0	0	0	0	0	0	0	0	0	0	0	0	0	0.717	0	0	0	0	0	0	0	0	0	0	0	0	0	3.717	138.204	0	0	0	0	2.404	0	0	0	0	0	0	0	0	27.955	0	0	0	0	0	0	0.454	0	0	0	0	0	0	0	0	0	0	0	0	0	0
2005	TAYL3	571.877	0	0	0	0	0	0	0	0	35.221	0	0	0	0.464	0	0	0	0	0	0	0	0.005	0	8.03	0	0	0	0	0	0	0	0	84.092	0	0	0	0	0	0	0.075	0	0	0	0	0	0	0	0	0	0.832	0	0	0	0	0	0	0	0	0	0	0	0	0	15.772	208.086	0	0	0	0	7.361	0	0	0.581	0	0	0	0	0	66.175	0	0	0	0	0	0	49.635	0	1.171	0	0	0	0	0	0	0	0	0	94.377	0	0
2006	TAYL3	102.973	0	0	0	0	0	0	0	0	0	0	0	0	0	0	0	0	0	0	3.234	0	0	0	0	0	0	0	0	0	0	0	0	0	0	0	0	0	0	0	0	0	0	0	0	0	0	0	0	0	0	0	0	0	0	0	0	0	0	0	0	0	0	0	0	99.739	0	0	0	0	0	0	0	0	0	0	0	0	0	0	0	0	0	0	0	0	0	0	0	0	0	0	0	0	0	0	0	0	0	0	0
2007	TAYL3	801.806	0	0	0	0	0	0	0	0	32.511	0	0	0	1.193	0	0	0	0.034	0	0	0	0.779	0	103.844	0	0	0	0	0	0	0	0	7.089	0	0.005	12.304	0	0	0	8.315	0	0	0	0	0	0	0	0	0	4.097	0	0	0	0	0	0	0	0	0	0	0	0	0	56.015	157.977	0	0	0	0	8.966	13.23	0	4.562	0	0	0	0	0	120.394	0	0.246	0	0	0	0	80.971	0	7.142	0	0	0	0	0	0	0	0	0	182.132	0	0
2008	TAYL3	126.838	0	0	0	0	0	1.594	0	0	0	0	0	0	0	0	0	0	0	0	0	0	0	0	0	0	0	0	0	0	0	0	0	0	0	0	0	0	0	0	0	0	0	0	0	0	0	0	0	0	0	0	0	0	0	0	0	0	0	0	0	0	0	0	0	125.242	0	0	0	0	0	0	0	0	0	0	0	0	0	0.002	0	0	0	0	0	0	0	0	0	0	0	0	0	0	0	0	0	0	0	0	0
1989	TAYL4	100.99	0	0	0	0	0	0	8.447	0	0	0	0	0	0	0	0	0	0	0	0	0	0	0	0	0	0	0	0	0	0	0	0	0	0	0	0	0	0	0	0	0	0	0	0	0	0	0	0	0	0.027	0	1.12	0	0	0	0	0	0	0	0	0	0	0	1.395	63.438	0	0	0	0	0.367	0	0	0	0	0	0	0	0	26.196	0	0	0	0	0	0	0	0	0	0	0	0	0	0	0	0	0	0	0	0	0
1990	TAYL4	76.794	0	0	0	0	0	0	0	0	0	24.065	0	0	0	0	0	0	0	0	0	0	0	0	0	0	0	0	0	0	0	0	0	0	0	0	0	0	0	0	0	0	0	0	0	0	0.217	0	0	0	0	0	0	0	0	0	0	0	0	0	0	0	0	0	3.97	15.222	0	0	0	0	1.477	0	0	0	0	0	0	0	0	31.843	0	0	0	0	0	0	0	0	0	0	0	0	0	0	0	0	0	0	0	0	0
1991	TAYL4	157.569	0	0	0	0	0	0	0	0	0	50.679	0	0	0	0	0	0.003	0	0	0	0	0	0	0	0	0	0	0	0	0	0	0	0	0	0	0	0	0	0.386	0.002	0	0	0	0	0	0	0	0	0	0	0	0	0	0	0	0	0	0	0	0	0	0	0	6.152	51.045	0	0	0	0	0.615	0	0	0	0	0	0	0	0	48.631	0	0	0	0	0	0	0.056	0	0	0	0	0	0	0	0	0	0	0	0	0	0
1992	TAYL4	418.818	0	0	0	0	0	0	0	0	0	229.332	0	0	0	0	0	0	0	0	0	0	0	0	0	0	0	0	0	0	0	0	0	0	0	0	0	0	0	3.336	2.679	0	0	0	0	0	1.899	0	0	0	23.908	0	0	0	0	0	0	0	0	0	0	0	0	0	6.837	90.255	0	0	0	0	8.568	0	0	0	0	0	0	0	0	47.647	0	0	0	0	0	0	4.357	0	0	0	0	0	0	0	0	0	0	0	0	0	0
1993	TAYL4	291.553	0	0	0	0	156.66	0	0	0	0	0	0	0	0	0	0	0	0	0	0	0	0	0	0	0	0	0	0	0	0	0	0	0	0	0	0	0	0	6.673	0.174	0	0	0	0	0	0	0	0	0	0.02	0	0	0	0	0	0	0	0	0	0	0	0	0	1.905	82.725	0	0	0	0	3.706	0	0	0	0	0	0	0	0.829	38.816	0	0	0	0	0	0	0.045	0	0	0	0	0	0	0	0	0	0	0	0	0	0
1994	TAYL4	220.811	0	0	0	0	0	109.407	0	0	0	0	0	0	0	0	0	0	0	0	0	0	0	0	0	0	0	0	0	0	0	0	0	0	0	0	0	0	0	0.193	0	0	0	0	0	0	0	0	0	0	0	0	0	0	0	0	0	0	0	0	0.041	0	0	0	1.678	90.116	0	0	0	0	0.005	0	0	0	0	0	0	0	0	19.371	0	0	0	0	0	0	0	0	0	0	0	0	0	0	0	0	0	0	0	0	0
1995	TAYL4	325.009	0	0	0	0	0	0	0	0	0	123.31	0	0	0	0	0	0	0	0	0	0	0	0	0	0	0	0	0	0	0	0	0	0.841	0	0	0	0	0	0	0.314	0	0	0	0	0	0	0	0	0	0.249	0	0	0	0	0	0	0	0	0	0.543	0	0	0	4.746	128.788	0	0	0	0	2.218	0	0	0	0	0	0	0	0	64	0	0	0	0	0	0	0	0	0	0	0	0	0	0	0	0	0	0	0	0	0
1996	TAYL4	177.517	0	0	0	0	0	24.224	0	0	0	0	0	0	0	0	0	0	0	0	0	0	0	0	0	0	0	0	0	0	0	0	0	0	0	0	0	0	0	0	0	0	0	0	0	0	0	0	0	0	0	0	0	0	0	0	0	0	0	0	0	0	0	0	1.721	102.449	0	0	0	0	0	0	0	0	0	0	0	0	0	49.123	0	0	0	0	0	0	0	0	0	0	0	0	0	0	0	0	0	0	0	0	0
1997	TAYL4	324.504	0	0	0	0	0	0	0	0	0	99.526	0	10.677	0	0	0.066	0	0	0	0	0	0	0	0.841	0	0	0	0	0	0	0	0	0	0	0	0	0	0	0	0.663	0	0	0.006	0	0	0	0	0	0	5.428	0	0	0	0	0	0	0	0	0	0	0	0	0	10.485	120.01	0	0	0	0	8.821	0	0	0	0	0	0	0	0	61.13	0	1.714	0	0	0	0.003	1.739	0	0	0	0	0	0	0.149	0	0	0	0	3.246	0	0
1998	TAYL4	254.889	0	0	0	0	0	75.653	0	0	0	0	0.517	0	0	0	0	0	0	0	0	0	0	0	0	0	0	0	0	0	0	0	0	0	0	0	0	0	0	0	0	0	0	0	0	0	0	0	0.045	0	0.026	0	0	0	0	0	0	0	0	0	0	0	0	0	0.53	157.379	0	0	0	0	1.56	0	0	0	0	0	0	0	0	18.945	0	0.131	0	0	0	0	0.014	0	0	0	0	0	0	0	0	0	0	0	0.089	0	0
1999	TAYL4	89.314	0	0	0	0	0	13.945	0	23.826	0	0	0	0	0	0	0	0	0	0	0	0	0	0	0	0	0	0	0	0	0	0	0	0	0	0	0	0	0	0	0	0	0	0	0	0	0	0	0.073	0	0	0	0	0	0	0	0	0	0	0	0	0	0	0	0.566	29.348	0	0	0	0	4.934	0	0	0	0	0	0	0	0	15.408	0	0	0.039	0	0	0	1.175	0	0	0	0	0	0	0	0	0	0	0	0	0	0
2000	TAYL4	90.619	0	0	0	0	0	2.295	0	0	0	0	0	0	0	0	0	0	0	0	0	0	0	0	0	0	0	0	0	0	0	0	0	0	0	0	0	0	0	0	0	0	0	0	0	0	0	0	0	0	0	0	0	0	0	0	0	0	0	0	0	0	0	0	0	88.315	0	0	0	0	0	0	0	0	0	0	0	0	0	0.009	0	0	0	0	0	0	0	0	0	0	0	0	0	0	0	0	0	0	0	0	0
2001	TAYL4	138.385	0	0	0	0	0	2.263	0	1.195	0	0	0	0	0	0	0	0	0	0	0	0	0	0	0	0	0	0	0	0	0	0	0	0.215	0	0	0	0	0	0	0.003	0	0	0	0	0	0	0	0	0	0.045	0	0	0	0	0	0	0	0	0	0	0	0	0	0.872	111.813	0	0	0	0	6.477	0	0	0	0	0	0	0	0	13.233	0	0	0	0	0	0	2.269	0	0	0	0	0	0	0	0	0	0	0	0	0	0
2002	TAYL4	124.763	0	0	0	0	0	4.032	0	0	0	0	0	0	0	0	0	0	0	0	0	0	0	0	0	0	0	0	0	0	0	0	0	0	0	0	0	0	0	0	0	0	0	0	0	0	0	0	0	0	0	0	0	0	0	0	0	0	0	0	0	0	0	0	0.71	116.196	0	0	0	0	0	0	0	0	0	0	0	0	0	3.777	0	0	0	0.048	0	0	0	0	0	0	0	0	0	0	0	0	0	0	0	0	0
2003	TAYL4	194.973	0	0	0	0	0	7.092	0	0	0	0	0	0	0	0	0	0	0	0	0	0	0	0	0	0	0	0	0	0	0	0	0	0	0	0	0	0	0	0	0	0	0	0	0	0	0	0	0.171	0	0.036	0	0	0	0	0	0	0	0	0	0	0	0	0	4.497	124.326	0	0	0	0	4.81	0	0	0	0	0	0	0	0	41.786	0	0	0	0	0	0	12.255	0	0	0	0	0	0	0	0	0	0	0	0	0	0
2004	TAYL4	153.382	0	0	0	0	0	0	0	0	0	0	0	0	0	0	0	0	0	0	0	0	0	0	0	0	0	0	0	0	0	0	0	0	0	0	0	0	0	0	0	0	0	0	0	0	0	0	0	0	0.124	0	0	0	0	0	0	0	0	0	0	0	0	0	1.499	106.872	0	0	0	0	6.031	0	0	0	0	0	0	0	0	37.898	0	0	0	0	0	0	0.908	0	0	0	0	0	0.042	0	0.008	0	0	0	0	0	0
2005	TAYL4	443.872	0	0	0	0	0	0	0	0	0	0	0	0	0	0	0	0	0.021	0	0	0	0	0	0	0	0	0	0.209	0	0	0	0	24.694	0	0	0	0	0	0	0.017	0	0	0	0	0	0	0	0.018	0	2.957	0	0	0	0	0	0	0	0	0	0	0	0	0	15.861	35.226	0	0	2.333	0	11.035	0	0.232	0	0	0	0	6.24	0	73.891	0	0	0.154	0	0	0	23.669	0	0	0	0	0	0	0	0	0.047	0	0	247.268	0	0
2006	TAYL4	12.751	0	0	0	0	0	0	0	0	0	0	0	0	0	0	0	0	0	0	0	0	0	0	0	0	0	0	0	0	0	0	0	0	0	0	0	0	0	0	0	0	0	0	0	0	0	0	0	0	0	0	0	0	0	0	0	0	0	0	0	0	0	0	0	12.751	0	0	0	0	0	0	0	0	0	0	0	0	0	0	0	0	0	0	0	0	0	0	0	0	0	0	0	0	0	0	0	0	0	0	0
2007	TAYL4	687.742	0	0	0.037	0	0	0	0	0	0	0	0	17.032	0.53	0	0	0	0.059	0	0	0	2.308	0	111.296	0	0	0	0	0	0	0	0	0.532	0.132	0	4.52	0	0	0	33.908	0	0	0	0	0	0	0	0	0	7.843	0	0	0	0	0	0	0	0	0	0	0	0	0	22.176	17.693	0	0	0	0	6.949	0.199	0	0	0	0	0	0	0	193.1	0	0	1.545	0	0	0	13.661	0	0	0	0	0	0	0	0	0	0	0	253.598	0	0.624
2008	TAYL4	1.137	0	0	0	0	0	0	0	0	0	0	0	0.26	0	0	0	0	0	0	0	0	0	0	0	0	0	0	0	0	0	0	0	0	0	0	0	0	0	0	0	0	0	0	0	0	0	0	0	0	0	0	0	0	0	0	0	0	0	0	0	0	0	0	0	0.877	0	0	0	0	0	0	0	0	0	0	0	0	0	0	0	0	0	0	0	0	0	0	0	0	0	0	0	0	0	0	0	0	0	0	0
1989	WEST	139.101	0	0	0	0	0	0	0	0	0	0	0	0	0	0	0	0	0	0	0	0	0	0	0	0	0	0	0	0	0	0	0	0	0	0	0	0	0	0	0	0	0	0	0	0	0	4.039	0	0	0.018	0	0	0	0	0	0	0	0	0	0	0	0	0	0	0	0	0	0	0	0.072	0	0	0	0	0	0	0	0	134.882	0	0	0	0	0	0	0.018	0	0	0	0.072	0	0	0	0	0	0	0	0	0	0
1990	WEST	130.686	0	0	0	0	0	0	0	0	0	0	0	0	0	0	0	0	0	0	0	0	0	0	0	0	0	0	0	0	0	0	0	0	0	0	0	0	0	0	0	0	0	0	0	0	0	7.328	0	0	0.08	0	0	0	0	0	0	0	0	0	0	0	0	0	0	0	0	0	0	0	0.147	0	0	0	0	0	0	0	0	122.921	0	0	0	0	0	0	0	0	0	0	0.21	0	0	0	0	0	0	0	0	0	0
1991	WEST	122.881	0	0	0	0	0	0	0	0	0	0	0	0	0	0	0	0	0	0	0	0	0	0	0	0	0	0	0	0	0	0	0	0	0	0	0	0	0	0	0	0	0	0	0	0	0	2.8	0	0	0	0	0	0	0	0	0	0	0	0	0	0	0	0	0	0	0	0	0	0	0.058	0	0	0	0	0	0	0	0	119.976	0	0	0	0	0	0	0	0	0	0	0.047	0	0	0	0	0	0	0	0	0	0
1992	WEST	153.134	0	0	0	0	0	0	0	0	0	0	0	1.558	0	0	0	0	0	0	0	0	0	0	0	0	0	0	0	0	0	0	0	0	0	0	0	0	0	0	0	0	0.03	0	0	0	0	17.332	0	0	9.65	0	0	0	0	0	0	0	0	0	0	0	0	0	0	0	0	0	0	0	1.571	0	0	0	0	0	0	0	0	108.582	0	2.329	0	0	0	0	0.881	0	0	0	0.136	0	0	0	0	0	0	0	11.065	0	0
1993	WEST	80.223	0	0	0	0	0	0	0	0	0	0	0	0	0	0	0	0	0	0	0	0	0	0	0	0	0	0	0	0	0	0	0	0.611	0	0	0	0	0	0	0	0	0	0	0	0	0	13.749	0	0	0.239	1.397	0	0	0	0.008	0	0	0	0	0	0	0	0	0	0	0	0	0	0	0.421	0	0	0	0	0	0	0	0	63.251	0	0.205	0	0	0	0	0.274	0	0	0	0.068	0	0	0	0	0	0	0	0	0	0
1994	WEST	17.337	0	0	0	0	0	0	0	0	0	0	0	0	0	0	0	0	0	0	0	0	0	0	0	0	0	0	0	0	0	0	0	0	0	0	0	0	0	0	0	0	0	0	0	0	0	11.698	0	0	0	0	0	0	0	0	0	0	0	0	0	0	0	0	0	0	0	0	0	0	0	0	0	0	0	0	0	0	0	5.639	0	0	0	0	0	0	0	0	0	0	0	0	0	0	0	0	0	0	0	0	0
1995	WEST	45.646	0	0	0	0	0	0	0	0	0	0	0	0.156	0	0	0	0	0	0	0	0	0	0	0	0	0	0	0	0	0	0	0	1.922	0	0.052	0	0	0	0	0	0	0	0	0	0	0	0	0	0	0.415	1.397	0	0	0	0.433	0	0	0	0	0	0	0	0	0	0	0	0	0	0	0.327	0.033	0.008	0	0	9.45	0	0	0	31.171	0	0.172	0	0	0	0	0.066	0	0	0	0.044	0	0	0	0	0	0	0	0	0	0
1996	WEST	29.391	0	0	0	0	0	0	0	0	0	0	0	0	0	0	0	0	0	0	0	0	0	0	0	0	0	0	0	0	0	0	0	0	0	0	0	0	0	0	0	0	0	0	0	0	0	0	0	0	0	0	0	0	0	0	0	0	0	0	0	0	0	0	0	0	0	0	0	0	0	0	0	0	0	4.641	0	0	0	24.748	0	0	0	0	0	0	0	0	0	0	0.002	0	0	0	0	0	0	0	0	0	0
1997	WEST	59.019	0	0	0	0	0	0	0	0	0	0	0	0	0	0	0	0	0	0	0	0	0	0	0	0	0	0	0	0	0	0	0	0	0	0	0	0	0	0	0	0	0	0	0	0	0	0	0	0	0.248	0	0	0	0	0	0	0	0	0	0	0	0	0	0	0	0	0	0	0	0.026	0	0	0	0	8.441	0	0	0	49.45	0	0	0	0	0	0	0	0	0	0	0	0	0.854	0	0	0	0	0	0	0	0
1998	WEST	40.262	0	0	0	0	0	0	0	0	0	0	0	0	0	0	0	0	0	0	0	0	0	0	0	0	0	0	0	0	0	0	0	0	0	0	0	0	0	0	0	0	0	0	0	0	0	0	0.011	0	0	0	0	0	0	0	0	0	0	0	0	0	0	0	0	0	0	0	0	0	0.101	0	0	0	0	1.45	0	0	0	38.654	0	0.003	0	0	0	0	0	0	0	0	0	0	0.043	0	0	0	0	0	0	0	0
1999	WEST	28.648	0	0	0	0	0	0	0	0	0	0	0	0	0	0	0	0	0	0	0	0	0	0	0	0	0	0	0	0	0	0	0	0	0	0	0	0	0	0	0	0	0	0	0	0	0	0	0	0	0.311	0	0	0	0	0	0	0	0	0	0	0	0	0	0	0.669	0	0	0	0	0.08	0	0	0	0	3.133	0	0	0	24.402	0	0	0	0	0	0	0	0	0	0	0	0	0.053	0	0	0	0	0	0	0	0
2000	WEST	0.021	0	0	0	0	0	0	0	0	0	0	0	0	0	0	0	0	0	0	0	0	0	0	0	0	0	0	0	0	0	0	0	0	0	0	0	0	0	0	0	0	0	0	0	0	0	0	0	0	0	0	0	0	0	0	0	0	0	0	0	0	0	0	0	0	0	0	0	0	0	0	0	0	0	0	0	0	0	0	0	0	0	0	0	0	0	0	0	0	0	0	0.021	0	0	0	0	0	0	0	0
2001	WEST	14.863	0	0	0	0	0	0	0	0	0	0	0	0	0.066	0	0	0	0	0	0	0	0	0	0	0	0	0	0	0	0	0	0	0	0	0.091	0	0	0	0	0	0	0	0	0	0	0	0	0	0	0.406	0	0	0	0	0	0	0	0	0	0	0	0	0	0	0	0	0	0	0	0.272	0	0	0	0	3.186	0	0	0	10.761	0	0	0	0	0	0	0	0	0	0	0	0	0.081	0	0	0	0	0	0	0	0
2002	WEST	1.513	0	0	0	0	0	0	0	0	0	0	0	0	0	0	0	0	0	0	0	0	0	0	0	0	0	0	0	0	0	0	0	0	0	0	0	0	0	0	0	0	0	0	0	0	0	0	0	0	0	0	0	0	0	0	0	0	0	0	0	0	0	0	0	1.338	0	0	0	0	0	0	0	0	0	0	0	0	0	0.16	0	0	0	0	0	0	0	0	0	0	0	0	0.015	0	0	0	0	0	0	0	0
2003	WEST	51.709	0	0	0	0	0	0	0	0	0	0	0	0	0	0	0	0	0	0	0	0	0	0	0	0	0	0	0	0	0	0	0	2.119	0	0.031	0	0	0	0	0	0	0	0	0	0	0	0	0	0	3.594	0	0	0	0	0	0	0	0	0	0	0	0	0	0	0	0	0	0	0	1.02	0	0	0	0	5.23	0	0	0	38.576	0	0	0	0	0	0	0.145	0	0	0	0	0	0.301	0	0	0	0	0	0.693	0	0
2004	WEST	26.713	0	0	0	0	0	0	0	0	0	0	0	0	0	0	0	0	0	0	0	0	0	0	0	0	0	0	0	0	0	0	0	0	0	0	0	0	0	0	0	0	0	0	0	0	0	0	0	0	3.283	0	0	0	0	0	0	0	0	0	0	0	0	0	0	0	0	0	0	0	0.849	0	0	0	0	0	0	0	0	20.93	0	0	0	0	0	0	0.036	0	0	0	0	0	1.615	0	0	0	0	0	0	0	0
2005	WEST	98.747	0	0	0	0	0	0	0	0	0	0	0	0	12.523	0	0	0	0	0	0	0	0	0	0	0	0	0	0	0	0	0	0	6.365	0	0.033	0	0	3.397	0	0	0	0	0	0	0	0	0	0	0	11.611	0	0	0	0	0	0	0	0	0.163	0	0	0	0	0	0	0	0	0	0	1.475	0	0	0	0	0.404	0	0	2.923	54.642	2.04	0	0	0	0	0	2.95	0	0	0	0	0	0.221	0	0	0	0	0	0	0	0
2007	WEST	540.73	0	0	0	92.741	0	0	0	0	0	0	15.373	0	0	0	0	0	0	0	0	0	0	0	28.692	0	0.753	0	0	0	0	0	0	0	0	0.009	0	0.084	0	0	0	0	0	0	0	0	0	0	0	0	6.446	0	0	0	0	38.402	0	0	0	0.163	0	0	0	0	0.677	0	0	0	0	0	1.258	27.247	0	0	13.263	1.005	0	0	0.913	113.856	0.241	0	0	0	0.259	0	29.396	0	0	0	0.23	0	0.043	0	0	0	0	0	169.679	0	0
2008	WEST	-99	-99	-99	-99	-99	-99	-99	-99	-99	-99	-99	-99	-99	-99	-99	-99	-99	-99	-99	-99	-99	-99	-99	-99	-99	-99	-99	-99	-99	-99	-99	-99	-99	-99	-99	-99	-99	-99	-99	-99	-99	-99	-99	-99	-99	-99	-99	-99	-99	-99	-99	-99	-99	-99	-99	-99	-99	-99	-99	-99	-99	-99	-99	-99	-99	-99	-99	-99	-99	-99	-99	-99	-99	-99	-99	-99	-99	-99	-99	-99	-99	-99	-99	-99	-99	-99	-99	-99	-99	-99	-99	-99	-99	-99	-99	-99	-99	-99	-99	-99
1989	WEST1	155.171	0	0	0	0	0	0	0	0	0	0	0	0	0	0	0	0	0	0	0	0	0	0	0	0	0	0	0	0	0	0	0	0	0	0	0	0	0	0	0	0	0	0	0	0	0	24.263	0	0	0	0	0	0	0	0	0	0	0	0	0	0	0	0	0.336	0	0	0	0	0	2.42	0	0	0	0	0	0	0	0	127.845	0	0	0	0	0	0	0.145	0	0	0	0.162	0	0	0	0	0	0	0	0	0	0
1990	WEST1	147.907	0	0	0	0	0	0	0	0	0	0	0	0	0	0	0	0	0	0	0	0	0	0	0	0	0	0	0	0	0	0	0	0	0	0	0	0	0	0	0	0	0	0	0	0	0	17.099	0	0	0	0	0	0	0	0	0	0	0	0	0	0	0	0	1.066	0	0	0	0	0	2.854	0	0	0	0	0	0	0	0	126.231	0	0	0	0	0	0	0.281	0	0	0	0.376	0	0	0	0	0	0	0	0	0	0
1991	WEST1	128.098	0	0	0	0	0	0	0	0	0	0	0	0	0	0	0	0	0	0	0	0	0	0	0	0	0	0	0	0	0	0	0	0	0	0	0	0	0	0	0	0	0	0	0	0	0	13.455	0	0	0	0	0	0	0	0	0	0	0	0	0	0	0	0	1.025	0	0	0	0	0	0.31	0	0	0	0	0	0	0	0	113.011	0	0	0	0	0	0	0.276	0	0	0	0.021	0	0	0	0	0	0	0	0	0	0
1992	WEST1	222.406	0	0	0	3.588	0	0	0	0	0	0	0	0	0	1.789	0.016	0	0	0	0	0	0	0	0	0	0	0	0	0	0	0	0	0	0	0	0	0	0	0	0	0	0	0	0	0	0	63.926	0	0	3.131	0	0	0	0	0	0	0	0	0	0	0	0	0	0	0.368	0	0	0	0	8.861	0	0	0	0	0	0	0	0	100.486	0	0.033	0	0	0	0	31.214	0	0	0	0.585	0	0	0	0	0	0	0	8.409	0	0
1993	WEST1	100.856	0	0	0	0	0	0	0	0	0	0	0	0	0	0	0	0	0	0	0	0	0	0	0	0	0	0	0	0	0	0	0	0	0	0.023	0	0	0	0	0	0	0	0	0	0	0	19.899	0	0	0.039	0	0	0	0	0	0	0	0	0	0	0	0	0	1.136	0	0	0	0	0	3.485	0	0	0	0	0	0	0	0	75.767	0	0.01	0	0	0	0	0.413	0	0	0	0.084	0	0	0	0	0	0	0	0	0	0
1994	WEST1	49.667	0	0	0	0	0	0	0	0	0	0	0	0	0	0	0	0	0	0	0	0	0	0	0	0	0	0	0	0	0	0	0	0	0	0	0	0	0	0	0	0	0	0	0	0	0	45.804	0	0	0	0	0	0	0	0	0	0	0	0	0	0	0	0	0.271	0	0	0	0	0	0.001	0	0	0	0	0	0	0	0	3.581	0	0	0	0	0	0	0.003	0	0	0	0.007	0	0	0	0	0	0	0	0	0	0
1995	WEST1	64.745	0	0	0	0	0	0	0	0	0	0	0	0	0.498	0	0	0	0	0	0	0	0	0	0	0	0	0	0	0	0	0	0	3.755	0	0.02	0	0	0	0	0	0	0	0	0	0	0	0	0	0	0.059	0	0	0	0	0.057	0	0	0	0.325	0	0	0	0	0.27	0	0	0	0	0	2.798	0	0	0	0	31.302	0	0	0	25.408	0	0.016	0	0	0	0	0	0	0.002	0	0.235	0	0	0	0	0	0	0	0	0	0
1996	WEST1	43.253	0	0	0	0	0	0	0	0	0	0	0	0	0	0	0	0	0	0	0	0	0	0	0	0	0	0	0	0	0	0	0	0	0	0	0	0	0	0	0	0	0	0	0	0	0	0	0	0	0	0	0	0	0	0	0	0	0	0	0	0	0	0	0.082	0	0	0	0	0	0	0	0	0	0	22.926	0	0	0	20.245	0	0	0	0	0	0	0	0	0	0	0	0	0	0	0	0	0	0	0	0	0
1997	WEST1	105.674	0	0	0	0	0	0	0	0	0	0	0	0	0	0	0	0	0	0	0	0	0	0	0	0	0	0	0	0	0	0	0	0	0	0	0	0	0	0	0	0	0	0	0	0	0	0	0	0	0.153	0	0	0	0	0	0	0	0	0	0	0	0	0	0.816	0	0	0	0	0	1.148	0	0	0	0	48.437	0	0	0	52.391	0	0	0	0	0	0	0	0	0	0	0	0	2.729	0	0	0	0	0	0	0	0
1998	WEST1	51.654	0	0	0	0	0	0	0	0	0	0	0	0	0	0	0	0	0	0	0	0	0	0	0	0	0	0	0	0	0	0	0	0	0	0	0	0	0	0	0	0	0	0	0	0	0	0	0	0	0	0	0	0	0	0	0	0	0	0	0	0	0	0	0.263	0	0	0	0	0	0.126	0	0	0	0	9.099	0	0	0	42.052	0	0	0	0	0	0	0	0	0	0	0	0	0.114	0	0	0	0	0	0	0	0
1999	WEST1	32.716	0	0	0	0	0	0	0	0	0	0	0	0	0	0	0	0	0	0	0	0	0	0	0	0	0	0	0	0	0	0	0	0	0	0	0	0	0	0	0	0	0	0	0	0	0	0	0.058	0	0	0	0	0	0	0	0	0	0	0	0	0	0	0	0.066	0	0	0	0	0	1.3	0	0	0	0	22.673	0	0	0	8.619	0	0	0	0	0	0	0	0	0	0	0	0	0	0	0	0	0	0	0	0	0
2000	WEST1	0.03	0	0	0	0	0	0	0	0	0	0	0	0	0	0	0	0	0	0	0	0	0	0	0	0	0	0	0	0	0	0	0	0	0	0	0	0	0	0	0	0	0	0	0	0	0	0	0	0	0	0	0	0	0	0	0	0	0	0	0	0	0	0	0	0	0	0	0	0	0	0	0	0	0	0.003	0	0	0	0.017	0	0	0	0	0	0	0	0	0	0	0	0	0.01	0	0	0	0	0	0	0	0
2001	WEST1	69.185	0	0	0	0	0	0	0	0	0	0	0	0	0	0	0	0	0	0	0	0	0	0	0	0	0	0	0	0	0	0	0	0.229	0	0	0	0	0	0	0	0	0.453	0	0	0	0	0	0	0	0.232	0	0	0	0	0	0	0	0	0	0	0	0	0	0.01	0	0	0	0	0	3.022	0	0	0	0	45.141	0	0	0	19.904	0	0	0	0	0	0	0	0	0	0	0	0	0.194	0	0	0	0	0	0	0	0
2002	WEST1	0.077	0	0	0	0	0	0	0	0	0	0	0	0	0	0	0	0	0	0	0	0	0	0	0	0	0	0	0	0	0	0	0	0	0	0	0	0	0	0	0	0	0	0	0	0	0	0	0	0	0	0	0	0	0	0	0	0	0	0	0	0	0	0	0	0	0	0	0	0	0	0	0	0	0	0	0	0	0	0.077	0	0	0	0	0	0	0	0	0	0	0	0	0	0	0	0	0	0	0	0	0
2003	WEST1	105.691	0	0	0	0	0	0	0	0	0	0	0	0	0	0	0	0	0	0	0	0	0	0	0	0	0	0	0	0	0	0	0	3.693	0	0	0	0	0	0	0	0	0	0	0	0	0	0	0	0	0.218	0	0	0	0	0	0	0	0	0	0	0	0	0	0	0	0	0	0	0	1.502	0	0	0	0	73.149	0	0	0	26.606	0	0	0	0	0	0	0.182	0	0	0	0	0	0.341	0	0	0	0	0	0	0	0
2004	WEST1	80.074	0	0	0	0	0	0	0	0	0	0	0	0	0	0	0	0	0	0	0	0	0	0	0	0	0	0	0	0	0	0	0	0	0	0	0	0	0	0	0	0	0	0	0	0	0	0	0	0	0.445	0	0	0	0	0	0	0	0	0	0	0	0	0	0	0	0	0	0	0	2.94	0	0	0	0	51.234	0	0	0	23.338	0	0	0	0	0	0	0	0	0	0	0	0	2.117	0	0	0	0	0	0	0	0
2005	WEST1	126.085	0	0	0	0	0	0	0	0	0	0	0	0	8.415	0.199	0	0	0	0	0	0.934	0	0	0	0	0	0	0	0	0	0	0	17.9	0	0	0	0	0.976	0	0	0	0	0	0	0	0	0	0	0	0.926	0	0	0	0	0	0	4.555	0	0.488	0	0	0	0	0	0	0	0	0	0	3.503	0	0.912	0	0.1	56.07	0	0	0	30.98	0	0	0	0	0	0	0	0	0	0	0	0	0.127	0	0	0	0	0	0	0	0
2007	WEST1	469.75	0	0	0	58.896	0	0	0	0	0	0	11.265	0	2.041	0	0	0	0	0	0	0	0.455	0	21.458	0	0	0	0	0	0	0	0	0	0	0	0	0	0	0	0	0	0	0	0	0	0	0	0	0	3.844	0	0	0	0	87.68	0	0	0	0	0	6.444	0	0	0.5	0	0	0	0	0	5.516	9.937	0	0	3.774	122.552	0	0	0.95	94.538	0	0	0	0	0	0	25.366	0	0	0	0.06	0	1.639	0	0	0	0	0	12.835	0	0
2008	WEST1	-99	-99	-99	-99	-99	-99	-99	-99	-99	-99	-99	-99	-99	-99	-99	-99	-99	-99	-99	-99	-99	-99	-99	-99	-99	-99	-99	-99	-99	-99	-99	-99	-99	-99	-99	-99	-99	-99	-99	-99	-99	-99	-99	-99	-99	-99	-99	-99	-99	-99	-99	-99	-99	-99	-99	-99	-99	-99	-99	-99	-99	-99	-99	-99	-99	-99	-99	-99	-99	-99	-99	-99	-99	-99	-99	-99	-99	-99	-99	-99	-99	-99	-99	-99	-99	-99	-99	-99	-99	-99	-99	-99	-99	-99	-99	-99	-99	-99	-99	-99
1989	WEST2	130.432	0	0	0	0	0	0	0	0	0	0	0	0	0	0	0	0	0	0	0	0	0	0	0	0	0	0	0	0	0	0	0	0	0	0	0	0	0	0	0	0	0	0	0	0	0	3.13	0	0	0	0	0	0	0	0	0	0	0	0	0	0	0	0	2.625	0	0	0	0	0	1.03	0	0	0	0	0	0	0	0	112.803	0	0	0	0	0	0	10.693	0	0	0	0.151	0	0	0	0	0	0	0	0	0	0
1990	WEST2	82.163	0	0	0	0	0	0	0	0	0	0	0	0	0	0	0	0	0	0	0	0	0	0	0	0	0	0	0	0	0	0	0	0	0	0	0	0	0	0	0	0	0	0	0	0	0	2.372	0	0	0.037	0	0	0	0	0	0	0	0	0	0	0	0	0	3.363	0	0	0	0	0	0.055	0	0	0	0	0	0	0	0	74.981	0	0	0	0	0	0	0.962	0	0	0	0.393	0	0	0	0	0	0	0	0	0	0
1991	WEST2	126.71	0	0	0	0	0	0	0	0	0	0	0	0	0	0	0	0	0	0	0	0	0	0	0	0	0	0	0	0	0	0	0	0	0	0	0	0	0	0	0	0	0	0	0	0	0	1.664	0	0	0	0	0	0	0	0	0	0	0	0	0	0	0	0	9.516	0	0	0	0	0	0.082	0	0	0	0	0	0	0	0	114.213	0	0	0	0	0	0	1.171	0	0	0	0.064	0	0	0	0	0	0	0	0	0	0
1992	WEST2	203.631	0	0	0	0.006	0	0	0	0	0	0	0	0	0	5.831	0.119	0	0	0	0	0	0	0	0.176	0	0	0	0	0	0	0	0	0.004	0	0.009	0	0	0	0	0	0	0	0	0	0	0	7.807	0	0	10.604	0	0	0	0	0	0	0	0	0	0	0	0	0	5.045	0	0	0	0	0	2.787	0	0	0	0	0	0	0	0	87.076	0	0	0.015	0	0	0	55.304	0	0	0	0.905	0	0	0	0	0	0	0	27.943	0	0
1993	WEST2	79.449	0	0	0	0	0	0	0	0	0	0	0	0	0	0	0	0	0.009	0	0	0	0	0	0	0	0	0	0	0	0	0	0	0.001	0	0.321	0	0	0	0	0	0	0	0	0	0	0	3.693	0	0	0.052	0	0	0	0	0	0	0	0	0	0	0	0	0	3.22	0	0	0	0	0	0.482	0	0	0	0	0	0	0	0	69.561	0	0	0	0	0	0	2.074	0	0	0	0.028	0	0	0	0.008	0	0	0	0	0	0
1994	WEST2	62.658	0	0	0	0	0	0	0	0	0	0	0	0	0	0	0	0	0	0	0	0	0	0	0	0	0	0	0	0	0	0	0	0	0	0	0	0	0	0	0	0	0	0	0	0	0	20.358	0	0	0	0	0	0	0	0	0	0	0	0	0	0	0	0	3.178	0	0	0	0	0	0	0	0	0	0	0	0	0	0	39.122	0	0	0	0	0	0	0	0	0	0	0	0	0	0	0	0	0	0	0	0	0
1995	WEST2	48.833	0	0	0	0	0	0	0	0	0	0	0	0	0.716	0	0.125	0	0	0	0	0	0	0.014	0	0	0	0	0	0	0	0	0	2.228	0	0.055	0	0	0	0	0	0	0	0	0	0	0	0	0	0	0.263	0	0	0	0	0	0	0	0	0	0	0	0	0	0.153	0	0	0	0	0	0.461	0.083	0	0	0	9.12	0	0	0	35.169	0	0	0	0	0	0	0.34	0	0	0	0.106	0	0	0	0	0	0	0	0	0	0
1996	WEST2	41.147	0	0	0	0	0	0	0	0	0	0	0	0	0	0	0	0	0	0	0	0	0	0	0	0	0	0	0	0	0	0	0	0	0	0	0	0	0	0	0	0	0	0	0	0	0	0	0	0	0	0	0	0	0	0	0	0	0	0	0	0	0	0	0.607	0	0	0	0	0	0	0	0	0	0	2.8	0	0	0	37.707	0	0	0	0	0	0	0	0	0	0	0.033	0	0	0	0	0	0	0	0	0	0
1997	WEST2	64.543	0	0	0	0	0	0	0	0	0	0	0	0	0	0	0	0	0	0	0	0	0	0	0	0	0	0	0	0	0	0	0	0	0	0	0	0	0	0	0	0	0	0	0	0	0	0	0	0	0.018	0	0	0	0	0	0	0	0	0	0	0	0	0	0.373	0	0	0	0	0	0.57	0	0	0	0	9.581	0	0	0	53.342	0	0	0	0	0	0	0.018	0	0	0	0	0	0.641	0	0	0	0	0	0	0	0
1998	WEST2	57.879	0	0	0	0	0	0	0	0	0	0	0	0	0	0	0	0	0	0	0	0	0	0	0	0	0	0	0	0	0	0	0	0	0	0	0	0	0	0	0	0	0	0	0	0	0	0	0.003	0	0	0	0	0	0	0	0	0	0	0	0	0	0	0	1.444	0	0	0	0	0	0.071	0	0	0	0	2.517	0.863	0	0	52.767	0	0	0	0	0	0	0.209	0	0	0	0	0	0.005	0	0	0	0	0	0	0	0
1999	WEST2	17.55	0	0	0	0	0	0	0	0	0	0	0	0	0	0	0	0	0	0	0	0	0	0	0	0	0	0	0	0	0	0	0	0	0	0.031	0	0	0	0	0	0	0	0	0	0	0	0	0.421	0	0	0	0	0	0	0	0	0	0	0	0	0	0	0	0	0	0	0	0	0	0.539	0	0	0	0	5.117	0	0	0	10.481	0	0	0	0	0	0	0.749	0	0	0	0	0	0.212	0	0	0	0	0	0	0	0
2000	WEST2	0.108	0	0	0	0	0	0	0	0	0	0	0	0	0	0	0	0	0	0	0	0	0	0	0	0	0	0	0	0	0	0	0	0	0	0	0	0	0	0	0	0	0	0	0	0	0	0	0	0	0	0	0	0	0	0	0	0	0	0	0	0	0	0	0	0	0	0	0	0	0	0	0	0	0	0	0	0	0	0	0	0	0	0	0	0	0	0	0	0	0.108	0	0	0	0	0	0	0	0	0	0
2001	WEST2	34.488	0	0	0	0	0	0	0	0	0	0	0	0	0.08	0	0	0	0	0	0	0	0	0	0	0	0	0	0	0	0	0	0	0.12	0	0.012	0	0	0	0	0	0	0	0	0	0	0	0	0.958	0.001	0	0	0	0	0	0	0	0	0	0	0	0	0	0	0.71	0	0	0	0	0	0.721	0	0	0	0	5.413	0	0	0	23.982	0	0	0	0	0	0	2.179	0	0	0	0	0	0.312	0	0	0	0	0	0	0	0
2002	WEST2	0.591	0	0	0	0	0	0	0	0	0	0	0	0	0	0	0	0	0	0	0	0	0	0	0	0	0	0	0	0	0	0	0	0	0	0	0	0	0	0	0	0	0	0	0	0	0	0	0	0	0	0	0	0	0	0	0	0	0	0	0	0	0	0	0.002	0.502	0	0	0	0	0	0	0	0	0	0	0	0	0	0.082	0	0	0	0	0	0	0	0	0	0	0	0	0.005	0	0	0	0	0	0	0	0
2003	WEST2	56.433	0	0	0	0	0	0	0	0	0	0	0	0	0	0	0	0	0	0	0	0	0	0	0	0	0	0	0	0	0	0	0	1.269	0	0	0	0	0	0	0	0	0	0	0	0	0	0	0	0	2.659	0	0	0	0	0	0	0	0	0	0	0	0	0	0	0	0	0	0	0	1.176	0	0	0	0	13.637	0	0	0	34.324	0	0	0	0	0	0	2.905	0	0	0	0	0	0.463	0	0	0	0	0	0	0	0
2004	WEST2	39.561	0	0	0	0	0	0	0	0	0	0	0	0	0	0	0	0	0	0	0	0	0	0	0	0	0	0	0	0	0	0	0	0	0	0	0	0	0	0	0	0	0	0	0	0	0	0	0	0	1.514	0	0	0	0	0	0	0	0	0	0	0	0	0	0	0	0	0	0	0	1.069	0	0	0	0	4.878	0	0	0	29.029	0	0	0	0	0	0	0	0	0	0	0	0	3.071	0	0	0	0	0	0	0	0
2005	WEST2	92.271	0	0	0	0	0	0	0	0	0	0	0	0	0	0	0	0	0	0	0	0	0	0	0.321	0	0	0	0	0	0	0	0	2.778	0	0	0	0	3.01	0	0	0	0	0	0	0	0	0	0	0	2.882	0	0	0	0	0	0	0	0	0.325	0	0	0	0	0.291	0	0	0	0	0	0.419	0	0	0	52.215	0.673	0	0	0	28.995	0	0	0	0	0	0	0	0	0	0	0	0	0.155	0	0	0	0	0	0.207	0	0
2007	WEST2	631.773	0	0	0	40.23	0	0	0	0	0	0	73.419	0	0.265	0.265	0	0	0	0	0	0	0	0	48.172	0	0	0	0	0	0	0	0	19.141	0	0	0	0	0	0	0	0	0	0	0	0	0	0	0	0	11.406	0	0	0	0	27.423	0	0	0	0	0	0	0	0	11.698	0	0	0	0	0	1.235	185.287	0	0	0.332	15.852	0	0	1.839	115.691	0	0	0	0	3.316	0	23.35	0	0	0	0.061	0	0.189	0	0	0	0	0	52.602	0	0
2008	WEST2	-99	-99	-99	-99	-99	-99	-99	-99	-99	-99	-99	-99	-99	-99	-99	-99	-99	-99	-99	-99	-99	-99	-99	-99	-99	-99	-99	-99	-99	-99	-99	-99	-99	-99	-99	-99	-99	-99	-99	-99	-99	-99	-99	-99	-99	-99	-99	-99	-99	-99	-99	-99	-99	-99	-99	-99	-99	-99	-99	-99	-99	-99	-99	-99	-99	-99	-99	-99	-99	-99	-99	-99	-99	-99	-99	-99	-99	-99	-99	-99	-99	-99	-99	-99	-99	-99	-99	-99	-99	-99	-99	-99	-99	-99	-99	-99	-99	-99	-99	-99
1989	WEST3	102.21	0	0	0	0	0	0	0	0	0	0	0	0	0	0	0	0	0	0	0	0	0	0	0	0	0	0	0	0	0	0	0	0	0	0	0	0	0	0	0	0	0	0	0	0	0	0	0	0	0.013	0	0	0	0	0	0	0	0	0	0	0	0	0	0	0	0	0	0	0	0	0	0	0	0	0	0	0	0	100.658	0	0	0	0	0	0	1.47	0	0	0	0.069	0	0	0	0	0	0	0	0	0	0
1990	WEST3	99.117	0	0	0	0	0	0	0	0	0	0	0	0	0	0	0	0	0	0	0	0	0	0	0	0	0	0	0	0	0	0	0	0	0	0	0	0	0	0	0	0	0	0	0	0	0	0	0	0	0.356	0	0	0	0	0	0	0	0	0	0	0	0	0	0.287	23.421	0	0	0	0	0.072	0	0	0	0	0	0	0	0	74.446	0	0	0	0	0	0	0.422	0	0	0	0.113	0	0	0	0	0	0	0	0	0	0
1991	WEST3	110.744	0	0	0	0	0	0	0	0	0	0	0	0	0	0	0	0	0	0	0	0	0	0	0	0	0	0	0	0	0	0	0	0	0	0	0	0	0	0	0	0	0	0	0	0	0	0	0	0	0	0	0	0	0	0	0	0	0	0	0	0	0	0	0	20.911	0	0	0	0	0.014	0	0	0	0	0	0	0	0	89.404	0	0	0	0	0	0	0.409	0	0	0	0.006	0	0	0	0	0	0	0	0	0	0
1992	WEST3	233.3	0	0	0	8.914	0	0	0	0	0	0	0	0	0	11.132	0	0	1.212	0	0	0	0	0	0.08	0	0	0	0	0	0	0	0	0.183	0	0.031	0	0	0	0	0	0	0.115	0	0	0	0	3.731	0	0	31.152	0	0	0	0	0.113	0	0	0	0	0	0	0	0	0	12.379	0	0	0	0	0.63	0	0	0	0	0	0	0	0	96.287	0	0.082	0	0	0	0	41.625	0	1.575	0	0.439	0	0	0	0	0	0	0	23.62	0	0
1993	WEST3	98.669	0	0	0	0	0	0	0	0	0	0	0	0	0	0	0	0	0.118	0	0	0	0	0	0	0	0	0	0	0	0	0	0	0.182	0	0	0	0	0	0	0	0	0.023	0	0.049	0	0	1.016	0	0	1.118	0	0	0	0	0	0	0	0	0	0	0	0	0	0	39.48	0	0	0	0	0.118	0	0	0	0	0	0	0	0	54.938	0	0	0	0	0	0	1.549	0	0	0	0.078	0	0	0	0	0	0	0	0	0	0
1994	WEST3	42.925	0	0	0	0	0	0	0	0	0	0	0	0	0	0	0	0	0	0	0	0	0	0	0	0	0	0	0	0	0	0	0	0	0	0	0	0	0	0	0	0	0	0	0	0	0	2.431	0	0	0	0	0	0	0	0	0	0	0	0	0	0	0	0	16.612	0	0	0	0	0	0	0	0	0	0	0	0	0	0	23.854	0	0	0	0	0	0	0.017	0	0	0	0.011	0	0	0	0	0	0	0	0	0	0
1995	WEST3	117.611	0	0	0	0.004	0	0	0	0	0	0	0.53	0	0.08	0	0	0	0.108	0	0	0	0	0	0	0	0	0	0	0	0	0	0	4.431	0	0.004	0	0	0	0	0	0	0.378	0	0	0	0	0	0	0	0.726	0	0	0	0	1.348	0	0	0	0.163	0	0	0	0	0	83.645	0	0	0	0	0.009	0.053	0.01	0	0	0.664	0	0	0	25.243	0	0	0	0	0	0	0.183	0	0	0	0.032	0	0	0	0	0	0	0	0	0	0
1996	WEST3	173.703	0	0	0	0	0	0	0	0	0	0	0	0	0	0	0	0	0	0	0	0	0	0	0	0	0	0	0	0	0	0	0	0	0	0	0	0	0	0	0	0	0	0	0	0	0	0	0	0	0	0	0	0	0	0	0	0	0	0	0	0	0	0	0	142.113	0	0	0	0	0	0	0	0	0	0	0	0	0	31.576	0	0	0	0	0	0	0	0	0	0	0.014	0	0	0	0	0	0	0	0	0	0
1997	WEST3	124.901	0	0	0	0	0	0	0	0	0	0	0	0	0	0	0	0	0.042	0	0	0	0	0	0	0	0	0	0	0	0	0	0	0	0	0	0	0	0	0	0	0	0	0	0	0	0	0	0	0	0.299	0	0	0	0	0	0	0	0	0	0	0	0	0	0	62.566	0	0	0	0	0.024	0	0	0	0	3.835	0	0	0	56.46	0	0	0	0	0	0	0	0	0	0	0	0	1.675	0	0	0	0	0	0	0	0
1998	WEST3	90.012	0	0	0	0	0	0	0	0	0	0	0	0	0	0	0	0	0	0	0	0	0	0	0	0	0	0	0	0	0	0	0	0	0	0	0	0	0	0	0	0	0	0	0	0	0	0	0	0	0.124	0	0	0	0	0	0	0.018	0	0	0	0	0	0	0.012	39.481	0	0	0	0	0.012	0	0	0	0	1.684	0	0	0	48.649	0	0	0	0	0	0	0	0	0	0	0	0	0.032	0	0	0	0	0	0	0	0
1999	WEST3	80.025	0	0	0	0	0	0	0	0	0	0	0	0	0	0	0	0	0	0	0	0	0	0	0	0	0	0	0	0	0	0	0	0	0	0	0	0	0	0	0	0	0	0	0	0	0	0	0.517	0	0.045	0	0	0	0	0	0	0	0	0	0	0	0	0	0	53.533	0	0	0	0	0.002	0	0	0	0	0.534	0	0	0	25.128	0	0	0	0	0	0	0.045	0	0	0	0	0	0.221	0	0	0	0	0	0	0	0
2000	WEST3	83.078	0	0	0	0	0	0	0	0	0	0	0	0	0	0	0	0	0	0	0	0	0	0	0	0	0	0	0	0	0	0	0	0	0	0	0	0	0	0	0	0	0	0	0	0	0	0	0	0	0	0	0	0	0	0	0	0	0	0	0	0	0	0	0	83.059	0	0	0	0	0	0	0	0	0	0.005	0	0	0	0.014	0	0	0	0	0	0	0	0	0	0	0	0	0	0	0	0	0	0	0	0	0
2001	WEST3	104.077	0	0	0	0	0	0	0	0	0	0	0	0	0	0	0	0	0	0	0	0	0	0	0	0	0	0	0	0	0	0	0	2.14	0	0.001	0	0	0	0	0	0	0	0	0	0	0	0	0.951	0	0.009	0	0	0	0	0	0	0	0	0	0	0	0	0	0	76.116	0	0	0	0	0.007	0	0	0	0	0.091	0	0	0	24.241	0	0	0	0	0	0	0.481	0	0	0	0	0	0.04	0	0	0	0	0	0	0	0
2002	WEST3	148.966	0	0	0	0	0	0	0	0	0	0	0	0	0	0	0	0	0	0	0	0	0	0	0	0	0	0	0	0	0	0	0	0	0	0	0	0	0	0	0	0	0	0	0	0	0	0	0	0	0	0	0	0	0	0	0	0	0	0	0	0	0	0	0	148.721	0	0	0	0	0	0	0	0	0	0	0	0	0	0.245	0	0	0	0	0	0	0	0	0	0	0	0	0	0	0	0	0	0	0	0	0
2003	WEST3	202.709	0	0	0	0	0	0	0	0	0	0	0	0	0	0	0	0	0	0	0	0	0	0	0	0	0	0	0	0	0	0	0	0	0	0	0	0	0	0	0	0	0	0	0	0	0	0	0	0	1.788	0	0	0	0	1.885	0	0	0	0	0	0	0	0	0	162.94	0	0	0	0	0	0	0	0	0	2.966	0	0	0	32.958	0	0	0	0	0	0	0.073	0	0	0	0	0	0.084	0	0	0	0	0	0.015	0	0
2004	WEST3	71.021	0	0	0	0	0	0	0	0	0	0	0	0	0	0	0	0	0	0	0	0	0	0	0	0	0	0	0	0	0	0	0	0	0	0	0	0	0	0	0	0	0	0	0	0	0	0	0	0	2.61	0	0	0	0	0	0	0	0	0	0	0	0	0	0	40.15	0	0	0	0	0	0	0	0	0	0	0	0	0	26.638	0	0	0	0	0	0	0	0	0	0	0	0	1.623	0	0	0	0	0	0	0	0
2005	WEST3	236.258	0	0	0	0	0	0	0	0	0	0	6.891	0	0	0	0	0	0	0	0	0	0	0	0.024	0	0	0	0	0	0	0	0	7.222	0	0	0	0	0	0	0	0	0	0	0	0	0	0	0	0	3.546	0	0	0	0	0	0	9.958	0	0.163	0	0	0	0	0	89.5	0	0	0	0	0	0	0	0	81.62	1.593	0	0	0	35.386	0	0	0	0	0	0	0	0	0	0	0	0	0.119	0	0	0	0	0	0.236	0	0
2007	WEST3	743.691	0	0	0	11.53	0	0	0	0	0	0	45.589	0	0	0	0	0	0.006	0	0	0	0	0	2.727	0	0	0	0	0	0	0	0	0	0	0.042	0	0	0	0	0	0	0	0	0	0	0	0	0	0	6.77	0	0	0	0	36.753	0	0	0	0	0	0	0	0	0	15.809	0	0	0	0	0	28.268	0	2.596	427.01	4.851	0	0	3.051	96.578	0	0	0	0	0	0	5.427	0	0	0	0.356	0	0	0	0	0	0	0	56.328	0	0
2008	WEST3	41.85	0	0	0	0	0	0	0	0	0	0	0	0	0	0	0	0	0	0	0	0	0	0	0	0	0	0	0	0	0	0	0	0	0	0	0	0	0	0	0	0	0	0	0	0	0	0	0	0	0	0	0	0	0	0	0	0	0	0	0	0	0	0	0	41.822	0	0	0	0	0	0	0	0	0	0	0	0	0	0	0	0	0	0	0	0	0	0	0	0	0.028	0	0	0	0	0	0	0	0	0	0
1989	WEST4	121.193	0	0	0	0	0	0	0	0	0	0	0	0	0	0	0	0	0	0	0	0	0	0	0	0	0	0	0	0	0	0	0	0	0	0	0	0	0	0	0	0	0	0	0	0	0	11.27	0	0	0	0	0	0	0	0	0	0	0	0	0	0	0	0	0	0	0	0	0	0	0.048	0	0	0	0	0	0	0	0	109.794	0	0	0	0	0	0	0.05	0	0	0	0.031	0	0	0	0	0	0	0	0	0	0
1990	WEST4	84.357	0	0	0	0	0	0	0	0	0	0	0	0	0	0	0	0	0	0	0	0	0	0	0	0	0	0	0	0	0	0	0	0	0	0	0	0	0	0	0	0	0	0	0	0	0	2.443	0	0	0.089	0	0	0	0	0	0	0	0	0	0	0	0	0	0	0	0	0	0	0	0.019	0	0	0	0	0	0	0	0	81.574	0	0	0	0	0	0	0.036	0	0	0	0.196	0	0	0	0	0	0	0	0	0	0
1991	WEST4	113.565	0	0	0	0	0	0	0	0	0	0	0	0	0	0	0	0	0	0	0	0	0	0	0	0	0	0	0	0	0	0	0	0	0	0	0	0	0	0	0	0	0	0	0	0	0	3.085	0	0	0	0	0	0	0	0	0	0	0	0	0	0	0	0	0	0	0	0	0	0	0	0	0	0	0	0	0	0	0	110.44	0	0	0	0	0	0	0	0	0	0	0.04	0	0	0	0	0	0	0	0	0	0
1992	WEST4	241.898	0	0	0	0.281	0	0	0	0	0	0	0	0	0	0	0	0	0	0	0	0	0	0	0	0	0	0	0	0	0	0	0	0	0	0	0	0	0	0	0	0	0	0	0	0	0	28.869	0	0	20.909	0	0	0	0	0	0	0	0	0	0	0	0	0.019	0.164	0	0	0	0	0	1.071	0	0	0	0	0	0	0	0	120.261	0	0	0	0	0	0	52.564	0	0	0	0.114	0	0	0	0	0	0	0	17.646	0	0
1993	WEST4	68.669	0	0	0	0	0	0	0	0	0	0	0	0	0	0	0	0	0.003	0	0	0	0	0	0	0	0	0	0	0	0	0	0	0	0	0	0	0	0	0	0	0	0	0	0	0	0	9.197	0	0	0.37	0	0	0	0	0	0	0	0	0	0	0	0	0	0.049	0	0	0	0	0	0.404	0	0	0	0	0	0	0	0	57.856	0	0	0	0	0	0	0.752	0	0	0	0.038	0	0	0	0	0	0	0	0	0	0
1994	WEST4	31.684	0	0	0	0	0	0	0	0	0	0	0	0	0	0	0	0	0	0	0	0	0	0	0	0	0	0	0	0	0	0	0	0	0	0	0	0	0	0	0	0	0	0	0	0	0	22.408	0	0	0	0	0	0	0	0	0	0	0	0	0	0	0	0	0.229	0.027	0	0	0	0	0	0	0	0	0	0	0	0	0	9.003	0	0	0	0	0	0	0.017	0	0	0	0	0	0	0	0	0	0	0	0	0	0
1995	WEST4	41.678	0	0	0	0	0	0	0	0	0	0	0	0	0	0	0.053	0	0	0	0	0	0	0	0	0	0	0	0	0	0	0	0	4.167	0	0.002	0	0	0	0	0	0	0	0	0	0	0	0	0	0	0.576	0	0	0	0	0	0	0	0	0	0	0	0	0	0	0.234	0	0	0	0	0.45	0.523	0	0	0	12.64	0	0	0	22.861	0	0	0	0	0	0	0	0	0.128	0	0.044	0	0	0	0	0	0	0	0	0	0
1996	WEST4	30.169	0	0	0	0	0	0	0	0	0	0	0	0	0	0	0	0	0	0	0	0	0	0	0	0	0	0	0	0	0	0	0	0	0	0	0	0	0	0	0	0	0	0	0	0	0	0	0	0	0	0	0	0	0	0	0	0	0	0	0	0	0	0	0.032	0	0	0	0	0	0	0	0	0	0	13.211	0	0	0	16.926	0	0	0	0	0	0	0	0	0	0	0	0	0	0	0	0	0	0	0	0	0
1997	WEST4	78.289	0	0	0	0	0	0	0	0	0	0	0	0	0	0	0	0	0	0	0	0	0	0	0	0	0	0	0	0	0	0	0	0	0	0	0	0	0	0	0	0	0	0	0	0	0	0	0	0	0.406	0	0	0	0	0	0	0	0	0	0	0	0	0	0	0.251	0	0	0	0	0.005	0	0	0	0	31.981	0	0	0	44.887	0	0	0	0	0	0	0	0	0	0	0	0	0.759	0	0	0	0	0	0	0	0
1998	WEST4	37.024	0	0	0	0	0	0	0	0	0	0	0	0	0	0	0	0	0	0	0	0	0	0	0	0	0	0	0	0	0	0	0	0	0	0	0	0	0	0	0	0	0	0	0	0	0	0	0.01	0	0	0	0	0	0	0	0	0	0	0	0	0	0	0	0.014	1.037	0	0	0	0	0.029	0	0	0	0	5.468	0	0	0	30.435	0	0	0	0	0	0	0	0	0	0	0	0	0.031	0	0	0	0	0	0	0	0
1999	WEST4	53.108	0	0	0	0	0	0	0	0	0	0	0	0	0	0	0	0	0	0	0	0	0	0	0	0	0	0	0	0	0	0	0	0	0	0	0	0	0	0	0	0	0	0	0	0	0	0	0	0	0.267	0	0	0	0	0	0	0	0	0	0	0	0	0	0.185	1.171	0	0	0	0	0.053	0	0	0	0	30.222	0	0	0	21.075	0	0	0	0	0	0	0	0	0	0	0	0	0.135	0	0	0	0	0	0	0	0
2000	WEST4	0.288	0	0	0	0	0	0	0	0	0	0	0	0	0	0	0	0	0	0	0	0	0	0	0	0	0	0	0	0	0	0	0	0	0	0	0	0	0	0	0	0	0	0	0	0	0	0	0	0	0	0	0	0	0	0	0	0	0	0	0	0	0	0	0	0	0	0	0	0	0	0	0	0	0	0	0	0	0	0.278	0	0	0	0	0	0	0	0	0	0	0	0	0.01	0	0	0	0	0	0	0	0
2001	WEST4	56.848	0	0	0	0	0	0	0	0	0	0	0	0	0	0	0	0	0	0	0	0	0	0	0	0	0	0	0	0	0	0	0	0.586	0	0.001	0	0	0	0	0	0	0	0	0	0	0	0	1.545	0	0	0	0	0	0	0	0	0	0	0	0	0	0	0	0.008	8.699	0	0	0	0	0.02	0.101	0	0	0	18.654	0	0	0	23.92	0	0	0	0	0	0	0	0	0	0	0	3.257	0.057	0	0	0	0	0	0	0	0
2002	WEST4	9.538	0	0	0	0	0	0	0	0	0	0	0	0	0	0	0	0	0	0	0	0	0	0	0	0	0	0	0	0	0	0	0	0	0	0	0	0	0	0	0	0	0	0	0	0	0	0	0	0	0	0	0	0	0	0	0	0	0	0	0	0	0	0	0	9.368	0	0	0	0	0	0	0	0	0	0	0	0	0	0.158	0	0	0	0	0	0	0	0	0	0	0	0	0.012	0	0	0	0	0	0	0	0
2003	WEST4	93.303	0	0	0	0	0	0	0	0	0	0	0	0	0	0	0	0	0	0	0	0	0	0	0	0	0	0	0	0	0	0	0	0.874	0	0	0	0	0	0	0	0	0	0	0	0	0	0	0	0	1.105	0	0	0	0	0	0	0	0	0	0	0	0	0	0	23.086	0	0	0	0	0.077	0	0	0	0	22.396	0	0	0	43.335	0	0	0	0	0	0	0.047	0	0	0	0	0	0.111	0	0	0	0	0	2.272	0	0
2004	WEST4	56.875	0	0	0	0	0	0	0	0	0	0	0	0	0	0	0	0	0	0	0	0	0	0	0	0	0	0	0	0	0	0	0	0	0	0	0	0	0	0	0	0	0	0.004	0	0	0	0	0	0	1.376	0	0	0	0	0	0	0	0	0	0	0	0	0	0	5.437	0	0	0	0	0	0	0	0	0	19.402	0	0	0	28.268	0	0	0	0	0	0	0	0	0	0	0	0	2.388	0	0	0	0	0	0	0	0
2005	WEST4	214.154	0	0	0	0	0	0	0	0	0	0	0	0	5.964	0	0	0	0	0	0	0	0	0	0	0.162	0	0	0	0	0	1.389	0	13.67	0	0	0	0	0	0	0	33.154	0	0	0	0	0	0	0.526	0	0.409	0	0	0	0	0	0	0	0	0.163	0	0	0	0	0	14.554	0	0.196	0	0	0.034	0	0	0	91.387	7.932	0	0	0	41.509	0	0	0	0	0	0	0.485	0	0	1.584	0	0	0.062	0	0	0	0	0	0.974	0	0
2007	WEST4	944.86	0	0	0	23.875	0	0	0	0	0	0	209.39	0	0	0	0	0	0.021	0.35	0	0	0	0	24.519	0	2.259	0	0	0	0	0	0	0	0	0.004	0	0	0	0	0	49.573	0	0	0	0	0	0	0	0	24.167	0	0	0	0	0	0	0	0	0	0	0	0	0	0	18.318	0	0	0	0	0.207	97.515	0	0	39.483	47.532	0	0	0.004	129.025	0	0	0	0	8.78	0	36.101	0	0	0	0.013	0	0.265	0	0	0	0	0.84	232.619	0	0
2008	WEST4	32.635	0	0	0	0	0	0	0	0	0	0	0	0	0	0	0	0	0	0	0	0	0	0	0	0	0	0	0	0	0	0	0	0	0	0	0	0	0	0	0	0	0	0	0	0	0	0	0	0	0	0	0	0	0	0	0	0	0	0	0	0	0	0	0	32.621	0	0	0	0	0	0	0	0	0	0	0	0	0	0	0	0	0	0	0	0	0.014	0	0	0	0	0	0	0	0	0	0	0	0	0	0
