Year	site	total	ALIN	ALLI1	ALMA	AMCH	APRA	ARGL	ARIS1	ARLO	ARNE	ARPU	ARPU1	ARWR	ASAL	ASCL1	ASNU	ASTE	ASTE1	ASTR1	ASWO	BAAB	BAMU	BAPE	BOER	BOUT1	CABA	CACH	CAWR	CHCO	CHIN	CHST	COCO	CRAN	CRCR	CRMI	CRPO	CRPT	CRYP1	CSDL1	CYGY	DAPU	DEPI	DIWI	DYPE	ENDE	ERAB	ERAN	ERBE	ERCA	ERDI	ERDV	ERIG1	ERIO1	ERPU	ERRO	ERTR	EUAL	EUMI	EUPH1	EUSE	EUSR	HAGR	IPLO	IVAM	LARE	LEER	LELA	LEPI1	LEVI	LIBI	LIVE	LONE	MAFE	MAPI	MELE	MILI	MUPO	NAHI	OEPR	PEAN	PECT1	PENA	PHAC1	PHCO	PHIN	PLPA	POAC1	RANE	SACY	SAKA	SCAR	SCBR	SELE	SELO	SOEL	SPOR1	SPSU	SPVEG	STAR	STEX	STPA	TAAN	TALI1	TECO	TILA	UKFO1	UKFO4	UKFO5	UKGS1	VEEN	VEWR	VUOC
1989	CALI	33.694	0	0	0	0	0	0	0	16.955	0	0	0	0	0	0	0	0	0	0	0	2.624	0	0	0	0	0	0	0	0	0	0	0	0	0	0	0	0	0	0	0	0	0	0	0	0	0	0	0	0	0	0	0	0	6.426	0	0	0	0	0	0	0	0.109	0	0	0	0	0	0	0	0	0	0	0	0	0	0	0	0	0	0	0	7.58	0	0	0	0	0	0	0	0	0	0	0	0	0	0	0	0	0	0	0	0	0	0	0	0	0	0	0	0	0	0
1990	CALI	56.655	0	0	0	0	0	0	0	0	0	0	0	27.339	0	0	0	0	0	0	0	0.287	0	0	0	0	0	0	0	0	0	0	0	0	0	0	0	0	0	0	0	0	0	0	0	0	0	0	0	0	0	0	0	0	28.486	0	0	0	0	0	0	0	0.136	0	0	0	0	0	0	0	0	0	0	0	0	0	0	0	0	0	0	0	0.405	0	0	0	0	0	0	0	0	0	0.002	0	0	0	0	0	0	0	0	0	0	0	0	0	0	0	0	0	0	0	0
1991	CALI	109.231	0	0	0	0	0	0	0	0	0	0	0	82.37	0	0	0	0	0	0	0	0.02	0.012	0	0	0	0	0	0	0	0	0	0	0	0	0	0	0	0	0	0	0	0	0	0	0	0	0	0	0	0	0	0	0	26.313	0.298	0	0	0	0	0	0	0	0	0	0	0	0	0	0	0	0	0	0	0	0	0	0	0	0	0	0	0.218	0	0	0	0	0	0	0	0	0	0	0	0	0	0	0	0	0	0	0	0	0	0	0	0	0	0	0	0	0	0
1992	CALI	131.837	0	0	0	0	0	0	0	0	0	0	0	85.422	0	0	0	0	0	0	0	13.651	0.048	0	0	0	0	0	0	0	0	0	0	1.263	0	0	0	0	0	0	0	0	0.103	0	0	0	0	0	0	0	0	0	0	0	26.415	1.553	0	0	0	0	0	0	0	0	0	0	0	0	0	0	0	0	0	0	0	0	0	0	0	0	0	0	3.382	0	0	0	0	0	0	0	0	0	0	0	0	0	0	0	0	0	0	0	0	0	0	0	0	0	0	0	0	0	0
1993	CALI	97.405	0	0	0	0	0	0	0	0	0	0	0	50.087	0	0	0	0	0	0	0	2.275	0	0	0	0	0	0	0	0	0	0	0	0.034	0	0	0	0	0	0	0	0	0.379	0	0	0	0.002	0	0	0	0	0	0	0	39.898	0.171	0	0	0	0	0	0	0	0	0	0	0	0	0	0	0	0	0	0	0	0	0	0	0	0	0	0	4.559	0	0	0	0	0	0	0	0	0	0	0	0	0	0	0	0	0	0	0	0	0	0	0	0	0	0	0	0	0	0
1994	CALI	80.671	0	0	0	0	0	0	33.005	0	0	0	0	35.605	0	0	0	0	0	0	0	0	0	0	0	0	0	0	0	0	0	0	0	0	0	0	0	0	0	0	0	0	0	0	0	0	0	0	0	0	0	0	0	0	12.061	0	0	0	0	0	0	0	0	0	0	0	0	0	0	0	0	0	0	0	0	0	0	0	0	0	0	0	0	0	0	0	0	0	0	0	0	0	0	0	0	0	0	0	0	0	0	0	0	0	0	0	0	0	0	0	0	0	0
1995	CALI	135.531	0	0	0	0	0	0	0	0	1.272	0	0	118.823	0	0	0	0	0	0	0	0.061	0.007	0	0	0	0	0	0	0	0	0	0	0.026	0	0	0	6.606	0	0	0	3.755	0.843	0	0	0	0	0	0	0	0.006	0	0	0	0	0.467	0	0	0	0	0	0	0	0	0	0	0	0	0	0	0	0	0	0	0	0	0	0	0	0	0	0	3.665	0	0	0	0	0	0	0	0	0	0	0	0	0	0	0	0	0	0	0	0	0	0	0	0	0	0	0	0	0	0
1996	CALI	54.163	0	0	0	0	0	0	26.491	0	0	0	0	27.551	0	0	0	0	0	0	0	0	0	0	0	0	0	0	0	0	0	0	0	0	0	0	0	0	0	0	0	0.121	0	0	0	0	0	0	0	0	0	0	0	0	0	0	0	0	0	0	0	0	0	0	0	0	0	0	0	0	0	0	0	0	0	0	0	0	0	0	0	0	0	0	0	0	0	0	0	0	0	0	0	0	0	0	0	0	0	0	0	0	0	0	0	0	0	0	0	0	0	0	0
1997	CALI	62.477	0	0	0	0	0	0	0	0	0	0	0	29.176	0	0	0	0	0	0	0	0.19	0.001	0	0	0	0	0	0	0	0	0	0	0	0	0	0	0	0	0	0	31.374	0	0	0	0	0	0	0	0	0	0	0	0	0	0	0	0.067	0	0	0	0	0	0	0	0	0	0	0	0	0	0	0	0	0	0	0	1.233	0	0	0	0	0.274	0	0	0	0	0	0	0	0	0	0.162	0	0	0	0	0	0	0	0	0	0	0	0	0	0	0	0	0	0	0	0
1998	CALI	49.873	0	0	0	0	0	0	0	0	0	0	0	26.28	0	0	0	0	0	0	0	0.398	0	0	0	0	0	0	0	0	0	0	0	0	0	0	0	0	0	0	0	20.26	0	0	0	0	0	0	0	0	0	0	0	0	0	0	0	0	0	0	0	0	0	0	0	0	0	0	0	0	0	0	0	0	0	0	0	0.822	0	0	0	0	2.113	0	0	0	0	0	0	0	0	0	0	0	0	0	0	0	0	0	0	0	0	0	0	0	0	0	0	0	0	0	0
1999	CALI	7.047	0	0	0	0	0	0	1.893	0	0	0	0	0	0	0	0	0	0	0	0	0.212	0.025	0	0	0	0	0	0	0	0	0	0	0	0	0	0	0	0	0	0	4.261	0.009	0	0	0	0	0	0	0	0	0	0	0	0	0.012	0	0	0	0	0	0	0	0	0	0	0	0	0	0	0	0	0	0	0	0	0	0	0	0	0	0	0.635	0	0	0	0	0	0	0	0	0	0	0	0	0	0	0	0	0	0	0	0	0	0	0	0	0	0	0	0	0	0
2000	CALI	1.552	0	0	0	0	0	0	0	0	0	0	0	0	0	0	0	0	0	0	0	0	0	0	0	0	0	0	0	0	0	0	0	0	0	0	0	0	0	0	0	0.088	0	0	0	0	0	0	0	0	0	0	0	0	0	0	0	0	0	0	0	0	0	0	0	0	0	0	0	0	0	0	0	0	0	0	0	1.464	0	0	0	0	0	0	0	0	0	0	0	0	0	0	0	0	0	0	0	0	0	0	0	0	0	0	0	0	0	0	0	0	0	0	0
2001	CALI	65.741	0	0	0	0	0	0	0	0	10.597	0	0	0	0	0	0	0	0	0	0	1.294	0.156	0	0	0	0	0	0	0	0	0	0	0	0	0	0	0	0	0	0	42.223	0	0	0	0	0.002	0	0	0	0	0	0	0	0	0.282	0	0	0	0	0	0	0	0	0	0	0	0	0	0	0	0	0	0	0	0	0	5.906	0	0	0	0	5.003	0	0	0	0	0	0	0	0	0	0.278	0	0	0	0	0	0	0	0	0	0	0	0	0	0	0	0	0	0	0	0
2002	CALI	14.636	0	0	0	0	0	0	3.009	0	0	0	0	0	0	0	0	0	0	0	0	0.002	0	0	0	0	0	0	0	0	0	0	0	0	0	0	0	0	0	0	0	11.188	0	0	0	0	0	0	0	0	0	0	0	0	0	0	0	0	0	0	0	0	0	0	0	0	0	0	0	0	0	0	0	0	0	0	0	0.437	0	0	0	0	0	0	0	0	0	0	0	0	0	0	0	0	0	0	0	0	0	0	0	0	0	0	0	0	0	0	0	0	0	0	0
2003	CALI	25.276	0	0	0	0	0	0	0.127	0	0	0	0	0	0	0	0	0	0	0	0	0.3	0	0	0	0	0	0	0	0	0	0	0	0	0	0	0	0	0	0	0	4.972	0	0	0	0	0	0	0	0	0	0	0	0	0	0	0	0	0	0	0	0	0	0	0	0	0	0	0	0	0	0	0	0	0	0	0	17.332	0	0	0	0	2.499	0	0	0	0	0	0	0	0	0	0.046	0	0	0	0	0	0	0	0	0	0	0	0	0	0	0	0	0	0	0	0
2004	CALI	20.234	0	0	0	0	0	0	0	0	0	0	0	0	0	0	0	0	0	0	0	3.729	0	0	0	0	0	0	0	0	0	0	0	0	0	0	0	0	0	0	0	0	0	0	0	0	0	0	0	0	0	0	0	0	0	0	0	0	0	0	0	0	0	0	0	0	0	0	0	0	0	0	0	0	0	0	0	14.662	0	0	0	0	1.843	0	0	0	0	0	0	0	0	0	0	0	0	0	0	0	0	0	0	0	0	0	0	0	0	0	0	0	0	0	0
2005	CALI	115.203	0	0	0	0	0	0	0	0	0	0	0	0	0	0	0	0	0	0	0	9.164	0	0	0	0	0	0	0	0	0	0	0	0	1.506	0	0	17.895	0	0	0	27.43	7.71	0	0	0	0	0	0	0	0	0	0	0	0	0.186	0	0	0	0	0	0	0	0	0	0	0	0	0	0	0	0	0	0.163	0	0	0	48.109	0	0	0	0	2.994	0	0	0	0	0	0	0	0	0	0.046	0	0	0	0	0	0	0	0	0	0	0	0	0	0	0	0	0	0	0	0
2006	CALI	24.702	0	0	0	0	0	0	0	0	0	0	0	0	0	0	0	0	0	0	0	0	0	0	0	0	0	0	0	0	0	0	0	0	0	0	0	0	0	0	0	0	0	0	0	0	0	0	0	0	0	0	0	0	0	0	0	0	0	0	0	0	0	0	0	0	0	0	0	0	0	0	0	0	0	0	0	24.702	0	0	0	0	0	0	0	0	0	0	0	0	0	0	0	0	0	0	0	0	0	0	0	0	0	0	0	0	0	0	0	0	0	0	0
2007	CALI	130.696	0	0	0	0	0	0	1.695	0	9.113	0	0	0	0	0	0	0	0	0	0	35.835	14.78	0	0	0	0	0	0	0	0	0	0	0	0	0	0	0	0	0	0	9.889	0	0	0.23	0	0	0	0	0	0.084	0	0	0	0	0.863	0	0	0	0	0	0	0	0	0	0	0	0	0	0	0	0	0	0.163	0	0	0	56.49	0	0	0	0	0.73	0	0	0	0	0	0	0	0	0	0.139	0.666	0	0	0	0	0	0.019	0	0	0	0	0	0	0	0	0	0	0	0	0
2008	CALI	6.429	0	0	0	0	0	0	6.429	0	0	0	0	0	0	0	0	0	0	0	0	0	0	0	0	0	0	0	0	0	0	0	0	0	0	0	0	0	0	0	0	0	0	0	0	0	0	0	0	0	0	0	0	0	0	0	0	0	0	0	0	0	0	0	0	0	0	0	0	0	0	0	0	0	0	0	0	0	0	0	0	0	0	0	0	0	0	0	0	0	0	0	0	0	0	0	0	0	0	0	0	0	0	0	0	0	0	0	0	0	0	0	0
1989	CALI1	15.232	0	0	0	0	0	0	0	0	0	0	0	0	0	0	0	0	0	0	0	6.357	0	0	0	0	0	0	0	0	0	0	0	0	0	0	0	0	0	0	0	0	0	0	0	0	0	0	0	0	0	0	0	0	8.828	0	0	0	0	0	0	0	0	0	0	0	0	0	0	0	0	0	0	0	0	0	0	0	0	0	0	0	0.047	0	0	0	0	0	0	0	0	0	0	0	0	0	0	0	0	0	0	0	0	0	0	0	0	0	0	0	0	0	0
1990	CALI1	31.642	0	0	0	0	0	0	0	0	0	0	0	0	0	0	0	0	0	0	0	3.034	0.001	0	0	0	0.002	0	0	0	0	0	0	0	0	0	0	0	0	0	0	0	0	0	0	0	0	0	0	0	0	0	0	0	28.2	0	0	0	0	0	0	0	0	0	0	0	0	0	0	0	0	0	0	0	0	0	0	0	0	0	0	0	0.405	0	0	0	0	0	0	0	0	0	0	0	0	0	0	0	0	0	0	0	0	0	0	0	0	0	0	0	0	0	0
1991	CALI1	22.424	0	0	0	0	0	0	0	0	0	0	0	0	0	0	0	0	0	0	0	1.039	0.028	0	0	0	0	0	0	0	0	0	0	0	0	0	0	0	0	0	0	0	0	0	0	0	0.288	0	0	0	0	0	0	0	20.74	0.265	0	0	0	0	0	0	0	0	0	0	0	0	0	0	0	0	0	0	0	0	0	0	0	0	0	0	0.064	0	0	0	0	0	0	0	0	0	0	0	0	0	0	0	0	0	0	0	0	0	0	0	0	0	0	0	0	0	0
1992	CALI1	68.475	0	0	0	0	0	0	0	0	0	0	0	0	0	0	0	0	0	0	0	11.841	0	0	0	0	0	0	0	0	0	0	0	0	0	0	0	0	0	0	0	0	0.201	0	0	0	0	0	0	0	0	0	0	0	50.497	4.888	0	0	0	0	0	0	0.041	0	0	0	0	0	0	0	0	0	0	0	0	0	0	0	0	0	0	0	1.007	0	0	0	0	0	0	0	0	0	0	0	0	0	0	0	0	0	0	0	0	0	0	0	0	0	0	0	0	0	0
1993	CALI1	61.827	0	0	0	0	0	0	0	0	0	0	0	0	0	0	0	0	0	0	0	4.766	0.008	0	0	0	0	0	0	0	0	0	0	0.729	0	0	0	0	0	0	0	0	0.541	0	0	0	0	0	0	0	0	0	0	0	54.216	1.319	0.019	0	0	0	0	0	0.054	0	0	0	0	0	0	0	0	0	0	0	0	0	0	0	0	0	0	0	0.175	0	0	0	0	0	0	0	0	0	0	0	0	0	0	0	0	0	0	0	0	0	0	0	0	0	0	0	0	0	0
1994	CALI1	28.965	0	0	0	0	0	0	0	0	0	0	0	0	0	0	0	0	0	0	0	0	0	0	0	0	0	0	0	0	0	0	0	0	0	0	0	0	0	0	0	0	0	0	0	0	0	0	0	0	0	0	0	0	28.965	0	0	0	0	0	0	0	0	0	0	0	0	0	0	0	0	0	0	0	0	0	0	0	0	0	0	0	0	0	0	0	0	0	0	0	0	0	0	0	0	0	0	0	0	0	0	0	0	0	0	0	0	0	0	0	0	0	0
1995	CALI1	21.625	0	0	0	0	0	0	0.396	0	0	0	0	0	0	0	0	0	0	0	0	0.034	0.004	0	0	0	0	0	0	0	0	0.006	0	0.049	2.259	0	0	0	0	0	0	14.489	0.262	0	0	0	0	0.004	0	0	0	0	0	0	0	2.213	1.541	0	0	0	0	0	0	0	0	0	0	0.003	0	0	0	0	0	0	0	0	0	0	0	0	0	0	0.365	0	0	0	0	0	0	0	0	0	0	0	0	0	0	0	0	0	0	0	0	0	0	0	0	0	0	0	0	0	0
1996	CALI1	0.17	0	0	0	0	0	0	0	0	0	0	0	0	0	0	0	0	0	0	0	0	0	0	0	0	0	0	0	0	0	0	0	0	0	0	0	0	0	0	0	0.17	0	0	0	0	0	0	0	0	0	0	0	0	0	0	0	0	0	0	0	0	0	0	0	0	0	0	0	0	0	0	0	0	0	0	0	0	0	0	0	0	0	0	0	0	0	0	0	0	0	0	0	0	0	0	0	0	0	0	0	0	0	0	0	0	0	0	0	0	0	0	0
1997	CALI1	42.656	0	0	0	0	0	0	0	0	0	0	0	0	0	0	0	0	0	0	0	0.039	0.001	0	0	0	0.21	0	0	0	0	0	0	0	0	0	0	0	0	0	0	42.197	0	0.023	0	0	0	0	0	0	0	0	0	0	0	0.001	0	0	0	0	0	0	0	0	0	0	0	0	0	0	0	0	0	0	0	0	0	0	0	0	0	0	0.185	0	0	0	0	0	0	0	0	0	0	0	0	0	0	0	0	0	0	0	0	0	0	0	0	0	0	0	0	0	0
1998	CALI1	30.778	0	0	0	0	0	0	0	0	0	0	0	0	0	0	0	0	0	0	0	0.394	0	0	0	0	0.589	0	0	0	0	0	0	0	0	0	0	0	0	0	0	28.662	0	0	0	0	0.078	0	0	0	0	0	0	0	0	0.017	0	0	0	0	0	0	0	0	0	0	0	0	0	0	0	0	0	0	0	0	0	0	0	0	0	0	1.038	0	0	0	0	0	0	0	0	0	0	0	0	0	0	0	0	0	0	0	0	0	0	0	0	0	0	0	0	0	0
1999	CALI1	22.693	0	0	0	0	0	0	0	0	0	0.565	0	0	0	0	0	0	0	0	0	0.162	0.025	0	0	0	1.01	0	0	0	0	0	0	0	0	0.013	0	0	0	0	0	19.712	0.078	0	0	0	0	0	0	0	0.002	0	0	0	0	0.331	0	0	0	0	0	0	0	0	0	0	0.56	0	0	0	0	0	0	0	0	0	0	0	0	0	0	0	0.235	0	0	0	0	0	0	0	0	0	0	0	0	0	0	0	0	0	0	0	0	0	0	0	0	0	0	0	0	0	0
2000	CALI1	3.743	0	0	0	0	0	0	0	0	0	0	0	0	0	0	0	0	0	0	0	0	0	0	0	0	0	0	0	0	0	0	0	0	0	0	0	0	0	0	0	1.894	0	0	0	0	0	0	0	0	0	0	0	0	0	0	0	0	0	0	0	0	0	0	0	0	0	0	0	0	0	0	0	0	0	0	0	1.849	0	0	0	0	0	0	0	0	0	0	0	0	0	0	0	0	0	0	0	0	0	0	0	0	0	0	0	0	0	0	0	0	0	0	0
2001	CALI1	67.408	0	0	0	0	0	0	0	0	0	0	0	6.782	0	0	0.331	0	0	0	0	1.712	0.006	0	0	0	0.842	0	0	0	0	0	0	0	0	0	0	0	0	0	0	40.491	0	0	0	0	0.005	0	0	0	0	0	0	0	0	0.398	0.038	0	0	0	0	0	0	0	0	0	0	0	0	0	0	0	0	0	0	0	0	14.379	0	0	0	0	2.424	0	0	0	0	0	0	0	0	0	0	0	0	0	0	0	0	0	0	0	0	0	0	0	0	0	0	0	0	0	0
2002	CALI1	5.575	0	0	0	0	0	0	0	0	0	0	0	0	0	0	0	0	0	0	0	0.013	0	0	0	0	0	0	0	0	0	0	0	0	0	0	0	0	0	0	0	1.4	0	0	0	0	0	0	0	0	0	0	0	0	0	0	0	0	0	0	0	0	0	0	0	0	0	0	0	0	0	0	0	0	0	0	0	4.108	0	0	0	0	0.054	0	0	0	0	0	0	0	0	0	0	0	0	0	0	0	0	0	0	0	0	0	0	0	0	0	0	0	0	0	0
2003	CALI1	16.396	0	0	0	0	0	0	0	0	0	0	0	0	0	0	0	0	0	0	0	0.458	0	0	0	0	0	0	0	0	0	0	0	0	0	0	0	0	0.018	0	0	8.909	0	0	0	0	0	0	0	0	0	0	0	0	0	0.002	0	0	0	0	0	0	0	0	0	0	0	0	0	0	0	0	0	0	0	0	0	3.441	0	0	0	0	3.568	0	0	0	0	0	0	0	0	0	0	0	0	0	0	0	0	0	0	0	0	0	0	0	0	0	0	0	0	0	0
2004	CALI1	14.456	0	0	0	0	0	0	0	0	0	0	0	0	0	0	0	0	0	0	0	1.484	0	0	0	0	0	0	0	0	0	0	0	0	0	0	0	0	0	0	0	0.135	0	0	0	0	0	0	0	0	0	0	0	0	0	0	0	0	0	0	0	0	0	0	0	0	0	0	0	0	0	0	0	0	0	0	0	4.622	0	0	0	0	8.215	0	0	0	0	0	0	0	0	0	0	0	0	0	0	0	0	0	0	0	0	0	0	0	0	0	0	0	0	0	0
2005	CALI1	20.739	0	0	0	0	0	0	0	0	0	0	0	0	0	0	0	0	0	0	0	3.522	0	0	0	0	0	0	0.467	0	0	0	0	0	0	0	0	0.067	0	0	0	3.01	0.101	0	0	0	0	0	0	0	0	0	0	0	0	0.07	0	0	0	0	0	0	0	0	0	0	0	0	0	0	0	0	0	0	0	0	0	2.876	0	0	0	0	10.626	0	0	0	0	0	0	0	0	0	0	0	0	0	0	0	0	0	0	0	0	0	0	0	0	0	0	0	0	0	0
2006	CALI1	7.087	0	0	0	0	0	0	0	0	0	0	0	0	0	0	0	0	0	0	0	0	0	0	0	0	0	0	0	0	0	0	0	0	0	0	0	0	0	0	0	0	0	0	0	0	0	0	0	0	0	0	0	0	0	0	0	0	0	0	0	0	0	0	0	0	0	0	0	0	0	0	0	0	0	0	0	7.087	0	0	0	0	0	0	0	0	0	0	0	0	0	0	0	0	0	0	0	0	0	0	0	0	0	0	0	0	0	0	0	0	0	0	0
2007	CALI1	91.077	0	0	0	0	0	0	0	0	0	0	0	0	0	0	0	0	0	0	0	17.603	41.845	0	0	0	0	0	0	0	0	0	0	0.032	0	0	0	0	0	0	0	9.471	0	0	0.452	0	0	0	0	0	0	0	0	0	0	1.015	0	0	0	0	0	0	0	0	0	0	0	0	0	0	0	0	0	0	0	0.264	0	15.406	0.391	0	0	0	4.598	0	0	0	0	0	0	0	0	0	0	0	0	0	0	0	0	0	0	0	0	0	0	0	0	0	0	0	0	0	0
2008	CALI1	1.624	0	0	0	0	0	0	0	0	0	0	0	0	0	0	0	0	0	0	0	0	0	0	0	0	0	0	0	0	0	0	0	0	0	0	0	0	0	0	0	1.624	0	0	0	0	0	0	0	0	0	0	0	0	0	0	0	0	0	0	0	0	0	0	0	0	0	0	0	0	0	0	0	0	0	0	0	0	0	0	0	0	0	0	0	0	0	0	0	0	0	0	0	0	0	0	0	0	0	0	0	0	0	0	0	0	0	0	0	0	0	0	0
1989	CALI2	17.634	0	0	0	0	0	0	0	0	0	0	0	0	0	0	0	0	0	0	0	1.094	0	0	0	0	0	0	0	0	0	0	0	0	0	0	0	0	0	0	0	0	0	0	0	0	0	0	0	0	0	0	0	0	0.068	0	0	0	0	0	0	0	0	0	0	0	0	0	0	0	0	0	0	0	0	0	0	0	0	0	0	0	15.824	0	0	0	0	0	0	0	0	0	0.648	0	0	0	0	0	0	0	0	0	0	0	0	0	0	0	0	0	0	0	0
1990	CALI2	6.03	0	0	0	0	0	0	0	0	0	0	0	0	0	0	0	0	0	0	0	0.31	0	0	0	0	0	0	0	0	0	0	0	0	0	0	0	0	0	0	0	0	0	0	0	0	0	0	0	0	0	0	0	0	3.444	0	0	0	0	0	0	0	0	0	0	0	0	0	0	0	0	0	0	0	0	0	0	0	0	0	0	0	1.443	0	0	0	0	0	0	0	0	0	0.833	0	0	0	0	0	0	0	0	0	0	0	0	0	0	0	0	0	0	0	0
1991	CALI2	5.806	0	0	0	0	0	0	0	0	0	0	0	0	0	0	0	0	0	0	0	0.187	0.009	0	0	0	0	0	0	0	0	0	0	0	0	0	0	0	0	0	0	0	0	0	0	0	0	0	0	0	0	0	0	0	4.024	0.425	0	0	0	0	0	0	0	0	0	0	0	0	0	0	0	0	0	0	0	0	0	0	0	0	0	0	0.328	0	0	0	0	0	0	0	0	0	0.833	0	0	0	0	0	0	0	0	0	0	0	0	0	0	0	0	0	0	0	0
1992	CALI2	48.953	0	0	0	0	0	0	0	0	0	0	0	0	0	0	0	0	0	0	0	14.994	0.009	0	0	0	0	0	0	0	0	0	0	0.104	0	0	0	0	0	0	0	0	0.463	0	0	0	0.147	0	0	0	0	0	0	0	22.167	4.932	0	0	0	0	0	0	0	0	0	0	0	0	0	0	0	0	0	0	0	0	0	0	0	0	0	0	4.257	0	1.394	0	0	0	0	0	0	0	0.486	0	0	0	0	0	0	0	0	0	0	0	0	0	0	0	0	0	0	0	0
1993	CALI2	34.361	0	0	0	0	0	0	0	0	0	0	0	0	0	0	0	0	0	0	0	4.277	0.003	0	0	0	0	0	0	0	0	0	0	0	0	0	0	0	0	0	0	0	18.013	0	0	0	0.013	0	0	0	0.072	0	0	0	9.639	1.063	0	0	0	0	0	0	0	0	0	0	0	0	0	0	0	0	0	0	0	0	0	0	0	0	0	0	1.281	0	0	0	0	0	0	0	0	0	0	0	0	0	0	0	0	0	0	0	0	0	0	0	0	0	0	0	0	0	0
1994	CALI2	3.216	0	0	0	0	0	0	0	0	0	0	0	0	0	0	0	0	0	0	0	0	0	0	0	0	0	0	0	0	0	0	0	0	0	0	0	0	0	0	0	0	0	0	0	0	0	0	0	0	0	0	0	0	3.174	0	0	0	0	0	0	0	0	0	0	0	0	0	0	0	0	0	0	0	0	0	0	0	0	0	0	0	0.01	0	0	0	0	0	0	0	0	0	0.032	0	0	0	0	0	0	0	0	0	0	0	0	0	0	0	0	0	0	0	0
1995	CALI2	9.628	0	0	0	0	0	0	0	0	0	0	0	0	0	0	0	0	0	0	0	0.038	0.001	0	0	0	0	0	0	0	0	0	0	0.017	0	0	0	0.627	0	0	0	1.726	3.328	0	0	0	0.004	0	0	0	0.06	0	0	0	0	1.082	0.378	0	0	0	0	0	0	0	0	0	0	0	0	0	0	0	0	0	0	0	0	0	0	0	0	0	2.192	0	0.05	0	0	0	0	0	0	0	0.125	0	0	0	0	0	0	0	0	0	0	0	0	0	0	0	0	0	0	0	0
1996	CALI2	0.074	0	0	0	0	0	0	0	0	0	0	0	0	0	0	0	0	0	0	0	0	0	0	0	0	0	0	0	0	0	0	0	0	0	0	0	0	0	0	0	0.034	0	0	0	0	0	0	0	0	0	0	0	0	0	0	0	0	0	0	0	0	0	0	0	0	0	0	0	0	0	0	0	0	0	0	0	0	0	0	0	0	0	0	0	0	0	0	0	0	0	0	0.04	0	0	0	0	0	0	0	0	0	0	0	0	0	0	0	0	0	0	0	0
1997	CALI2	12.335	0	0	0	0	0	0	0	0	0	0	0	0	0	0	0	0	0	0	0	0.089	0	0	0	0	0	0	0	0	0	0	0	0	0	0	0	0	0	0	0	11.182	0	0	0	0	0	0.006	0	0	0	0	0	0	0	0	0	0	0	0	0	0	0	0	0	0	0	0	0	0	0	0	0	0	0	0	0	0	0	0	0	0	0.41	0	0	0	0	0	0	0	0	0	0.648	0	0	0	0	0	0	0	0	0	0	0	0	0	0	0	0	0	0	0	0
1998	CALI2	14.545	0	0	0	0	0	0	0	0	3.179	0	0	0	0	0	0	0	0	0	0	0.839	0	0	0	0	0	0	0	0	0	0	0	0	0	0	0	0	0	0	0	8.469	0.192	0	0	0	0	0	0	0	0	0	0	0	0	0	0	0	0	0	0	0	0	0	0	0	0	0	0	0	0	0	0	0	0	0	0	0	0	0	0	0	1.125	0	0	0	0	0	0	0	0	0	0.741	0	0	0	0	0	0	0	0	0	0	0	0	0	0	0	0	0	0	0	0
1999	CALI2	2.017	0	0	0	0	0	0	0	0	0	0	0	0	0	0	0	0	0	0	0	0.003	0	0	0	0	0	0	0	0	0	0	0	0	0	0	0	0	0	0	0	1.725	0.07	0	0	0	0	0	0	0	0	0	0	0	0	0.003	0	0	0	0	0	0	0	0	0	0	0	0	0	0	0	0	0	0	0	0	0	0	0	0	0	0	0.188	0	0	0	0	0	0	0	0	0	0	0	0.028	0	0	0	0	0	0	0	0	0	0	0	0	0	0	0	0	0	0
2000	CALI2	0.852	0	0	0	0	0	0	0	0	0	0	0	0	0	0	0	0	0	0	0	0	0	0	0	0	0	0	0	0	0	0	0	0	0	0	0	0	0	0	0	0.852	0	0	0	0	0	0	0	0	0	0	0	0	0	0	0	0	0	0	0	0	0	0	0	0	0	0	0	0	0	0	0	0	0	0	0	0	0	0	0	0	0	0	0	0	0	0	0	0	0	0	0	0	0	0	0	0	0	0	0	0	0	0	0	0	0	0	0	0	0	0	0
2001	CALI2	13.81	0	0	0	0	0	0	0	0	0	0	0	0	0	0	0	0	0	0	0	0.017	0.006	0	0	0	0	0	0	0	0	0	0	0	0	0	0	0	0	0	0	11.02	0.443	0	0	0	0.001	0	0	0	0	0	0	0	0	0.024	0.026	0	0	0	0	0	0	0	0	0	0	0	0	0	0	0	0	0	0	0	0	0	0	0	0	0	2.257	0	0	0	0	0	0	0	0	0	0.016	0	0	0	0	0	0	0	0	0	0	0	0	0	0	0	0	0	0	0	0
2002	CALI2	0.152	0	0	0	0	0	0	0	0	0	0	0	0	0	0	0	0	0	0	0	0	0	0	0	0	0	0	0	0	0	0	0	0	0	0	0	0	0	0	0	0.122	0	0	0	0	0	0	0	0	0	0	0	0	0	0	0	0	0	0	0	0	0	0	0	0	0	0	0	0	0	0	0	0	0	0	0	0	0	0	0	0	0.03	0	0	0	0	0	0	0	0	0	0	0	0	0	0	0	0	0	0	0	0	0	0	0	0	0	0	0	0	0	0
2003	CALI2	1.537	0	0	0	0	0	0	0	0	0	0	0	0	0	0	0	0	0	0	0	0	0	0	0	0.004	0	0	0	0	0	0	0	0	0	0	0	0	0	0	0	0.676	0.052	0	0	0	0	0	0	0	0	0	0	0	0	0	0	0	0	0	0	0	0	0	0	0	0	0	0	0	0	0	0	0	0	0	0	0	0	0	0	0	0.805	0	0	0	0	0	0	0	0	0	0	0	0	0	0	0	0	0	0	0	0	0	0	0	0	0	0	0	0	0	0
2004	CALI2	1.729	0	0	0	0	0	0	0	0	0	0	0	0	0	0	0	0	0	0	0	0	0	0	0	0	0	0	0	0	0	0	0	0	0	0	0	0	0	0	0	0	0	0	0	0	0	0	0	0	0	0	0	0	0	0	0	0	0	0	0	0	0	0	0	0	0	0	0	0	0	0	0	0	0	0	0	0.077	0	0	0	0	1.652	0	0	0	0	0	0	0	0	0	0	0	0	0	0	0	0	0	0	0	0	0	0	0	0	0	0	0	0	0	0
2005	CALI2	30.444	0	0	0	0	0	0	0	0	0	2.543	0	0	0	0	0	0	0	0	0	0.259	0	0	0	0	0	0	0	0	0	1.14	0	0	0	0	0	0	0	0	0	0	4.21	0	0	0	0	0	0	0	4.715	0	0	0	0	0.036	0	0	0	0	0	0	0	0	0	0	0	0	0	0	0	0	0	0	0	0	2.171	0.103	0	0	0	0	1.913	3.069	0	10.285	0	0	0	0	0	0	0	0	0	0	0	0	0	0	0	0	0	0	0	0	0	0	0	0	0	0	0
2007	CALI2	112.212	0	0	0	0	0	0	1.356	0	8.477	0	0	0	0	0	0.106	0	0	0	0	6.965	6.929	0	0	0	0	0	0	0	0	0.12	0	0	0	0	0	0	0	0	0	3.458	0	0	0.025	0	0	0	0	0	0.125	0	0	0	0	1.642	0	0	0	0	0	0	0.203	0	0	0	0	0	0	0	0	0	0	0	0	0	0	0	0.398	0	0	0	0.854	80.79	0	0	0	0	0	0	0	0	0.764	0	0	0	0	0	0	0	0	0	0	0	0	0	0	0	0	0	0	0	0
1989	CALI3	5.395	0	0	0	0	0	0	0	1.978	0	0	0	0	0	0	0	0	0	0	0	0.004	0	0	0	0	0	0	0	0	0	0	0	0	0	0	0	0	0	0	0	0	0	0	0	0	0	0	0	0	0	0	0	0	0.236	0	0	0	0	0	0	0	0	0	0	0	0	0	0	0	0	0	0	0	0	0	0	0	0	0	0	0	2.992	0	0	0	0	0	0	0	0	0	0.185	0	0	0	0	0	0	0	0	0	0	0	0	0	0	0	0	0	0	0	0
1990	CALI3	13.216	0	0	0	0	0	0	0	0	0	0	0	1.978	0	0	0	0	0	0	0	0.081	0	0	0	0	0	0	0	0	0	0	0	0	0	0	0	0	0	0	0	0	0	0	0	0	0	0	0	0	0	0	0	0	9.666	0	0	0	0	0	0	0	0	0	0	0	0	0	0	0	0	0	0	0	0	0	0	0	0	0	0	0	1.483	0	0	0	0	0	0	0	0	0	0.008	0	0	0	0	0	0	0	0	0	0	0	0	0	0	0	0	0	0	0	0
1991	CALI3	13.618	0	0	0	0	0	0	0	0	0	0	0	4.069	0	0	0	0	0	0	0	0.085	0.013	0	0	0	0	0	0	0	0	0	0	0	0	0	0	0	0	0	0	0	0	0	0	0	0	0	0	0	0	0	0	0	8.922	0.016	0	0	0	0	0	0	0	0	0	0	0	0	0	0	0	0	0	0	0	0	0	0	0	0	0	0	0.513	0	0	0	0	0	0	0	0	0	0	0	0	0	0	0	0	0	0	0	0	0	0	0	0	0	0	0	0	0	0
1992	CALI3	67.183	0	0	0	0	0	0	0	0	0	0	0	6.728	0	0.094	0	0	0	0	0	8.645	0	0	0	0	0	0	0	0	0	0	0	0.004	0	0	0	0	0	0	0	0	0.544	0	0	0	0	0	0	0	0	0	0	0	29.235	14.621	0.616	0	0	0	0	0	0	0	0	0	0	0	0	0	0	0	0	0	0	0	0	0	0	0	0	0	6.478	0	0	0	0	0	0	0	0	0	0.218	0	0	0	0	0	0	0	0	0	0	0	0	0	0	0	0	0	0	0	0
1993	CALI3	85.174	0	0	0	0	0	0	0	0	0	0	0	35.167	0	0	0	0	0	0	0	1.085	0.002	0	0	0	0	0	0	0	0	0	0	0	0	0	0	0	0	0	0	0	7.121	0	0	0	0	0	0	0	0.002	0	0	0	36.65	1.498	0.963	0	0	0	0	0	0	0	0	0	0	0	0	0	0	0	0	0	0	0	0	0	0	0	0	0	2.686	0	0	0	0	0	0	0	0	0	0	0	0	0	0	0	0	0	0	0	0	0	0	0	0	0	0	0	0	0	0
1994	CALI3	34.542	0	0	0	0	0	0	0.057	0	0	0	0	22.323	0	0	0	0	0	0	0	0	0	0	0	0	0	0	0	0	0	0	0	0	0	0	0	0	0	0	0	0	0	0	0	0	0	0	0	0	0	0	0	0	12.162	0	0	0	0	0	0	0	0	0	0	0	0	0	0	0	0	0	0	0	0	0	0	0	0	0	0	0	0	0	0	0	0	0	0	0	0	0	0	0	0	0	0	0	0	0	0	0	0	0	0	0	0	0	0	0	0	0	0
1995	CALI3	88.45	0	0	0	0	0	0	0.509	0	0	0	0	50.863	0	0	0	0	0	0	0	0.025	0.008	0	0	0	0	0	0	0	0	0	0	0.026	1.506	0	0	0	0	0	0	8.808	4.503	0	0	0	0.003	0	0	0	0	0	0	0	0	3.081	0.291	0	0	0	0	0	0	0	0	0	0	0	0	0	0	0	0	0	0	0	0	16.588	0	0	0	0	2.239	0	0	0	0	0	0	0	0	0	0	0	0	0	0	0	0	0	0	0	0	0	0	0	0	0	0	0	0	0	0
1996	CALI3	26.275	0	0	0	0	0	0	7.63	0	0	0	0	14.765	0	0	0	0	0	0	0	0	0	0	0	0	0	0	0	0	0	0	0	0	0	0	0	0	0	0	0	0.439	0	0	0	0	0	0	0	0	0	0	0	0	0	0	0	0	0	0	0	0	0	0	0	0	0	0	0	0	0	0	0	0	0	0	0	3.441	0	0	0	0	0	0	0	0	0	0	0	0	0	0	0	0	0	0	0	0	0	0	0	0	0	0	0	0	0	0	0	0	0	0	0
1997	CALI3	88.871	0	0	0	0	0	0	0	0	0	0	0	25.714	0	0	0	0	0	0	0	0.167	0	0	0	0	0	0	0	0	0	0	0	0	0	0	0	0	0	0	0	43.001	0	0	0	0	0	0	0	0	0	0	0	0	0	0	0	0	0	0	0	0	0	0	0	0	0	0	0	0	0	0	0	0	0	0	0	19.361	0	0	0	0	0.628	0	0	0	0	0	0	0	0	0	0	0	0	0	0	0	0	0	0	0	0	0	0	0	0	0	0	0	0	0	0
1998	CALI3	65.387	0	0	0	0	0	0	0	0	0	0	0	13.14	0	0	0	0	0	0	0	0.403	0	0	0	0	0	0	0	0	0	0	0	0	0	0	0	0	0	0	0	20.158	0	0	0	0	0	0	0	0	0	0	0	0	0	0	0	0	0	0	0	0	0	0	0	0	0	0	0	0	0	0	0	0	0	0	0	30.967	0	0	0	0	0.719	0	0	0	0	0	0	0	0	0	0	0	0	0	0	0	0	0	0	0	0	0	0	0	0	0	0	0	0	0	0
1999	CALI3	26.269	0	0	0	0	0	0	3.603	0	0.495	0	0	0	0	0	0	0	0	0	0	0.128	0.001	0	0	0	0	0	0	0	0	0	0	0	0	0	0	0	0	0	0	5.736	0	0	0	0	0	0	0	0	0	0	0	0	0	0.04	0	0	0	0	0	0	0	0	0	0	0	0	0	0	0	0	0	0	0	0.004	0	15.791	0	0	0	0	0.471	0	0	0	0	0	0	0	0	0	0	0	0	0	0	0	0	0	0	0	0	0	0	0	0	0	0	0	0	0	0
2000	CALI3	52.9	0	0	0	0	0	0	0	0	0	0	0	0	0	0	0	0	0	0	0	0	0	0	0	0	0	0	0	0	0	0	0	0	0	0	0	0	0	0	0	0.027	0	0	0	0	0	0	0	0	0	0	0	0	0	0	0	0	0	0	0	0	0	0	0	0	0	0	0	0	0	0	0	0	0	1.107	0	51.766	0	0	0	0	0	0	0	0	0	0	0	0	0	0	0	0	0	0	0	0	0	0	0	0	0	0	0	0	0	0	0	0	0	0	0
2001	CALI3	88.286	0	0	0	0	0	0	0.042	0	0	0	0	0	0	0	0	0	0	0	0	1.701	0.001	0	0	0	0	0	0	0	0	0	0	0	0	0	0	0	0	0	0	13.172	0	0	0	0	0.02	0	0	0	0	0	0	0	0	0.501	0	0	0	0	0	0	0	0	0	0	0	0	0	0	0	0	0	0	0	8.225	0	63.423	0	0	0	0	1.201	0	0	0	0	0	0	0	0	0	0	0	0	0	0	0	0	0	0	0	0	0	0	0	0	0	0	0	0	0	0
2002	CALI3	57.323	0	0	0	0	0	0	0	0	0	0	0	0	0	0	0	0	0	0	0	0	0	0	0	0	0	0	0	0	0	0	0	0	0	0	0	0	0	0	0	0.846	0	0	0	0	0	0	0	0	0	0	0	0	0	0	0	0	0	0	0	0	0	0	0	0	0	0	0	0	0	0	0	0	0	1.476	0	55.001	0	0	0	0	0	0	0	0	0	0	0	0	0	0	0	0	0	0	0	0	0	0	0	0	0	0	0	0	0	0	0	0	0	0	0
2003	CALI3	96.535	0	0	0	0	0	0	0	0	0	0	0	0	0	0	0	0	0	0	0	0	0	0	0	0	0	0	0	0	0	0	0	0	0	0	0	0	0	0	0	0.068	0	0	0	0	0	0	0	0	0	0	0	0	0	0.006	0	0	0	0	0	0	0	0	0	0	0	0	0	0	0	0	0	0	0	12.548	0.19	82.835	0	0	0	0	0.888	0	0	0	0	0	0	0	0	0	0	0	0	0	0	0	0	0	0	0	0	0	0	0	0	0	0	0	0	0	0
2004	CALI3	68.091	0	0	0	0	0	0	0	0	0	0	0	0	0	0	0	0	0	0	0	0	0	0	0	0	0	0	0	0	0	0	0	0	0	0	0	0	0	0	0	0	0	0	0	0	0	0	0	0	0	0	0	0	0	0	0	0	0	0	0	0	0	0	0	0	0	0	0	0	0	0	0	0	0	0	0	66.905	0	0	0	0	1.186	0	0	0	0	0	0	0	0	0	0	0	0	0	0	0	0	0	0	0	0	0	0	0	0	0	0	0	0	0	0
2005	CALI3	135.955	0	0	0	0	0	0	0	0	0	0	0	0	0	0	0	0	0	0	0	0.809	0	0	0	0	0	0	0	0	0	0	0	0	0	0	0	0	0	0	0	0	0.09	0	0	0	0	0	0	0	0	0	0	0	0	0.071	0	0	0	0	0	0	0	0	0	0	0	0	0	0	0	0	0	0	0	0	0	111.933	0	0	0	0	5.517	0.166	0	0	0	0	17.364	0	0	0	0	0	0	0	0	0	0	0	0	0	0	0	0	0	0	0	0	0	0.005	0	0
2006	CALI3	36.205	0	0	0	0	0	0	0	0	0	0	0	0	0	0	0	0	0	0	0	0	0	0	0	0	0	0	0	0	0	0	0	0	0	0	0	0	0	0	0	0	0	0	0	0	0	0	0	0	0	0	0	0	0	0	0	0	0	0	0	0	0	0	0	0	0	0	0	0	0	0	0	0	0	0	0	36.205	0	0	0	0	0	0	0	0	0	0	0	0	0	0	0	0	0	0	0	0	0	0	0	0	0	0	0	0	0	0	0	0	0	0	0
2007	CALI3	104.261	0	0	0	0	0	0	1.554	0	0	0	0	0	0	0	0	0	0	0	0	17.244	34.094	0	0	0	0	0	0	0	0	0	0	0	0	0	0	0	0	0	0	4.413	0	0	2.417	0	0	0	0	0	0	0	0	0	0	1.728	0	0	0	0	0	0	0.008	0	0	0	0	0	0	0	0	0	0	0	0	0	0	38.311	2.719	0	0	0	1.493	0	0	0	0	0	0	0	0	0.28	0	0	0	0	0	0	0	0	0	0	0	0	0	0	0	0	0	0	0	0	0
1989	CALI4	0.463	0	0	0	0	0	0	0	0	0	0	0	0	0	0	0	0	0	0	0	0	0	0	0	0	0	0	0	0	0	0	0	0	0	0	0	0	0	0	0	0	0	0	0	0	0	0	0	0	0	0	0	0	0	0	0	0	0	0	0	0	0	0	0	0	0	0	0	0	0	0	0	0	0	0	0	0	0	0	0	0	0	0	0	0	0	0	0	0	0	0	0.463	0	0	0	0	0	0	0	0	0	0	0	0	0	0	0	0	0	0	0	0
1990	CALI4	0.217	0	0	0	0	0	0	0	0	0	0	0	0	0	0	0	0	0	0	0	0	0	0	0	0	0	0	0	0	0	0	0	0	0	0	0	0	0	0	0	0	0	0	0	0	0	0	0	0	0	0	0	0	0.217	0	0	0	0	0	0	0	0	0	0	0	0	0	0	0	0	0	0	0	0	0	0	0	0	0	0	0	0	0	0	0	0	0	0	0	0	0	0	0	0	0	0	0	0	0	0	0	0	0	0	0	0	0	0	0	0	0	0
1991	CALI4	3.305	0	0	0	0	0	0	0	0	0	0	0	0	0	0	0	0	0	0	0	0.002	0	0	0	0	0	0	0	0	0	0	0	0	0	0	0	0	0	0	0	0	0	0	0	0	0.042	0	0	0	0	0	0	0	1.353	0.788	0.102	0	0	0	0	0	0	0	0	0	0	0	0	0	0	0	0	0	0	0	0	0	0	0	0	0	0	0	0	0	0	0	0	0	0	0	1.018	0	0	0	0	0	0	0	0	0	0	0	0	0	0	0	0	0	0	0	0
1992	CALI4	18.86	0	0	0	0	0	0	0	0	0	0	0	0	0	0	0	0	0	0	0	2.119	0	0	0	0	0	0	0	0	0	0	0	0	0	0	0	0	0	0	0	0	0.003	0	0	0	0.073	0	0	0	0.06	0	0	0	8.117	6.874	0.528	0	0	0	0	0	0	0	0	0	0	0	0	0	0	0	0	0	0	0	0	0	0	0	0	0	0	0	0.299	0	0	0	0	0	0	0	0.787	0	0	0	0	0	0	0	0	0	0	0	0	0	0	0	0	0	0	0	0
1993	CALI4	17.078	0	0	0	0	0	0	0	0	0	0	0	0	0	0	0	0	0	0	0	0.826	0	0	0	0	0	0	0	0	0	0	0	0.081	0	0	0	0	0	0	0	0	0.416	0	0	0	0.003	0	0	0	0.239	0	0	0	11.635	3.878	0	0	0	0	0	0	0	0	0	0	0	0	0	0	0	0	0	0	0	0	0	0	0	0	0	0	0	0	0	0	0	0	0	0	0	0	0	0	0	0	0	0	0	0	0	0	0	0	0	0	0	0	0	0	0	0	0
1994	CALI4	4.952	0	0	0	0	0	0	0	0	0	0	0	0	0	0	0	0	0	0	0	0	0	0	0	0	0	0	0	0	0	0	0	0	0	0	0	0	0	0	0	0	0	0	0	0	0	0	0	0	0	0	0	0	4.79	0	0	0	0	0	0	0	0	0	0	0	0	0	0	0	0	0	0	0	0	0	0	0	0	0	0	0	0	0	0	0	0	0	0	0	0	0	0.162	0	0	0	0	0	0	0	0	0	0	0	0	0	0	0	0	0	0	0	0
1995	CALI4	3.358	0	0	0	0	0	0	0	0	0	0	0	0	0	0	0	0	0	0	0	0	0	0	0	0	0	0	0	0	0	0	0	0.026	0	0	0	0	0	0	0	0	1.522	0	0	0	0	0	0	0	0.06	0	0	0	0	1.315	0.357	0	0	0	0	0	0	0	0	0	0	0	0	0	0	0	0	0	0	0	0	0	0	0	0	0	0	0	0	0	0	0	0	0	0	0	0.078	0	0	0	0	0	0	0	0	0	0	0	0	0	0	0	0	0	0	0	0
1996	CALI4	0.981	0	0	0	0	0	0	0	0	0	0	0	0	0	0	0	0	0	0	0	0	0	0	0	0	0	0	0	0	0	0	0	0	0	0	0	0	0	0	0	0.981	0	0	0	0	0	0	0	0	0	0	0	0	0	0	0	0	0	0	0	0	0	0	0	0	0	0	0	0	0	0	0	0	0	0	0	0	0	0	0	0	0	0	0	0	0	0	0	0	0	0	0	0	0	0	0	0	0	0	0	0	0	0	0	0	0	0	0	0	0	0	0
1997	CALI4	3.484	0	0	0	0	0	0	0	0	0	0	0	0	0	0	0	0	0	0	0	0	0	0	0	0	0	0	0	0	0	0	0	0	0	0	0	0	0	0	0	3.484	0	0	0	0	0	0	0	0	0	0	0	0	0	0	0	0	0	0	0	0	0	0	0	0	0	0	0	0	0	0	0	0	0	0	0	0	0	0	0	0	0	0	0	0	0	0	0	0	0	0	0	0	0	0	0	0	0	0	0	0	0	0	0	0	0	0	0	0	0	0	0
1998	CALI4	2.037	0	0	0	0	0	0	0	0	0	0	0	0	0	0	0	0	0	0	0	0	0	0	0	0	0	0	0	0	0	0	0	0	0	0	0	0	0	0	0	1.421	0	0	0	0	0	0	0	0	0	0	0	0	0	0	0	0	0	0	0	0	0	0	0	0	0	0	0	0	0	0	0	0	0	0	0	0.616	0	0	0	0	0	0	0	0	0	0	0	0	0	0	0	0	0	0	0	0	0	0	0	0	0	0	0	0	0	0	0	0	0	0	0
1999	CALI4	0.075	0	0	0	0	0	0	0	0	0	0	0	0	0	0	0	0	0	0	0	0	0	0	0	0	0	0	0	0	0	0	0	0	0	0	0	0	0	0	0	0	0.027	0	0	0	0	0	0	0	0	0	0	0	0	0.048	0	0	0	0	0	0	0	0	0	0	0	0	0	0	0	0	0	0	0	0	0	0	0	0	0	0	0	0	0	0	0	0	0	0	0	0	0	0	0	0	0	0	0	0	0	0	0	0	0	0	0	0	0	0	0	0	0
2000	CALI4	0.068	0	0	0	0	0	0	0	0	0	0	0	0	0	0	0	0	0	0	0	0	0	0	0	0	0	0	0	0	0	0	0	0	0	0	0	0	0	0	0	0.068	0	0	0	0	0	0	0	0	0	0	0	0	0	0	0	0	0	0	0	0	0	0	0	0	0	0	0	0	0	0	0	0	0	0	0	0	0	0	0	0	0	0	0	0	0	0	0	0	0	0	0	0	0	0	0	0	0	0	0	0	0	0	0	0	0	0	0	0	0	0	0
2001	CALI4	3.327	0	0	0	0	0	0	0	0	0	0	0	0	0	0	0	0	0	0	0	0	0	0	0	0	0	0	0	0	0	0	0	0	0	0	0	0	0	0	0	2.638	0	0	0	0	0	0	0	0	0	0	0	0	0	0.073	0	0	0	0	0	0	0	0	0	0	0	0	0	0	0	0	0	0	0	0	0	0	0	0	0	0	0	0	0	0	0	0	0	0	0	0	0.616	0	0	0	0	0	0	0	0	0	0	0	0	0	0	0	0	0	0	0	0
2002	CALI4	0.043	0	0	0	0	0	0	0	0	0	0	0	0	0	0	0	0	0	0	0	0	0	0	0	0	0	0	0	0	0	0	0	0	0	0	0	0	0	0	0	0.034	0	0	0	0	0	0	0	0	0	0	0	0	0	0	0	0	0	0	0	0	0	0	0	0	0	0	0	0	0	0	0	0	0	0	0	0	0	0	0	0	0	0	0	0	0	0	0	0	0	0	0.009	0	0	0	0	0	0	0	0	0	0	0	0	0	0	0	0	0	0	0	0
2003	CALI4	0.089	0	0	0	0	0	0	0	0	0	0	0	0	0	0	0	0	0	0	0	0	0	0	0	0	0	0	0	0	0	0	0	0	0	0	0	0	0	0	0	0	0	0	0	0	0	0	0	0	0	0	0	0	0	0.006	0	0	0	0	0	0	0	0	0	0	0	0	0	0	0	0	0	0	0	0	0	0	0	0	0	0	0	0	0	0	0	0	0	0	0	0	0.083	0	0	0	0	0	0	0	0	0	0	0	0	0	0	0	0	0	0	0	0
2004	CALI4	0.12	0	0	0	0	0	0	0	0	0	0	0	0	0	0	0	0	0	0	0	0	0	0	0	0	0	0	0	0	0	0	0	0	0	0	0	0	0	0	0	0	0	0	0	0	0	0	0	0	0	0	0	0	0	0	0	0	0	0	0	0	0	0	0	0	0	0	0	0	0	0	0	0	0	0	0	0	0	0	0	0	0	0	0	0	0	0	0	0	0	0	0.12	0	0	0	0	0	0	0	0	0	0	0	0	0	0	0	0	0	0	0	0
2005	CALI4	0.957	0	0	0	0	0	0	0	0	0	0	0	0	0	0	0	0	0	0	0	0	0	0	0	0	0	0	0	0	0	0	0	0	0	0	0	0	0	0	0	0	0.516	0	0	0	0	0	0	0	0	0	0	0	0	0.209	0	0	0	0	0	0	0	0	0	0	0	0	0	0	0	0	0	0	0	0	0	0	0	0	0	0	0.001	0	0	0	0	0	0	0	0	0	0.231	0	0	0	0	0	0	0	0	0	0	0	0	0	0	0	0	0	0	0	0
2007	CALI4	9.974	0	0	0	0	0	0	0	0	0	0	0	0	0	0	0	0	0	0	0	4.721	0	0	0	0	0	0	0	0	0	0	0	0	0	0	0	0	0	0	0	0.386	0	0	0.025	0	0	0	0	0	0	0	0	0	0	2.593	0	0	0	0	0	0	0.109	0	0	0	0	0	0	0	0	0	0	0	0	0	0	0	0.056	0	0	0	0	0	0	0	0	0	0	0	0	0.3	1.389	0	0	0	0	0	0	0	0	0	0	0	0	0	0	0	0	0.395	0	0	0
1989	GRAV	41.599	0	0	0	0	0	0	0	0	0	0	0	0	0	0	0	0	0	0	4.888	0.051	0.003	0	0	0	0	0	0	0	0	0	0	0	0	0	0	0	0	0	0	0	0.01	0	0	0	0	0	0	0	0.013	0	0	0	13.825	0.081	0.002	0	0	0	0	0	0	0	0	0	0	0	0	0	0	0	0	0	0	0	0	22.726	0	0	0	0	0	0	0	0	0	0	0	0	0	0	0	0	0	0	0	0	0	0	0	0	0	0	0	0	0	0	0	0	0	0	0
1990	GRAV	65.793	0	0	0	0	0	0	0	0	0	0	0	0	0	0	0	0	0	0	0	0.004	0	0	0	0	0	0	0	0	0	0	0	0	0	0	0	0	0	0	0	0	0	0	0	0	0	0	0	0	0	0	0	0	28.371	0	0.113	0	0	0	0	0	0	0	0	0	0	0	0	0	0	0	0	0	0	0	0	37.305	0	0	0	0	0	0	0	0	0	0	0	0	0	0	0	0	0	0	0	0	0	0	0	0	0	0	0	0	0	0	0	0	0	0	0
1991	GRAV	41.718	0	0	0	0	0	0	0	0	0	0	0	0	0	0	0	0	0	0	0.133	0.118	0.014	0	0	0	0	0	0	0	0	0	0	0.049	0	0	0	0	0.056	0	0	0	0	0	0	0	0	0	0	0	0.008	0	0	0	5.684	0.118	0.005	0	0	0	0	0	0	0.097	0	0	0	0	0	0	0	0	0	0	0	0	0	35.425	0	0	0	0	0	0	0	0	0	0	0	0	0	0	0	0	0	0	0	0	0	0.011	0	0	0	0	0	0	0	0	0	0	0	0	0
1992	GRAV	53.812	0	0	0	0	0	0	0	0	0	0	0	0	0	0	0	0	0	0	0	0.826	0.666	0	0	0	0	0	0	0	0	0	0	0.253	0	0	0	0	0	0	0	0	0	0	0	0	0.347	0	0	0.079	0.098	0	0	0	11.223	0.33	2.203	0	0	0	0	0	0	0.501	0	0	0	0	0	0	0	0	0	0	0	0	0	35.347	0	0	0	0	0	0	0	0	0	0	0	0	0	0	0	0	0	0	0	0	0	1.939	0	0	0	0	0	0	0	0	0	0	0	0	0
1993	GRAV	66.193	0	0	0	0	0	0	0	0	0	0	0	0	0	0	0	0	0	0	0	0.486	0.004	0	0	0	0	0	0	0	0	0	0	0	0	0	0	0	0.562	0	0	0	0	0	0	0	0.591	0	0	0	1.399	0	0	0	20.978	1.197	15.747	0	0	0	0	0	0	0	0	0	0	6.638	0	0	0	0	0	0	0	0	0	18.591	0	0	0	0	0	0	0	0	0	0	0	0	0	0	0	0	0	0	0	0	0	0	0	0	0	0	0	0	0	0	0	0	0	0	0
1994	GRAV	33.854	0	0	0	0	0	0	0	0	0	0	0	0	0	0	0	0	0	0	0	0	0	0	0	0	0	0	0	0	0	0	0	0	0	0	0	0	0	0	0	0	0	0	0	0	0	0	0	0	0	0	0	0	4.661	0	0	0	0	0	0	0	0	0	0	0	0	0	0	0	0	0	0	0	0	0	0	29.193	0	0	0	0	0	0	0	0	0	0	0	0	0	0	0	0	0	0	0	0	0	0	0	0	0	0	0	0	0	0	0	0	0	0	0
1995	GRAV	198.022	0	0	0	0	0	0	0	0	0	0	0	0	0	0	0	0	0	0	0	0.695	0.015	0	0	0	0	0	0	0	0	0	0	0	6.777	0	0	2.634	0	0	0	0.076	92.395	0.002	0	0	0.591	0	0	0	2.401	0	0	0	0	3.827	38.129	0	0	0	0	0	0	0.51	0	0	0	0	0	0	0	0	0	0	0	0	0	26.82	0	0	0	0	0	0	21.208	0	0	0	0	0	0	0	0	0	0	0	0	0	0	1.942	0	0	0	0	0	0	0	0	0	0	0	0	0
1996	GRAV	11.204	0	0	0	0	0	0	0	0	0	0	0	0	0	0	0	0	0	0	0	0	0	0	0	0	0	0	0	0	0	0	0	0	0	0	0	0	0	0	0	0	0	0	0	0	0	0	0	0	0	0	0	0	0	0	0	0	0	0	0	0	0	0	0	0	0	0	0	0	0	0	0	0	0	0	0	11.204	0	0	0	0	0	0	0	0	0	0	0	0	0	0	0	0	0	0	0	0	0	0	0	0	0	0	0	0	0	0	0	0	0	0	0
1997	GRAV	11.127	0	0	0	0	0	0	0	0	0	0	0	0	0	0	0	0	0	0	0	0.09	0.001	0	0	0	0	0	0	0	0	0	0	0	0	0	0	0	0	0	0	1.749	0	0	0	0	0	0	0	0	0	0	0	0	0	0	0	0.013	0	0	0	0	0	0	0	0	0	0	0	0	0	0	0	0	0	0	0	9.274	0	0	0	0	0	0	0	0	0	0	0	0	0	0	0	0	0	0	0	0	0	0	0	0	0	0	0	0	0	0	0	0	0	0	0
1998	GRAV	18.582	0	0	0	0	0	0	0	0	0	0	0	0	0	0	0	0	0	0	0	0.023	0	0	0	0	0	0	0	0	0	0	0	0	0	0	0	0	0	0	0	3.018	0.019	0	0	0	0.002	0	0	0	0	0	0	0	0	0	0.203	0.027	0	0	0	0	0	0	0	0	0	0	0	0	0	0	0	0	0	0	0	15.29	0	0	0	0	0	0	0	0	0	0	0	0	0	0	0	0	0	0	0	0	0	0	0	0	0	0	0	0	0	0	0	0	0	0	0
1999	GRAV	26.676	0	0	0	0	0	0	0	0	0	0	0	0	0	0	0	0	0	0	0	0.062	0.022	0	0	0	0	0	0	0	0	0	0	0	0	0	0	0	0	0	0	1.352	3.43	0	0	0	0.054	0	0	0	0.278	0	0	0	0	0.508	3.107	0	0	0	0	0	0	0.032	0	0	0	0	0	0	0	0	0	0	0	0	0	7.749	0	0	0	0	0	7.22	0	0	0	0	0	0	0	0	0	0	0	0	0	0	0	2.862	0	0	0	0	0	0	0	0	0	0	0	0	0
2000	GRAV	10.793	0	0	0	0	0	0	0	0	0	0	0	0	0	0	0	0	0	0	0	0	0	0	0	0	0	0	0	0	0	0	0	0	0	0	0	0	0	0	0	0.266	0	0	0	0	0	0	0	0	0	0	0	0	0	0	0	0	0	0	0	0	0	0	0	0	0	0	0	0	0	0	0	0	0	0	0	10.527	0	0	0	0	0	0	0	0	0	0	0	0	0	0	0	0	0	0	0	0	0	0	0	0	0	0	0	0	0	0	0	0	0	0	0
2001	GRAV	35.506	0	0	0	0	0	0	0	0	0	0	0	0	0	0	0	0	0	0	0	0.093	0.042	0	0	0	0	0	0	0	0	0	0	0	0	0	0	0	0	0	0	0.844	0.442	0	0	0	0.496	0	0	0	0.003	0	0	0	0	2.722	22.916	0	0	0	0	0	0	0	0	0	0	0	0	0	0	0	0	0	0	0	0	7.938	0	0	0	0	0	0	0.01	0	0	0	0	0	0	0	0	0	0	0	0	0	0	0	0	0	0	0	0	0	0	0	0	0	0	0	0
2002	GRAV	14.998	0	0	0	0	0	0	0	0	0	0	0	0	0	0	0	0	0	0	0	0	0	0	0	0	0	0	0	0	0	0	0	0	0	0	0	0	0	0	0	0	0	0	0	0	0	0	0	0	0	0	0	0	0	0	0	0	0	0	0	0	0	0	0	0	0	0	0	0	0	0	0	0	0	0	0	14.998	0	0	0	0	0	0	0	0	0	0	0	0	0	0	0	0	0	0	0	0	0	0	0	0	0	0	0	0	0	0	0	0	0	0	0
2003	GRAV	116.347	0	0	0	0	0	0	0	0	0	0	0	0	0	0	0	0	0.186	0	0	0.466	0	0	0	0	0	0	0	0	0	0	0	0	0	0	0	0	0	0	0	0	3.693	0	0	0	0.031	0	0	0	0.034	0	0	0	0	1.575	25.945	0	0	0	0	0	0	0	0	0	0	0	0	0	0	0	0	0	0	0	0	5.452	0	0	0	0	0	0	16.258	62.667	0	0	0	0	0	0	0	0	0	0	0	0	0	0.04	0	0	0	0	0	0	0	0	0	0	0	0	0
2004	GRAV	6.525	0	0	0	0	0	0	0	0	0	0	0	0	0	0	0	0	0	0	0	0.001	0	0	0	0	0	0	0	0	0	0	0	0	0	0	0	0	0	0	0	0	0.071	0	0	0	0	0	0	0	0	0	0	0	0	0	5.765	0	0.678	0	0.01	0	0	0	0	0	0	0	0	0	0	0	0	0	0	0	0	0	0	0	0	0	0	0	0	0	0	0	0	0	0	0	0	0	0	0	0	0	0	0	0	0	0	0	0	0	0	0	0	0	0	0	0
2005	GRAV	342.901	0	0	0	0	0	0	0	0	0	0	0	0	0	0	0	0	0	0	0	3.563	0.68	0	0	0	0	0	0	0	0	0	0	0	2.259	0	0	0	0	0	0	1.161	55.42	0	0	0	0.396	0	0	0	0.804	0	0	0	0	0	176.252	0	0	0	0	0	0	0	0	0	0	0	0	0	0	0	0	0	0	0	0	2.778	0	0	0	0	0	1.161	0	92.753	0	0	3.663	0	0	0	0	0	0	0	0	0	0	2.004	0	0	0	0	0	0	0.007	0	0	0	0	0	0
2006	GRAV	2.757	0	0	0	0	0	0	0	0	0	0	0	0	0	0	0	0	0	0	0	0	0	0	0	0	0	0	0	0	0	0	0	0	0	0	0	0	0	0	0	0	0	0	0	0	0	0	0	0	0	0	0	0	0	0	0	0	0	0	0	0	0	0	0	0	0	0	0	0	0	0	0	0	0	0	0	2.757	0	0	0	0	0	0	0	0	0	0	0	0	0	0	0	0	0	0	0	0	0	0	0	0	0	0	0	0	0	0	0	0	0	0	0
2007	GRAV	169.004	0	0	0	0	0	0	0	0	0	0	0	0	0	0	0	0	0	0	0	7.179	17.395	0	0	0	0	0	0	0	0	0	0	0.939	0	0	0	0	0	0	0	0.768	8.064	0	0	0	0.239	0	0	0	0.534	0	0	0	0	0.679	45.677	0	0	0	0	0	0	0.558	0	0	0	0	0	0	0	0	0	0	0	0	0	0.084	0.085	0	0	0	0	86.503	0	0	0	0	0	0	0	0.3	0	0	0	0	0	0	0	0	0	0	0	0	0	0	0	0	0	0	0	0	0
2008	GRAV	6.479	0	0	0	0	0	0	0	0	0	0	0	0	0	0	0	0	0	0	0	0	0	0	0	0	0	0	0	0	0	0	0	0	0	0	0	0	0	0	0	0	0	0	0	0	0	0	0	0	0	0	0	0	0	0	0	0	0	0	0	0	0	0	0	0	0	0	0	0	0	0	0	0	0	0	0	6.479	0	0	0	0	0	0	0	0	0	0	0	0	0	0	0	0	0	0	0	0	0	0	0	0	0	0	0	0	0	0	0	0	0	0	0
1989	GRAV1	185.969	0	0	0	0	0	0	0	0	0	0	0	0	0	0	0	0	0	0	0.08	1.481	0	0	0	0	0	0	0	0	0	0	0	0	0	0	0	0	0	0	0	0	0	0	0	0	0.052	0	0	0	0	0	0	0	8.242	0.034	0.786	2.22	0	0	0	0	0	0	0	0	0	0	0	0	0	0	0	0	0	0	0	172.867	0	0	0	0	0.104	0	0	0	0	0	0	0	0	0	0	0	0	0	0	0	0	0	0	0	0	0	0	0	0	0	0	0	0	0.103	0
1990	GRAV1	292.715	0	0	0	0	0	0	0	0	0	0	0	0	0	0	0	0	0	0	0	0.095	0.003	0	0	0	0	0	0	0	0	0	0	0	0	0	0	0	0	0	0	0	0	0	0	0	0	0	0	0	0	0	0	0	8.119	0	0	4.061	0	0	0	0	0	0	0	0	0	0	0	0	0	0	0	0	0	0	0	280.195	0	0	0	0	0.233	0	0	0	0	0	0	0	0	0	0	0	0	0	0	0	0	0	0	0	0	0	0	0	0	0	0	0	0	0.009	0
1991	GRAV1	162.96	0	0	0	0	0	0	0	0	0	0	0	0	0	0	0	0	0	0	0	0.012	0.014	0	0	0	0	0	0	0	0	0	0	0.016	0	0	0	0	2.428	0	0	0	0	0	0	0	0	0	0	0	0	0	0	0	5.982	0	0.076	7.518	0	0	0	0	0	0	0	0	0	0	0	0	0	0	0	0	0	0	0	146.193	0	0	0	0	0.038	0	0	0	0	0	0	0	0	0	0	0	0	0	0	0	0.304	0.379	0	0	0	0	0	0	0	0	0	0	0	0	0
1992	GRAV1	439.015	0	0	0	0	0	0	0	0	0	0	0	0	0	0	0	0	0	0	0	9.759	0	0	0	0	0	0	0	4.258	0	0	0	1.66	0	0	0	0	0	0	0	0	1.842	24.366	0	0	0.622	0	0	0.198	0.982	0	0	0	19.995	0.981	4.636	15.534	0	0	0	0	0	0	0	0	0	0	0	0	0	0	0	0	0	0.488	0	323.716	0	0	0	0	1.779	0	0.182	0	0	0	0	0	0	0	0	6.657	0	0	0	0	0	21.36	0	0	0	0	0	0	0	0	0	0	0	0	0
1993	GRAV1	213.929	0	0	0.156	0	0	0	0	0	0	0	0	0	0	0	0	0	0	0	0	3.81	0.011	0	0	0	0	0	0	0.144	0	0	0	0.049	0	0	0	0	2.105	0	0	0	0	0	0	0	0.264	0	0	0	3.904	0	0	0	19.211	0.643	7.007	21.277	0	0	0	0	0	0	0	0	0	0.035	0	0	0	0	0	0	0	0	0	147.829	0	0	0	0	1.105	0	0	0	0	0	0	0	0	0	0	6.379	0	0	0	0	0	0	0	0	0	0	0	0	0	0	0	0	0	0	0
1994	GRAV1	228.065	0	0	0	0	0	0	0	0	0	0	0	0	0	0	0	0	0	0	0	0.008	0	0	0	0	0	0	0	0	0	0	0	0	0	0	0	0	0	0	0	0	0	0	0	0	0	0	0	0	0	0	0	0	8.613	0	0	0	0	0	0	0	0	0	0	0	0	0	0	0	0	0	0	0	0	0	0	215.778	0	0	0	0	0.005	0	0	0	0	0	0	0	0	0	0	3.661	0	0	0	0	0	0	0	0	0	0	0	0	0	0	0	0	0	0	0
1995	GRAV1	314.161	0	0	0	0	0	0	0	0	0	0	0	0	0	0	0	0	0	0	0	0.445	0.013	0	0	0	0	0	0	0.07	0	0	0	0	25.602	0	0	0	0	0	0	0.149	11.56	0.057	0	0	1.77	0	0	0	4.998	0	0	0	0	0.898	20.822	0.484	0	0	0	0	0	0.057	0	0	0	0	0	0	0	0	0	0	0	0.142	0	238.391	0	0	0	0	0.461	0	5.502	0	0	0	0	0	0	0	0	1.997	0	0	0	0	0	0.743	0	0	0	0	0	0	0	0	0	0	0	0	0
1996	GRAV1	133.108	0	0	0	0	0	0	0	0	0	0	0	0	0	0	0	0	0	0	0	0	0	0	0	0	0	0	0	0	0	0	0	0	0	0	0	0	0	0	0	0.032	0	0	0	0	0	0	0	0	0	0	0	0	0	0	0	0	0	0	0	0	0	0	0	0	0	0	0	0	0	0	0	0	0	0	0	133.076	0	0	0	0	0	0	0	0	0	0	0	0	0	0	0	0	0	0	0	0	0	0	0	0	0	0	0	0	0	0	0	0	0	0	0
1997	GRAV1	136.544	0	0	0	0	0	0	0	0	0	0	0	0	0	0	0	0	0	0	0	0.06	0.001	0	0	0	0	0	0	0	0	0	0	0	0	0	0	0	0	0	0	3.558	0	0	0	0	0	0	0	0	0	0	0	0	0	0	0	0.591	0	0	0	0	0	0	0	0	0	0	0	0	0	0	0	0	0	0.11	0	132.176	0	0	0	0	0.001	0	0	0	0	0	0	0	0	0	0	0	0	0	0	0	0	0	0	0	0	0	0	0	0.047	0	0	0	0	0	0
1998	GRAV1	142.081	0	0	0	0	0	0	0	0	0	0	0	0	0	0	0	0	0	0	0	0.039	0	0	0	0	0	0	0	0	0	0	0	0	0	0	0	0	0	0	0.008	17.182	0	0	0	0	0.001	0	0	0	0	0	0	0	0	0	0.14	1.21	0	0	0	0	0	0	0	0	0	0	0	0	0	0	0	0	0	0	0	123.468	0	0	0	0	0.033	0	0	0	0	0	0	0	0	0	0	0	0	0	0	0	0	0	0	0	0	0	0	0	0	0	0	0	0	0	0
1999	GRAV1	65.302	0	0	0	0	0	0	0	0	0	0	0	0	0	0	0	0	0	0	0	0.064	0.012	0	0	0	0	0	0	0	0	0	0	0	0	0	0.233	0	0.008	0	0	1.475	4.133	0	0	0	0.05	0	0	0	0.02	0	0	0	0	0.185	2.487	0.309	0	0	0	0	0	0	0	0	0	0	0	0	0	0	0	0	0	0	0	52.052	0	0	0	0	0.001	3.111	0	0	0	0	0	0.081	0	0	0	0	0.019	0	0	0	0	1.062	0	0	0	0	0	0	0	0	0	0	0	0	0
2000	GRAV1	59.747	0	0	0	0	0	0	0	0	0	0	0	0	0	0	0	0	0	0	0	0	0	0	0	0	0	0	0	0	0	0	0	0	0	0	0	0	0	0	0	0.342	0	0	0	0	0	0	0	0	0	0	0	0	0	0	0	0	0	0	0	0	0	0	0	0	0	0	0	0	0	0	0	0	0	0	0	59.405	0	0	0	0	0	0	0	0	0	0	0	0	0	0	0	0	0	0	0	0	0	0	0	0	0	0	0	0	0	0	0	0	0	0	0
2001	GRAV1	190.954	0	0	0	0	0	0	0	0	0	0	0	0	0	0	0	0	0	0	0	0.123	0.132	0	0	0	0	0	0	0.064	0	0	0	0	0	0	0	0	1.336	0	0	1.939	15.165	0	0	0	3.121	0	0	0	0.036	0	0	0	0	3.514	9.287	2.973	0	0	0	0	0	0	0	0	0	0	0	0	0	0	0	0	0	0	0	150.098	0	0	0	0	0.337	0	0.033	0	0	0	0	1.3	0	0	0	0	0	0	0	0	0	1.496	0	0	0	0	0	0	0	0	0	0	0	0	0
2002	GRAV1	42.852	0	0	0	0	0	0	0	0	0	0	0	0	0	0	0	0	0	0	0	0	0	0	0	0	0	0	0	0	0	0	0	0	0	0	0	0	0	0	0	0	0	0	0	0	0	0	0	0	0	0	0	0	0	0	0	0	0	0	0	0	0	0	0	0	0	0	0	0	0	0	0	0	0	0	0	42.841	0	0	0	0	0.011	0	0	0	0	0	0	0	0	0	0	0	0	0	0	0	0	0	0	0	0	0	0	0	0	0	0	0	0	0	0
2003	GRAV1	209.155	0	0	0	0	0	0	0	0	0	0	0	0	0	0	0	0	0.066	0	0	0	0.001	0	0	0	0	0	0	0	0	0	0	0.186	0.753	0	0	0	0.967	0	0	0	32.596	0	0	0	0.442	0	0	0	0.304	0	0	0	0	0.027	15.932	0.148	0	0	0	0	0	0	0	0	0	0	0	0	0	0	0	0	0	0	0	71.081	0	0	0	0	0.462	0	0	71.926	0	0	0	0	0	0	0	0	0	0	0	0	0	14.264	0	0	0	0	0	0	0	0	0	0	0	0	0
2004	GRAV1	36.76	0	0	0	0	0	0	0	0	0	0	0	0	0	0	0	0	0	0	0	0.002	0	0	0	0	0	0	0	0	0	0	0	0	0	0	0	0	0	0	0	0	0.019	0	0	0	0	0	0	0	0.037	0	0	0	0	0	6.279	0.672	0	0	0.072	0	0	0	0	0	0	0	0	0	0	0	0	0	0	0	0	29.326	0	0	0	0	0.353	0	0	0	0	0	0	0	0	0	0	0	0	0	0	0	0	0	0	0	0	0	0	0	0	0	0	0	0	0	0
2005	GRAV1	541.192	0	0	0	0	0	0	0	0	0	0	0	0	0	0	0	0	0	0	0	0.717	0.074	0	0	0	0	0	0.467	0	0	0	0	5.408	0	0	0	5.435	0	0	0	0	79.475	0	0	0	0.887	0	0	0	2.83	0	0	0	0	1.765	131.133	4.035	0	0	0	0	0	0	0.004	0	0	0	0	0	0.21	0	0	0.814	0	0	0	33.128	0	0	0	0	0.251	39.251	0	55.927	0	0	14.651	0	0	0	0	0	0	0	0	0	0	164.73	0	0	0	0	0	0	0	0	0	0	0	0	0
2006	GRAV1	32.836	0	0	0	0	0	0	0	0	0	0	0	0	0	0	0	0	0	0	0	0	0	0	0	0	0	0	0	0	0	0	0	0	0	0	0	0	0	0	0	0	0	0	0	0	0	0	0	0	0	0	0	0	0	0	0	0	0	0	0	0	0	0	0	0	0	0	0	0	0	0	0	0	0	0	0	32.836	0	0	0	0	0	0	0	0	0	0	0	0	0	0	0	0	0	0	0	0	0	0	0	0	0	0	0	0	0	0	0	0	0	0	0
2007	GRAV1	151.581	0	0	0	0	0	0	0	0	0	0	0	0	0	0	0	0	0	0	0	2.762	3.87	0	0	0	0.05	0	0	0	0	0	0	0	0	0	0	0	0	0	0	0.614	0	0	0.288	0	0.005	0	0.221	0	0.462	0	0	0	0	0.04	30.275	22.003	0	0	0	0	0	0	0.9	0.656	0	0	0	0	0	0	0	0	0	0	0	65.567	0	0	0	0	0.245	8.312	0	0	0	0	0	0	0	0	0	0	0	0	0	0	0	3.393	0	0	0	0	0	0	0	1	0	0	0	10.918	0
2008	GRAV1	72.446	0	0	0	0	0	0	0	0	0	0	0	0	0	0	0	0	0	0	0	0	0	0	0	0	0	0	0	0	0	0	0	0	0	0	0	0	0	0	0	0	0	0	0	0	0	0	0	0	0	0	0	0	0	0	0	0	0	0	0	0	0	0	0	0	0	0	0	0	0	0	0	0	0	0	0	72.446	0	0	0	0	0	0	0	0	0	0	0	0	0	0	0	0	0	0	0	0	0	0	0	0	0	0	0	0	0	0	0	0	0	0	0
1989	GRAV2	390.154	0	0	0	0	0	0	0	0	0	0	0	0	0	0	0	0	0	0	0	0.059	0	0	0	0	0	0	0	0	0	0	0	0	0	0	0	0	0	0	0	0	0	0.339	0	0	0.005	0	0	0	0	0	0	0	9.285	0	0	1.816	0	0	0	0	0	0	0	0	0	0	0	0	0	0	0	0	0	0.035	0	378.615	0	0	0	0	0	0	0	0	0	0	0	0	0	0	0	0	0	0	0	0	0	0	0	0	0	0	0	0	0	0	0	0	0	0	0
1990	GRAV2	288.252	0	0	0	0	0	0	0	0	0	0	0	0	0	0	0	0	0	0	0	0.394	0	0	0	0	0	0	0	0	0	0	0	0	0	0	0	0	0	0	0	0	0	0	0	0	0	0	0.041	0	0	0	0	0	5.685	0	0	4.492	0	0	0	0	0	0	0	0	0	0	0	0	0	0	0	0	0	0	0	277.64	0	0	0	0	0	0	0	0	0	0	0	0	0	0	0	0	0	0	0	0	0	0	0	0	0	0	0	0	0	0	0	0	0	0	0
1991	GRAV2	294.683	0	0	0	0	0	0	0	0	0	0	0	0	0	0	0	0	0	0	0	0.144	0.021	0	0	0	0	0	0	0	0	0	0	0	0	0	0	0	0.061	0	0	0	0	0	0	0	0	0	0	0	0	0	0.175	0	1.996	0.034	0.023	2.555	0	0	0	0	0	0	0	0	0	0	0	0	0	0	0	0	0	0	0	287.832	0	0	0	0	0	0	0	0	0	0	0	0	0	0	0	0	0	0	0	0	0	1.842	0	0	0	0	0	0	0	0	0	0	0	0	0
1992	GRAV2	234.909	0	0	0	0	4.92	0	0	0	0	0	0	0	0	0	0	0	0	0	0	7.454	0	0	0	0	0	0	0	0	0	0	0	0.283	0	0	0	0	0	0	0	0	0	0	0	0	0.031	0	0	0	1.039	0	0	0	9.601	1.679	0	17.297	0	0	0	0	0	0	0	0	0	0	0	0	0	0	0	0	0	0	0	192.605	0	0	0	0	0	0	0	0	0	0	0	0	0	0	0	0	0	0	0	0	0	0	0	0	0	0	0	0	0	0	0	0	0	0	0
1993	GRAV2	203.317	0	0	0	0	0	0	0	0	0	0	0	0	0	0	0	0	0	0	0	4.228	0.035	0	0	0	0	0	0	0	0	0	0	0	0	0	0	0	0.024	0	0	0	0	0	0	0	0.008	0	0	0	1.748	0	0	0	11.492	2.347	0.442	16.288	0	0	0	0	0	0	0	0	0	0	0	0	0	0	0	0	0	0	0	166.705	0	0	0	0	0	0	0	0	0	0	0	0	0	0	0	0	0	0	0	0	0	0	0	0	0	0	0	0	0	0	0	0	0	0	0
1994	GRAV2	174.779	0	0	0	0	0	0	0	0	0	0	0	0	0	0	0	0	0	0	0	0	0	0	0	0	0	0	0	0	0	0	0	0	0	0	0	0	0	0	0	0	0	0.015	0	0	0	0	0	0	0	0	0	0	9.221	0	0	0.363	0	0	0	0	0	0	0	0	0	0	0	0	0	0	0	0	0	0	0	165.175	0	0	0	0	0	0	0	0	0	0	0	0	0	0	0	0	0	0	0	0.005	0	0	0	0	0	0	0	0	0	0	0	0	0	0	0
1995	GRAV2	254.87	0	0	0	0	0	0	0	0	0	0	0	0	0	0	0	0	0	0	0	0.025	0.021	0	0	0	0	0	0.467	0	0	0	0	0	11.295	0	0	8.362	0	0	0	0.717	8.565	0.031	0	0	0.475	0	0.008	0	3.307	0	0	0	0	5.612	22.724	3.496	0	0	0	0	0	0.045	0	0	0	0.058	0	0	0	0	0	0.163	0	0	0	173.56	0	0	0	0	0	0	13.619	0	0	0	0	0	0	0	0	0	0.093	0	0	0	0	2.227	0	0	0	0	0	0	0	0	0	0	0	0	0
1996	GRAV2	95.81	0	0	0	0	0	0	0	0	0	0	0	0	0	0	0	0	0	0	0	0	0	0	0	0	0	0	0	0	0	0	0	0	0	0	0	0	0	0	0	0.003	0	0	0	0	0	0	0	0	0	0	0	0	0	0	0	0	0	0	0	0	0	0	0	0	0	0	0	0	0	0	0	0	0	0	0	95.807	0	0	0	0	0	0	0	0	0	0	0	0	0	0	0	0	0	0	0	0	0	0	0	0	0	0	0	0	0	0	0	0	0	0	0
1997	GRAV2	145.324	0	0	0	0	0	0	0	0	0	0	0	0	0	0	0	0	0	0	0	0.059	0	0	0	0	0	0	0	0	0	0	0	0	0	0	0	0	0	0	0	1.49	0	0	0	0	0	0	0	0	0	0	0	0	0	0	0	6.079	0	0	0	0	0	0	0	0	0	0	0	0	0	0	0	0	0	0	0	137.696	0	0	0	0	0	0	0	0	0	0	0	0	0	0	0	0	0	0	0	0	0	0	0	0	0	0	0	0	0	0	0	0	0	0	0
1998	GRAV2	239.685	0	0	0	0	0	0	0	0	0	0	0	0	0	0	0	0	0	0	0	0.099	0	0	0	0	0	0	0	0	0	0	0	0	0	0	0	0	0	0	0	2.955	0	0	0	0	0	0	0	0	0.003	0	0	0	0	0	0.072	4.101	0	0	0	0	0	0	0	0	0.56	0	0	0	0	0	0	0	0	0	0	231.895	0	0	0	0	0	0	0	0	0	0	0	0	0	0	0	0	0	0	0	0	0	0	0	0	0	0	0	0	0	0	0	0	0	0	0
1999	GRAV2	126.33	0	0	0	0	0	0	0	0	0	0	0	0	0	0	0	0	0	0	0	0.007	0.041	0	0	0	0	0	0	0	0	0	0	0	0	0	0	0	1.121	0	0	0.751	0.641	0.018	0	0	0.007	0	0	0	0.055	0	0.458	0	0	0.204	1.756	2.354	0	0	0	0	0	0	0	0	0	0	0	0	0	0	0	0	0	0	0	117.661	0	0	0	0	0	1.128	0	0	0	0	0	0	0	0	0	0	0	0	0	0	0	0.105	0	0	0	0	0	0	0.023	0	0	0	0	0	0
2000	GRAV2	153.669	0	0	0	0	0	0	0	0	0	0	0	0	0	0	0	0	0	0	0	0	0	0	0	0	0	0	0	0	0	0	0	0	0	0	0	0	0	0	0	0.489	0	0	0	0	0	0	0	0	0	0	0	0	0	0	0	0.094	0	0	0	0	0	0	0	0	0	0	0	0	0	0	0	0	0	0	0	153.086	0	0	0	0	0	0	0	0	0	0	0	0	0	0	0	0	0	0	0	0	0	0	0	0	0	0	0	0	0	0	0	0	0	0	0
2001	GRAV2	260.235	0	0	0	0	0	0	0	0	0	0	0	0	0	0	0	0	0	0	0	0.156	0.496	0	0	0	0	0	0	0	0	0	0	0	0	0	0	0	0	0	0	2.537	17.178	0	0	0	2.102	0	2.572	0	0	0	0	0	0	5.018	8.436	19.771	0	0	0	0	0	0	0	0	0	0	0	0	0	0	0	0	0	0	0	200.062	0	0	0	0	0	0	0	0	0	0	0	0	0	0	0	0	0	0	0	0	0	1.907	0	0	0	0	0	0	0	0	0	0	0	0	0
2002	GRAV2	169.922	0	0	0	0	0	0	0	0	0	0	0	0	0	0	0	0	0	0	0	0	0	0	0	0	0	0	0	0	0	0	0	0	0	0	0	0	0	0	0	0.001	0	0	0	0	0	0	0	0	0	0	0	0	0	0	0	0	0	0	0	0	0	0	0	0	0	0	0	0	0	0	0	0	0	0	0	169.921	0	0	0	0	0	0	0	0	0	0	0	0	0	0	0	0	0	0	0	0	0	0	0	0	0	0	0	0	0	0	0	0	0	0	0
2003	GRAV2	241.155	0	0	0	0	0	0	0	0	0	0	0	0	0	0	0	0	0.08	0	0	0	0.092	0	0	0	0	0	0	0	0	0	0	0	0.753	0	0	0	0	0	0	0	1.274	0	0	0	0.095	0	0	0	0.018	0	0	0	0	1.683	5.365	0.538	0	0	0	0	0	0	0	0	3.36	0	0	0	0	0	0	0.163	0	0	0	191.248	0	0	0	0	0	0	0	31.396	0	0	0	0	0	0	0	0	0	0	0	0	0	5.09	0	0	0	0	0	0	0	0	0	0	0	0	0
2004	GRAV2	98.221	0	0	0	0	0	0	0	0	0	0	0	0	0	0	0	0	0	0	0	0	0	0	0	0	0	0	0	0	0	0	0	0	0	0	0	0	0	0	0	0	0	0	0	0	0	0	0	0	0	0	0	0	0	0	0.174	0	0	0	0	0	0	0	0	0	0	0	0	0	0	0	0	0	0	0	0	98.047	0	0	0	0	0	0	0	0	0	0	0	0	0	0	0	0	0	0	0	0	0	0	0	0	0	0	0	0	0	0	0	0	0	0	0
2005	GRAV2	378.913	0	0	0	0	0	0	0	0	0	0	0	0	0	0	0	0	0	0	0	0	4.993	0	0	0	0	0	0.467	0	0	0	0	0	3.765	0	0	0.544	0	0	0	0.158	22.435	0	0	0	0.605	0	0	0	0.344	15.514	0	0	0	3.787	10.096	0.672	0	0	0	0	0	0	0	0	0	0	0	0	0	0	0	0.652	0	0	0	101.097	0	0	0	0	0	0	0	119.506	0	0	83.768	0	0	0	0	0	0	0	0	0	0	9.103	0	0	0	0	0	0	0	0	0	0	0	0	1.407
2006	GRAV2	54.689	0	0	0	0	0	0	0	0	0	0	0	0	0	0	0	0	0	0	0	0	0	0	0	0	0	0	0	0	0	0	0	0	0	0	0	0	0	0	0	0	0	0	0	0	0	0	0	0	0	0	0	0	0	0	0	0	0	0	0	0	0	0	0	0	0	0	0	0	0	0	0	0	0	0	0	54.689	0	0	0	0	0	0	0	0	0	0	0	0	0	0	0	0	0	0	0	0	0	0	0	0	0	0	0	0	0	0	0	0	0	0	0
2007	GRAV2	234.472	0	0	0	0	0	0	0	0	0	0	0	0	0	0	0	0	0	0	0	2.28	39.612	0	0	0	0	0	0	0	0	0	0	0	0	0	0	0	0	0	0	0.428	2.511	0.726	0.099	0	0.002	0	1.461	0	1.262	0	0	0	0	1.366	6.559	13.327	0	0	0	0	0	0	0	0	0	0	0	0	0	0	0	0.163	0	0	0	125.493	0	0	0	0	0	33.759	0	0	0	0	0	0	0	0.35	0	0	0	0	0	0	0	0	0.087	0	0	0	0	0	0	0	0	0	0	4.987	0
2008	GRAV2	95.653	0	0	0	0	0	0	0	0	0	0	0	0	0	0	0	0	0	0	0	0	0	0	0	0	0	0	0	0	0	0	0	0	0	0	0	0	0	0	0	0.113	0	0	0	0	0	0	0	0	0	0	0	0	0	0	0	0	0	0	0	0	0	0	0	0	0	0	0	0	0	0	0	0	0	0	0	95.54	0	0	0	0	0	0	0	0	0	0	0	0	0	0	0	0	0	0	0	0	0	0	0	0	0	0	0	0	0	0	0	0	0	0	0
1989	GRAV3	207.568	0	0	0	0	0	0	0	0	0	0	0	0	0	0	0	0	0	0	0	0.678	0.003	0	0	0	0	0	0	0	0	0	0	0	0	0	0	0	0	0	0	0	0	0	0	0	0	0	0	0	0	0	0	0	20.872	0	0	0.672	0	0	0	0	0	0	0	0	0	0	0	0	0	0	0	0	0	0.071	0	184.313	0	0	0	0	0	0	0	0	0	0	0	0	0	0	0	0	0	0	0	0	0	0	0	0	0	0	0	0	0	0	0	0	0	0.959	0
1990	GRAV3	348.335	0	0	0	0	0	0	0	0	0	0	0	0	0	0	0	0	0	0	0	0.144	0	0	0	0	0	0	0	0	0	0	0	0	0	0	0	0	0	0	0	0	0	0.035	0	0	0	0	0	0	0	0	0	0	11.41	0	0	7.236	0	0	0	0	0	0	0	0	0	0	0	0	0	0	0	0	0	4.101	0	325.409	0	0	0	0	0	0	0	0	0	0	0	0	0	0	0	0	0	0	0	0	0	0	0	0	0	0	0	0	0	0	0	0	0	0	0
1991	GRAV3	197.359	0	0	0	0	0	0	0	0	0	0	0	0	0	0	0	0	0	0	0	0.008	0.002	0	0	0	0	0	0	0	0	0	0	0	0	0	0	0	0	0	0	0	0	0	0	0	0	0	0	0	0	0	0	0	3.946	0.151	0	2.017	0	0	0	0	0	0	0	0	0	0	0	0	0	0	0	0	0	8.605	0	182.591	0	0	0	0	0	0	0	0	0	0	0	0	0	0	0	0	0	0	0	0	0	0.039	0	0	0	0	0	0	0	0	0	0	0	0	0
1992	GRAV3	328.759	0	0	0	0.02	0	0	0	0	0	0	0	0	0	0	0	0	0	0	0	0.029	0.083	0	0	0	0	0	0	0	0	0	0	1.486	0	0	0	0	0	0	0	0	0	0	0	0	0	0	0	0	0.151	0	0	0	13.036	0.727	0	87.02	0	0	0	0	0	1.812	0	0	0	0	0	0	0	0	0	0	0	12.642	0	211.717	0	0	0	0	0	0	0.012	0	0	0	0	0	0.024	0	0	0	0	0	0	0	0	0	0	0	0	0	0	0	0	0	0	0	0	0	0
1993	GRAV3	126.7	0	0	0	0.001	0	0	0	0	0	0	0	0	0	0	0	0	0	0	0	0.166	0.003	0	0	0	0	0	0	0	0	0	0	0	0	0	0	0	0.567	0	0	0	0	0	0	0	0.234	0	0	0	0.833	0	0	0	11.782	2.04	8.289	37.833	0	0	0	0	0	0.037	0	0	0	0.382	0	0	0	0	0	0	0	7.408	0	56.793	0	0	0	0	0	0	0	0	0	0	0	0	0.332	0	0	0	0	0	0	0	0	0	0	0	0	0	0	0	0	0	0	0	0	0	0
1994	GRAV3	106.312	0	0	0	0	0	0	0	0	0	0	0	0	0	0	0	0	0	0	0	0.001	0	0	0	0	0	0	0	0	0	0	0	0	0	0	0	0	0	0	0	0	0	0	0	0	0	0	0	0	0	0	0	0	8.305	0	0	0	0	0	0	0	0	0	0	0	0	0	0	0	0	0	0	0	0	0	0	98.006	0	0	0	0	0	0	0	0	0	0	0	0	0	0	0	0	0	0	0	0	0	0	0	0	0	0	0	0	0	0	0	0	0	0	0
1995	GRAV3	234.455	0	0	0	0	0	0	0	0	0	0	0	0	0	0	0	0	0	0	0	0	0.013	0	0	0	0	0	0.467	0	0	0	0	0	18.072	0	0	9.601	0	0	0	0.069	2.853	0	0	0	0.692	0	0	0	0.948	0	0	0	0	2.54	16.934	7.599	0	0	0	0	0	0.18	0	0	0	0	0	0	0	0	0	0.163	0	1.065	0	158.286	0	0	0	0	0	0	9.874	0	0	0	0	0	0	0	0	0	0	0	0	0	0	5.099	0	0	0	0	0	0	0	0	0	0	0	0	0
1996	GRAV3	45.331	0	0	0	0	0	0	0	0	0	0	0	0	0	0	0	0	0	0	0	0	0	0	0	0	0	0	0	0	0	0	0	0	0	0	0	0	0	0	0	0.005	0	0	0	0	0	0	0	0	0	0	0	0	0	0	0	0	0	0	0	0	0	0	0	0	0	0	0	0	0	0	0	0	0	0	0	45.326	0	0	0	0	0	0	0	0	0	0	0	0	0	0	0	0	0	0	0	0	0	0	0	0	0	0	0	0	0	0	0	0	0	0	0
1997	GRAV3	24.058	0	0	0	0	0	0	0	0	0	0	0	0	0	0	0	0	0	0	0	0.042	0	0	0	0	0	0	0	0	0	0	0	0	0	0	0	0	0	0	0	2.915	0	0	0	0	0	0	0	0	0	0	0	0	0	0	0	0.309	0	0	0	0	0	0.001	0	0	0	0	0	0	0	0	0	0	0	0.508	0	20.283	0	0	0	0	0	0	0	0	0	0	0	0	0	0	0	0	0	0	0	0	0	0	0	0	0	0	0	0	0	0	0	0	0	0	0
1998	GRAV3	31.964	0	0	0	0	0	0	0	0	0	0	0	0	0	0	0	0	0	0	0	0.062	0	0	0	0	0	0	0	0	0	0	0	0	0	0	0	0	0	0	0	4.784	0	0	0	0	0.001	0	0	0	0	0	0	0	0	0	0.061	0	0	0	0	0	0	0	0	0	0	0	0	0	0	0	0	0	0.027	0	0	27.029	0	0	0	0	0	0	0	0	0	0	0	0	0	0	0	0	0	0	0	0	0	0	0	0	0	0	0	0	0	0	0	0	0	0	0
1999	GRAV3	24.945	0	0	0	0	0	0	0	0	0	0	0	0	0	0	0	0	0	0	0	0.003	0.092	0	0	0	0	0	0	0	0	0	0	0	0	0	0	0	0.061	0.001	0	4.765	0.644	0.022	0	0	0.012	0	0	0	0.001	0	0	0	0	0.923	3.617	0	0	0	0	0	0	0	0	0	0	0	0	0	0	0	0	0	0	0	0	9.989	0	0	0	0	0	4.405	0	0	0	0	0	0	0	0	0	0	0	0	0	0	0	0.41	0	0	0	0	0	0	0	0	0	0	0	0	0
2000	GRAV3	21.547	0	0	0	0	0	0	0	0	0	0	0	0	0	0	0	0	0	0	0	0	0	0	0.823	0	0	0	0	0	0	0	0	0	0	0	0	0	0	0	0	0.546	0	0	0	0	0	0	0	0	0	0	0	0	0	0	0	0	0	0	0	0	0	0	0	0	0	0	0	0	0	0	0	0	0	0	0	20.178	0	0	0	0	0	0	0	0	0	0	0	0	0	0	0	0	0	0	0	0	0	0	0	0	0	0	0	0	0	0	0	0	0	0	0
2001	GRAV3	61.478	0	0	0	0	0	0	0	0	0	0	0	0	0	0	0	0	0	0	0	0.706	0.067	0	0	0	0	0	0	0	0	0	0	0	0	0	0	0	0	0	0	1.101	0.182	0	0	0	1.744	0	0	0	0.009	0	0	0	0	1.711	11.025	1.009	0	0	0	0	0	0	0	0	0	0	0	0	0	0	0	0	0	0	0	43.505	0	0	0	0	0	0.249	0	0	0	0	0	0	0	0	0	0	0	0	0	0	0	0.17	0	0	0	0	0	0	0	0	0	0	0	0	0
2002	GRAV3	23.458	0	0	0	0	0	0	0	0	0	0	0	0	0	0	0	0	0	0	0	0	0	0	0	0	0	0	0	0	0	0	0	0	0	0	0	0	0	0	0	0	0	0	0	0	0	0	0	0	0	0	0	0	0	0	0	0	0	0	0	0	0	0	0	0	0	0	0	0	0	0	0	0	0	0	0	23.458	0	0	0	0	0	0	0	0	0	0	0	0	0	0	0	0	0	0	0	0	0	0	0	0	0	0	0	0	0	0	0	0	0	0	0
2003	GRAV3	124.175	0	0	0	0.005	0	0	0	0	0	0	0	0	0	0	0	0	0.04	0	0	1.652	0.101	0	0	0	0	0	0	0	0	0	0	0	0.753	0	0	0	0	0	0	0	5.772	0	0	0	0.454	0	0	0	0	0	0	0	0	1.358	41.577	0	0.226	0	0	0	0	0	0	0	0	0	0	0	0	0.003	0	0	0	0	0	26.945	0	0	0	0	0	0	0	45.289	0	0	0	0	0	0	0	0	0	0	0	0	0	0	0	0	0	0	0	0	0	0	0	0	0	0	0
2004	GRAV3	14.872	0	0	0	0.057	0	0	0	0	0	0	0	0	0	0	0	0	0	0	0	0	0	0	0	0	0	0	0	0	0	0	0	0	0	0	0	0	0	0.001	0	0	0	0	0	0	0	0	0	0	0	0	0	0	0	0	0	0.067	0	0	0	0	0	0	0	0	0	0	0	0	0	0	0	0	0	0	0	14.747	0	0	0	0	0	0	0	0	0	0	0	0	0	0	0	0	0	0	0	0	0	0	0	0	0	0	0	0	0	0	0	0	0	0	0
2005	GRAV3	210.666	0	0	0	0.046	0	0	0	0	0	0	0	0	0	0	0	0	0	0	0	0	2.307	0	0	0	0	0	0	0	0	0	0	0	3.765	0	0	9.951	0	0	0	0.142	24.3	0	0	0	5.637	0	0	0	0.577	0	0	0	0	0.136	54.608	1.345	0	0	0	0	0	0	1.301	0	0	0	0	1.051	0	0	0	0	0	0	0	13.451	0	0	0	0	0	0	0	80.852	0	0	0	0	0	0	0	0	0	0	0	0	0	11.197	0	0	0	0	0	0	0	0	0	0	0	0	0
2006	GRAV3	17.17	0	0	0	0	0	0	0	0	0	0	0	0	0	0	0	0	0	0	0	0	0	0	0	0	0	0	0	0	0	0	0	0	0	0	0	0	0	0	0	0	0	0	0	0	0	0	0	0	0	0	0	0	0	0	0	0	0	0	0	0	0	0	0	0	0	0	0	0	0	0	0	0	0	0	0	17.17	0	0	0	0	0	0	0	0	0	0	0	0	0	0	0	0	0	0	0	0	0	0	0	0	0	0	0	0	0	0	0	0	0	0	0
2007	GRAV3	176.189	0	0	0	0.046	0	0	0	0	0	0	0	0	0	0	0	0	0	0	0	1.873	28.021	0	0	0	0	0	0	0	0	0	0.011	0.324	0	0	0	0	0	0	0	0.227	0	0	0	0	0.002	0	0	0	1.995	0	0	0	0	3.054	11.38	21.856	0	0	0	0	0	0	0	0	0	0	0	0	0	0	0	0	0	5.678	0	24.188	0	0	0	0	0	73.875	0	0	0	0	0	0	0	0	0	0	0	0	0	0	0	0	0	0	0	0	0	0	0	0	0	0	0	3.659	0
2008	GRAV3	18.507	0	0	0	0	0	0	0	0	0	0	0	0	0	0	0	0	0	0	0	0	0	0	0	0	0	0	0	0	0	0	0	0	0	0	0	0	0	0	0	0	0	0	0	0	0	0	0	0	0	0	0	0	0	0	0	0	0	0	0	0	0	0	0	0	0	0	0	0	0	0	0	0	0	0	0	18.507	0	0	0	0	0	0	0	0	0	0	0	0	0	0	0	0	0	0	0	0	0	0	0	0	0	0	0	0	0	0	0	0	0	0	0
1989	GRAV4	265.656	0	0	0	0	0	0	0	0	0	0	0	0	0	0	0	0	0	0	0	0.017	0	0	0	0	0	0	0	0	0	0	0	0	0	0	0	0	0	0	0	0	0	0.035	0	0	0	0	0	0	0	0	0	0	4.506	0	0	0.336	0	0	0	0	0	0	0	0	0	0	0	0	0	0	0	0	0	0	0	260.762	0	0	0	0	0	0	0	0	0	0	0	0	0	0	0	0	0	0	0	0	0	0	0	0	0	0	0	0	0	0	0	0	0	0	0
1990	GRAV4	506.991	0	0	0	0	0	0	0	0	0	0	0	0	0	0	0	0	0	0	0	0	0	0	0	0	0	0	0	0	0	0	0	0	0	0	0	0	0	0	0	0	0	0.044	0	0	0	0	0	0	0	0	0	0	2.143	0	0	0.726	0	0	0	0	0	0	0	0	0	0	0	0	0	0	0	0	0	0.149	0	503.928	0	0	0	0	0	0	0	0	0	0	0	0	0	0	0	0	0	0.001	0	0	0	0	0	0	0	0	0	0	0	0	0	0	0	0	0
1991	GRAV4	262.042	0	0	0	0	0	0	0	0	0	0	0	0	0	0	0	0	0	0	0	0	0	0	0	0	0	0	0	0	0	0	0	0	0	0	0	0	0	0	0	0	0	0	0	0	0	0	0	0	0	0	0	0	0.352	0	0	1.399	0	0	0	0	0	0	0	0	0	0	0	0	0	0	0	0	0	0	0	260.093	0	0	0	0	0	0	0	0	0	0	0	0	0	0	0	0	0	0	0	0	0	0.198	0	0	0	0	0	0	0	0	0	0	0	0	0
1992	GRAV4	249.849	0	0	0	0	0	0	0	0	0	0	0	0	0	0	0	0	0	0	0	2.034	0.001	0	0	0	0	0	0	1.006	0	0	0	0.002	0	0	0	0	0	0	5.31	0	11.181	16.904	0	0	0.533	0	0	0	1.001	0	0	0	0.533	0.414	0.304	6.186	0	0	0	0	0	0	0	0	0	0	0	0	0	0	0	0	0	0.488	0	203.446	0	0	0	0	0	0	0.506	0	0	0	0	0	0	0	0	0	0	0	0	0	0	0	0	0	0	0	0	0	0	0	0	0	0	0	0
1993	GRAV4	202.4	0	0	0	0	0	0	0	0	0	0	0	0	0	0	0	0	0	0	0	1.441	0.001	0	0	0	0	0	0	0.008	0	0	0	0	0	0	0	0	0.558	0.037	0.553	0	17.646	0.944	0	0	0.228	0	0	0	0.862	0	0	0	1.052	1.43	6.941	5.299	0	0	0	0	0	0	0	0	0	0	0	0	0	0	0	0	0	0.621	0	164.779	0	0	0	0	0	0	0	0	0	0	0	0	0	0	0	0	0	0	0	0	0	0	0	0	0	0	0	0	0	0	0	0	0	0	0
1994	GRAV4	127.406	0	0	0	0	0	0	0	0	0	0	0	0	0	0	0	0	0	0	0	0	0	0	0	0	0	0	0	0	0	0	0	0	0	0	0	0	0	0	0	0	0	0	0	0	0	0	0	0	0	0	0	0	0.346	0	0	0	0	0	0	0	0	0	0	0	0	0	0	0	0	0	0	0	0	0	0	127.06	0	0	0	0	0	0	0	0	0	0	0	0	0	0	0	0	0	0	0	0	0	0	0	0	0	0	0	0	0	0	0	0	0	0	0
1995	GRAV4	257.835	0	0	0	0	0	0	0	0	0	0	0	0	0	0	0	0	0	0	0	0	0.016	0	0	0	0	0	0	0.017	0	0	0	0	17.319	0	0	0.095	0	0	0	0.203	78.789	0.008	0	0	0.178	0	0	0	2.079	0	0	0	0	0.316	0.922	0	0	0	0	0	0	0.023	0	0	0	0.023	0	0	0	0	0	0	0	0	0	155.822	0	0	0	0	0	0	1.093	0	0	0	0	0	0	0	0	0	0	0	0	0	0	0.932	0	0	0	0	0	0	0	0	0	0	0	0	0
1996	GRAV4	44.13	0	0	0	0	0	0	0	0	0	0	0	0	0	0	0	0	0	0	0	0	0	0	0	0	0	0	0	0	0	0	0	0	0	0	0	0	0	0	0	0.015	0	0	0	0	0	0	0	0	0	0	0	0	0	0	0	0	0	0	0	0	0	0	0	0	0	0	0	0	0	0	0	0	0	0	0	44.115	0	0	0	0	0	0	0	0	0	0	0	0	0	0	0	0	0	0	0	0	0	0	0	0	0	0	0	0	0	0	0	0	0	0	0
1997	GRAV4	31.342	0	0	0	0	0	0	0	0	0	0	0	0	0	0	0	0	0	0	0	0	0	0	0	0	0	0	0	0	0	0	0	0	0	0	0	0	0	0	0	1.232	0	0	0	0	0	0	0	0	0	0	0	0	0	0	0	0.053	0	0	0	0	0	0	0	0	0	0	0	0	0	0	0	0	0	0	0	30.057	0	0	0	0	0	0	0	0	0	0	0	0	0	0	0	0	0	0	0	0	0	0	0	0	0	0	0	0	0	0	0	0	0	0	0
1998	GRAV4	22.868	0	0	0	0	0	0	0	0	0	0	0	0	0	0	0	0	0	0	0	0	0	0	0	0	0	0	0	0.002	0	0	0	0	0	0	0	0	0	0	0	0.586	0	0	0	0	0.003	0	0	0	0	0	0	0	0	0	0	2.017	0	0	0	0	0	0	0	0	0	0	0	0	0	0	0	0	0	0	0	20.26	0	0	0	0	0	0	0	0	0	0	0	0	0	0	0	0	0	0	0	0	0	0	0	0	0	0	0	0	0	0	0	0	0	0	0
1999	GRAV4	13.682	0	0	0	0	0	0	0	0	0	0	0	0	0	0	0	0	0	0	0	0	0.003	0	0	0	0	0	0	0	0	0	0	0	0	0	0	0	0	0	0	0.064	1.554	0	0	0	0.001	0	0	0	0.007	0	0	0	0	0.001	0.015	0	0	0	0	0	0	0	0	0	0	0	0	0	0	0	0	0	0	0	0	11.739	0	0	0	0	0	0.298	0	0	0	0	0	0	0	0	0	0	0	0	0	0	0	0	0	0	0	0	0	0	0	0	0	0	0	0	0
2000	GRAV4	32.98	0	0	0	0	0	0	0	0	0	0	0	0	0	0	0	0	0	0	0	0	0	0	0	0	0	0	0	0	0	0	0	0	0	0	0	0	0	0	0	0.02	0	0	0	0	0	0	0	0	0	0	0	0	0	0	0	0	0	0	0	0	0	0	0	0	0	0	0	0	0	0	0	0	0	0	0	32.96	0	0	0	0	0	0	0	0	0	0	0	0	0	0	0	0	0	0	0	0	0	0	0	0	0	0	0	0	0	0	0	0	0	0	0
2001	GRAV4	72.59	0	0	0	0	0	0	0	0	0	0	0	0	0	0	0	0	0	0	0	0	0.555	0.022	0	0	0	0	0	0	0	0	0	0	0	0	0	0	0	0	0	0.045	9.153	0	0	0	0.386	0	0	0	0.007	0	0	0	0	3.789	7.917	2.757	0	0	0	0	0	0	0.22	0	0	0	0	0	0	0	0	0	0	0	0	47.603	0	0	0	0	0	0.058	0	0	0	0	0	0	0	0	0	0	0	0	0	0	0	0.061	0	0	0	0	0	0	0.017	0	0	0	0	0	0
2002	GRAV4	25.901	0	0	0	0	0	0	0	0	0	0	0	0	0	0	0	0	0	0	0	0	0	0	0	0	0	0	0	0	0	0	0	0	0	0	0	0	0	0	0	0	0	0	0	0	0	0	0	0	0	0	0	0	0	0	0	0	0	0	0	0	0	0	0	0	0	0	0	0	0	0	0	0	0	0	0	25.901	0	0	0	0	0	0	0	0	0	0	0	0	0	0	0	0	0	0	0	0	0	0	0	0	0	0	0	0	0	0	0	0	0	0	0
2003	GRAV4	102.613	0	0	0	0	0	0	0	0	0	0	0	0	0	0	0	0	0.241	0	0	0	0.055	0	0	0	0	0	0	0.017	0	0	0	0	0	0	0	0	0	0	0	0	56.086	0	0	0	0.314	0	0	0	0.168	0	0	0	0	0.95	22.477	0	0.679	0	0	0	0	0	0.008	0	0	0	0	0	0	0	0	0	0	0	0	11.719	0	0	0	0	0	0	0	9.188	0	0	0	0	0	0	0	0	0	0	0	0	0	0.711	0	0	0	0	0	0	0	0	0	0	0	0	0
2004	GRAV4	1	0.019	0	0	0	0	0	0	0	0	0	0	0	0	0	0	0	0	0	0	0	0	0	0	0	0	0	0	0.013	0	0	0	0	0	0.005	0	0	0	0.007	0	0	0.017	0	0	0	0	0	0	0	0.016	0	0	0	0	0	0.228	0.403	0	0	0	0	0	0	0	0	0	0	0	0	0	0	0	0	0	0	0	0.292	0	0	0	0	0	0	0	0	0	0	0	0	0	0	0	0	0	0	0	0	0	0	0	0	0	0	0	0	0	0	0	0	0	0	0
2005	GRAV4	635.73	0	0	0	0	0	0	0	0	0	0	0	0	0	0	0	0	0	0	0	0	13.663	0	0	0	0	0	0	0.106	0	0	0	0	12.048	0	0	0.1	0	0	0	0	216.811	0	0	0	0.455	0	0	0	0	0	0	0	0	0.931	84.956	4.035	0	0	0	0	0	0	0.322	0.328	0	4.891	0	0.129	0	0	0	0.163	0	0	0	0	0	0	0	0	0	0.282	0	79.466	0	0	213.253	0	0	0	0	0	0	0	0	0	0	3.296	0	0	0	0	0	0	0.495	0	0	0	0	0	0
2006	GRAV4	3.509	0	0	0	0	0	0	0	0	0	0	0	0	0	0	0	0	0	0	0	0	0	0	0	0	0	0	0	0	0	0	0	0	0	0	0	0	0	0	0	0	0	0	0	0	0	0	0	0	0	0	0	0	0	0	0	0	0	0	0	0	0	0	0	0	0	0	0	0	0	0	0	0	0	0	0	3.509	0	0	0	0	0	0	0	0	0	0	0	0	0	0	0	0	0	0	0	0	0	0	0	0	0	0	0	0	0	0	0	0	0	0	0
2007	GRAV4	165.646	0	0	0	0	0	0	0	0	0	0	0	0	0	0	0	0	0	0	0	1.199	9.387	0.15	0	0	0	0	0	0.022	0	0	0	0	0	0	0	0	0	0	0	0.212	13.321	0.354	0	0	0.003	0	0	0	0.138	0	0	0	0	0.964	28.014	22.058	0	0	0	0	0	0.34	26.039	0	0	19.461	0	0	0	0	0	0	0	0	0	25.875	0.284	0	0	0	0	16.58	0	0	0	0	0	0	0	0.36	0	0	0	0	0	0	0	0	0	0	0	0	0	0	0	0	0	0	0	0.885	0
2008	GRAV4	53.097	0	0	0	0	0	0	0	0	0	0	0	0	0	0	0	0	0	0	0	0	0	0	0	0	0	0	0	0	0	0	0	0	0	0	0	0	0	0	0	0	0	0	0	0	0	0	0	0	0	0	0	0	0	0	0	0	0	0	0	0	0	0	0	0	0	0	0	0	0	0	0	0	0	0	0	53.097	0	0	0	0	0	0	0	0	0	0	0	0	0	0	0	0	0	0	0	0	0	0	0	0	0	0	0	0	0	0	0	0	0	0	0
1989	SAND	270.084	0	0	0	0	0	0	0	0.994	0	0	0	0	0	0	0	0	0	0	0	0.038	0.003	0	0	0	0	0	0	0	0	0	0	0	0	0	0	0	0	0	0	0	0	0	0	1.355	0	0	0	0	0	0	0	0	3.207	0	1.495	0	0	0	0	0	0	0	0	0	0	0	0	0	0	0	0	0	0	2.109	0	260.883	0	0	0	0	0	0	0	0	0	0	0	0	0	0	0	0	0	0	0	0	0	0	0	0	0	0	0	0	0	0	0	0	0	0	0
1990	SAND	290.361	0	0	0	0	0	0	0	0	0	0	0	0.911	0	0	0	0	0	0	0	0.11	0	0	0	0	0	0	0	0	0	0	0	0	0	0	0	0	0	0	0	0	0	0.355	0	0	0	0	0	0	0	0	0	0	6.991	0	0	0	0	0	0	0	0	0	0	0	0	0	0	0	0	0	0	0	0	0	0	279.472	0	0	0	0	0	0	0	0	0	0	0	0	0	0	0	0	0	0	0	0	2.522	0	0	0	0	0	0	0	0	0	0	0	0	0	0
1991	SAND	255.274	0	0	0	0	0	0	0	0	0	0	0	0	0	0	0	0	0	0	0	0.076	0	0	0	0	0	0	0	0	0	0	0	0	0	0	0	0	0	0	0	0	0	0	0	0	0	0	0	0	0.072	0	0	0	1.443	0	0.009	0	0	0	0	0	0	0	0	0	0	0.186	0	0	0	0	0	0	0	0	0	253.488	0	0	0	0	0	0	0	0	0	0	0	0	0	0	0	0	0	0	0	0	0	0	0	0	0	0	0	0	0	0	0	0	0	0	0
1992	SAND	303.147	0	0	0	0	0	0	0	0	0	0	0	5.964	0	0	0	0	0	0	0	10.036	0	0	0	0	0	0	0	0	0	0	0	1.578	0	0.389	0	0	0	0	0	0	0.51	19.385	0	0	0.46	0	0	0	6.016	0	0	0	7.413	0	1.878	0	0	0	0	0	0	0	0	0	0	0.233	0	0	0	0	0	0.163	0	0	0	249.122	0	0	0	0	0	0	0	0	0	0	0	0	0	0	0	0	0	0	0	0	0	0	0	0	0	0	0	0	0	0	0	0	0	0	0
1993	SAND	287.937	0	0	0	0	0	2.518	0	0	0	0	0	0	0	0	0	0	0	0	0	1.263	0	0	0	0	0	0	0	0	0	0	0	0.04	0.753	0.393	0	0	0	0	0	0	27.052	0.405	0	0	0.091	0	0	0	16.281	0	0	0	8.2	0	8.913	0	0	0	0	0	0.011	0	0	0	0	3.348	0	0	0	0	0	0	0	0	0	218.669	0	0	0	0	0	0	0	0	0	0	0	0	0	0	0	0	0	0	0	0	0	0	0	0	0	0	0	0	0	0	0	0	0	0	0
1994	SAND	115.513	0	0	0	0	0	0	0.828	0	0	0	0	0	0	0	0	0	0	0	0	0	0	0	0	0	0	0	0	0	0	0	0	0	0	0	0	0	0	0	0	0	0	0	0	0	0	0	0	0	0	0	0	0	0.421	0	0	0	0	0	0	0	0	0	0	0	0	0	0	0	0	0	0	0	0	0	0	114.264	0	0	0	0	0	0	0	0	0	0	0	0	0	0	0	0	0	0	0	0	0	0	0	0	0	0	0	0	0	0	0	0	0	0	0
1995	SAND	353.661	0	0	0	0	0	0	0	0	0	0	0	0	0	0	0	0	0	0	0	0	0	0	0	0	0	0	0	0	0	0	0	1.776	7.53	2.031	0	0	0	0	0	0	61.418	0.076	0	0	0.008	0	0	0	22.023	0	0	0	0	0	47.837	0	0	0	0	0	0	0	0	0	0	10.383	0	0	0	0	0	0	0	0	0	200.206	0	0	0	0	0	0	0	0	0	0	0	0	0	0	0	0	0	0	0	0	0	0	0	0	0	0	0.373	0	0	0	0	0	0	0	0
1996	SAND	204.345	0	0	0	0	0	0	0.133	0	0	0	0	0	0	0	0	0	0	0	0	0	0	0	0	0	0	0	0	0	0	0	0	0	0	0	0	0	0	0	0	0	0	0	0	0	0	0	0	0	0	0	0	0	0	0	0	0	0	0	0	0	0	0	0	0	0	0	0	0	0	0	0	0	0	0	0	204.212	0	0	0	0	0	0	0	0	0	0	0	0	0	0	0	0	0	0	0	0	0	0	0	0	0	0	0	0	0	0	0	0	0	0	0
1997	SAND	215.582	0	0	0	0	0	0	0	0	0	0	1.292	0	0	0	0	0	0	0	0	0	0	0	0	0	0	0	0	0	0	0	0	0	0	0	0	0	0	0	0	4.256	0	16.245	0	0	0	0	0	0	0	0	0	0	0	0	0	0	0	0	0	0	0	0	0	0	0	0	0	0	0	0	0	0	0	0	0	193.737	0	0	0	0	0	0	0	0	0	0	0	0	0	0	0	0	0	0	0.052	0	0	0	0	0	0	0	0	0	0	0	0	0	0	0	0
1998	SAND	185.36	0	0	0	0	0	0	0	0	0	0	0	0	0	0	0	0	0	0	0	0	0	0	0	0	0	0	0	0	0	0	0	0	0	0	0	0	0	0	0	8.986	0	0.036	0	0	0	0	0	0	0	0	0	0	0	0	0.089	0	0	0	0	0	0	0	0	0	0	0	0	0	0	0	0	0	0	0	0	176.249	0	0	0	0	0	0	0	0	0	0	0	0	0	0	0	0	0	0	0	0	0	0	0	0	0	0	0	0	0	0	0	0	0	0	0
1999	SAND	140.225	0	0	0	0	0	0	0	0	0	0	0	0	0	0	0	0	0	0	0	0	0	0	0	0	0	0	0	0	0	0	0	0	0.753	2.823	0	0	1.13	0	0	6.853	7.076	0	0	0	0.016	0	0	0	0.002	0	0	0	0	0	0.543	0	0	0	0	0	0	0	0	0	0	0	0	0	0	0	0	0	0	0	0	120.658	0	0	0	0	0	0	0	0	0	0	0	0	0	0	0	0	0.371	0	0	0	0	0	0	0	0	0	0	0	0	0	0	0	0	0	0
2000	SAND	116.971	0	0	0	0	0	0	0	0	0	0	0	0	0	0	0	0	0	0	0	0	0	0	0	0	0	0	0	0	0	0	0	0	0	0	0	0	0	0	0	0.293	0	0	0	0	0	0	0	0	0	0	0	0	0	0	0	0	0	0	0	0	0	0	0	0	0	0	0	0	0	0	0	0	0	0	0	116.678	0	0	0	0	0	0	0	0	0	0	0	0	0	0	0	0	0	0	0	0	0	0	0	0	0	0	0	0	0	0	0	0	0	0	0
2001	SAND	166.435	0	0	0	0	0	0	0	0	0	0	0	0	0	0	0	0	0	0	0	0	0	0	0	0	0	1.397	0	0	0	0	0	0	0	7.456	0	0	2.307	0	0	0.775	73.82	0	0	0	0.127	0	0	0	1.844	0	0	0	0	0	4.222	0	0	0	0	0	0	0	0.1	0	0	0	0	0	0	0	0	0	0	0	0	74.387	0	0	0	0	0	0	0	0	0	0	0	0	0	0	0	0	0	0	0	0	0	0	0	0	0	0	0	0	0	0	0	0	0	0	0
2002	SAND	94.107	0	0	0	0	0	0	0	0	0	0	0	0	0	0	0	0	0	0	0	0	0	0	0	0	0	0	0	0	0	0	0	0	0	0	0	0	0	0	0	0	0	0	0	0	0	0	0	0	0	0	0	0	0	0	0	0	0	0	0	0	0	0	0	0	0	0	0	0	0	0	0	0	0	0	0	94.107	0	0	0	0	0	0	0	0	0	0	0	0	0	0	0	0	0	0	0	0	0	0	0	0	0	0	0	0	0	0	0	0	0	0	0
2003	SAND	176.206	0	0	0	0	0	0	0	0	0	0	0	0	0	0	0	0	0	0	0	0	0	0	0	0	0	0	0	0	0	0	0	0	5.271	7.183	0	0	1.214	0	0	0.324	45.228	0	0	0	0	0	0	0	0	0	0	0	0	0	0	0	0	0	0	0	0	0	0	0	0	0	0	0	0	0	0	0	0	0	0	116.986	0	0	0	0	0	0	0	0	0	0	0	0	0	0	0	0	0	0	0	0	0	0	0	0	0	0	0	0	0	0	0	0	0	0	0
2004	SAND	61.293	0	0	0	0	0	0	0	0	0	0	0	0	0	0	0	0	0	0	0	0	0	0	0	0	0	0	0	0	0	0	0	0.023	0	0	0	0	0	0.001	0	0.002	0	0	0	0	0.094	0	0	0	0.004	0	0	0	0	0	0	0	2.941	0	0.431	0	0	0	0.06	0	0	0	0	0	0	0	0	0	0	0	0	57.466	0	0	0.065	0	0	0	0	0	0	0	0	0	0	0	0	0	0	0	0	0	0	0	0	0	0	0	0	0.206	0	0	0	0	0	0	0
2005	SAND	195.881	0	0	0	0	0	0	0	0	0	0	0	0	0	0	0	0	0	0	0	0	0	0	0	0	0	0	0	0	0	0	0	9.42	2.259	7.423	0	0	0	0	0	0.036	101.702	0	0	0	0.841	0	0	0	1.015	0	0	0	0	0	7.556	0	0	0	0	0	0	0	0.02	0	0	0	0	0	0	0	0	0.325	0	0	0	65.22	0.006	0	0	0	0	0	0	0	0	0	0	0	0	0	0	0	0	0	0	0	0	0	0	0	0	0	0	0	0.058	0	0	0	0	0	0
2006	SAND	99.114	0	0	0	0	0	0	0	0	0	0	0	0	0	0	0	0	0	0	0	0	0	0	0	0	0	0	0	0	0	0	0	0	0	0	0	0	0	0	0	0	0	0	0	0	0	0	0	0	0	0	0	0	0	0	0	0	0	0	0	0	0	0	0	0	0	0	0	0	0	0	0	0	0	0	0	99.114	0	0	0	0	0	0	0	0	0	0	0	0	0	0	0	0	0	0	0	0	0	0	0	0	0	0	0	0	0	0	0	0	0	0	0
2007	SAND	238.4	0	0.038	0	0	0	0	0	0	0	0	0	0	0	0	0	0	0	0	0	5.091	10.336	0	0	0	0	0	0	0	0	0	0	4.007	11.295	1.196	0	0	0	0	0	6.712	2.532	0	0	0	1.3	0	0	0	6.027	0	0	0	0	0	12.524	0	0	0	0	0	0	0	58.487	0	0	0	0	0	0	0	0	0	0	0	0	86.687	29.408	0	0	0	0	0	0	0	0	0	0	0	0	0	0	0.999	0	0	1.761	0	0	0	0	0	0	0	0	0	0	0	0	0	0	0	0
2008	SAND	64.733	0	0	0	0	0	0	0	0	0	0	0	0	0	0	0	0	0	0	0	0	0	0	0	0	0	0	0	0	0	0	0	0	0	0	0	0	0	0	0	0	0	0	0	0	0	0	0	0	0	0	0	0	0	0	0	0	0	0	0	0	0	0	0	0	0	0	0	0	0	0	0	0	0	0	0	64.733	0	0	0	0	0	0	0	0	0	0	0	0	0	0	0	0	0	0	0	0	0	0	0	0	0	0	0	0	0	0	0	0	0	0	0
1989	SAND1	49.92	0	0	0	0	0	0	0	0	0	0	0	0	0	0	0	0	0	0	0	0.093	0	0	0	0	0	0	0	0	0	0	0	0	0	0	0	0	0	0	0	0	0	0.036	0	0	0	0	0	0	0	0	0	0	15.09	0	6.242	0	0	0	0	0	0	0	0	0	0	0	0	0	0	0	0	0	0	0	0	28.451	0	0	0	0	0	0	0	0	0	0	0	0	0	0	0	0	0	0.008	0	0	0	0	0	0	0	0	0	0	0	0	0	0	0	0	0
1990	SAND1	19.416	0	0	0	0	0	0	0	0	0	0	0	0	0	0	0	0	0	0	0	0.474	0	0	0	0	0	0	0	0	0	0	0	0	0	0	0	0	0	0	0	0	0	0	0	0	0	0	0	0	0	0	0	0	8.883	0	0	0	0	0	0	0	0	0	0	0	0	0	0	0	0	0	0	0	0	0	0	9.989	0	0	0	0	0	0	0	0	0	0	0	0	0	0	0	0	0	0.07	0	0	0	0	0	0	0	0	0	0	0	0	0	0	0	0	0
1991	SAND1	31.455	0	0	0	0	0	0	0	0	0	0	0	0	0	0	0	0	0	0	0	0.019	0	0	0	0	0	0	0	0	0	0	0	0.004	0	0	0	0	0.023	0	0	0	0	0.046	0	0	0	0	0	0	0	0	0	0	6.491	0	0.05	0	0	0	0	0	0	0	0	0	0	0	0	0	0	0	0	0	0	0.021	0	24.754	0	0	0	0	0	0	0	0	0	0	0	0	0	0	0	0	0	0.011	0	0	0	0.036	0	0	0	0	0	0	0	0	0	0	0	0	0
1992	SAND1	102.744	0	0	0	0	0	0	0	0	0	0	0	0	0	0	0	0	0	0	0	5.933	1.464	0	0	0	0	0	0	0.127	0	0	0	0.567	0	3.228	0	0	0	0	0	0	2.171	0	0	0	0	0	0	0	22.596	0	0	0	9.639	0	19.747	0	0	0	0	0	0	0	0	0	0	5.59	0	0	0	0	0	0	0	0	0	30.299	0	0	0	0	0	0	0	0	0	0	0	0	0	0	0	0	0	1.383	0	0	0	0	0	0	0	0	0	0	0	0	0	0	0	0	0
1993	SAND1	195.124	0	0	0	0	0	0	0	0	0	0	0	0	0	0	0	1.617	0	0	0	0.477	0.057	0	0	0	0	0	0	0	0	0	0	0.065	3.012	0.627	0	0	0	0	0	0	28.306	0.231	0	0	0.066	0	0	0	78.303	0	0	0	20.009	0	29.945	0	0	0	0	0	0	0	0	0	0	4.957	0	0	0	0	0	0	0	0	0	27.423	0	0	0	0	0	0	0	0	0	0	0	0	0	0	0	0	0	0.029	0	0	0	0	0	0	0	0	0	0	0	0	0	0	0	0	0
1994	SAND1	23.032	0	0	0	0	0	0	0	0	0	0	0	0	0	0	0	0	0	0	0	0	0	0	0	0	0	0	0	0	0	0	0	0	0	0	0	0	0	0	0	0	0	0	0	0	0	0	0	0	0	0	0	0	2.295	0	0	0	0	0	0	0	0	0	0	0	0	0	0	0	0	0	0	0	0	0	0	20.737	0	0	0	0	0	0	0	0	0	0	0	0	0	0	0	0	0	0	0	0	0	0	0	0	0	0	0	0	0	0	0	0	0	0	0
1995	SAND1	171.167	0	0	0	0	0	0	0	0	0	0	0	0	0	0	0	0.186	0	0	0	0	0.002	0	0	0	0	0	0	0	0	0	0	0	18.825	2	0	0	0	0	0	0.018	19.896	1.493	0	0	0.04	0	0	0	50.703	0	0	0	0	0	35.196	0	0	0	0	0	0	0	0	0	0	26.917	0	0	0	0	0	0	0	0	0	15.221	0	0	0	0	0	0	0	0	0	0	0	0	0	0	0	0	0.603	0.008	0	0	0	0	0	0	0	0	0	0	0	0	0	0	0	0.059	0
1996	SAND1	1.386	0	0	0	0	0	0	0	0	0	0	0	0	0	0	0	0	0	0	0	0	0	0	0	0	0	0	0	0	0	0	0	0	0	0	0	0	0	0	0	0	0	0	0	0	0	0	0	0	0	0	0	0	0	0	0	0	0	0	0	0	0	0	0	0	0	0	0	0	0	0	0	0	0	0	0	1.386	0	0	0	0	0	0	0	0	0	0	0	0	0	0	0	0	0	0	0	0	0	0	0	0	0	0	0	0	0	0	0	0	0	0	0
1997	SAND1	15.772	0	0	0	0	0	0	0	0	0	0	0	0	0	0	0	0	0	0	0	0.043	0	0	0	0	0	0	0	0	0	0	0	0	0	0	0	0	0	0	0	9.046	0	0.027	0	0	0	0	0	0	0	0	0	0	0	0	0	0	0	0	0	0	0	0	0	0	0	0	0	0	0	0	0	0	0	0	0	6.656	0	0	0	0	0	0	0	0	0	0	0	0	0	0	0	0	0	0	0	0	0	0	0	0	0	0	0	0	0	0	0	0	0	0	0
1998	SAND1	22.712	0	0	0	0	0	0	0	0	0	0	0	0	0	0	0	0	0	0	0	0.025	0	0	0	0	0	0	0	0	0	0	0	0	0	0	0	0	0	0	0	20.385	0	0	0	0	0	0	0	0	0.006	0	0	0	0	0	1.834	0	0	0	0	0	0	0	0	0	0	0	0	0	0	0	0	0	0	0	0	0.462	0	0	0	0	0	0	0	0	0	0	0	0	0	0	0	0	0	0	0	0	0	0	0	0	0	0	0	0	0	0	0	0	0	0	0
1999	SAND1	25.927	0	0	0	0	0	0	0	0	0	0	0	0	0	0	0	0	0	0	0	0	0	0	0	0	0	0	0	0	0	0	0	0	0	0.132	0	0	0	0	0	10.063	15.315	0	0	0	0.011	0	0	0	0.014	0	0	0	0	0	0.311	0	0	0	0	0	0	0	0	0	0	0.025	0	0	0	0	0	0	0	0	0	0	0	0	0	0	0	0	0	0	0	0	0	0	0	0	0	0	0.056	0	0	0	0	0	0	0	0	0	0	0	0	0	0	0	0	0	0
2000	SAND1	1.151	0	0	0	0	0	0	0	0	0	0	0	0	0	0	0	0	0	0	0	0	0	0	0	0	0	0	0	0	0	0	0	0	0	0	0	0	0	0	0	1.151	0	0	0	0	0	0	0	0	0	0	0	0	0	0	0	0	0	0	0	0	0	0	0	0	0	0	0	0	0	0	0	0	0	0	0	0	0	0	0	0	0	0	0	0	0	0	0	0	0	0	0	0	0	0	0	0	0	0	0	0	0	0	0	0	0	0	0	0	0	0	0
2001	SAND1	133.81	0	0	0	0	0	0	0	0	0	0	0	0	0	0	0	0	0	0	0	0.083	0	0	0	0	0	0	0	0	0	0	0	0.02	0	6.046	0	0	0	0	0	4.128	108.827	0.004	0	0	0.818	0	0	0	2.157	0	0	0	0	0.072	11.398	0	0	0	0	0	0	0	0	0	0	0	0	0	0	0	0	0	0	0	0	0.257	0	0	0	0	0	0	0	0	0	0	0	0	0	0	0	0	0	0	0	0	0	0	0	0	0	0	0	0	0	0	0	0	0	0	0
2002	SAND1	0.002	0	0	0	0	0	0	0	0	0	0	0	0	0	0	0	0	0	0	0	0.002	0	0	0	0	0	0	0	0	0	0	0	0	0	0	0	0	0	0	0	0	0	0	0	0	0	0	0	0	0	0	0	0	0	0	0	0	0	0	0	0	0	0	0	0	0	0	0	0	0	0	0	0	0	0	0	0	0	0	0	0	0	0	0	0	0	0	0	0	0	0	0	0	0	0	0	0	0	0	0	0	0	0	0	0	0	0	0	0	0	0	0
2003	SAND1	72.816	0	0	0	0	0	0	0	0	0	0	0	0	0	0	0	0	0	0	0	0.912	0	0	0	0	0	0	0	0	0.025	0	0	0	0	0.054	0	0	1.117	0	0	1.18	60.218	0	0	0	0.784	0	0	0	0.048	0	0	0	0	0	8.478	0	0	0	0	0	0	0	0	0	0	0	0	0	0	0	0	0	0	0	0	0	0	0	0	0	0	0	0	0	0	0	0	0	0	0	0	0	0	0	0	0	0	0	0	0	0	0	0	0	0	0	0	0	0	0	0
2004	SAND1	8.225	0	0	0	0	0	0	0	0	0	0	0	0	0	0	0.027	0	0	0	0	3.56	0	0	0	0	0	0	0	0	0	0	0	0	0	0.304	0	0	0	0	0	0	0	0	0	0	0.497	0	0	0	0	0	0	0	0	0	0.075	0	3.167	0	0.568	0	0	0	0	0	0	0	0	0	0	0	0	0	0	0	0	0	0	0	0	0.016	0	0	0	0	0	0	0	0	0	0	0	0	0	0	0	0	0	0	0	0	0	0	0	0.011	0	0	0	0	0	0	0
2005	SAND1	557.215	0	0	0	0	0	0	0	0	0	0	0	0	0	0	0	0	0	0	0	17.918	0	0	0	0	0	0	0	0	0	0	0	0	1.506	26.351	0	6.272	0	0	0	1.489	353.122	0	0	0	3.747	0	0	0	4.774	0	0	0	0	0	142.034	0	0	0	0	0	0	0	0.002	0	0	0	0	0	0	0	0	0	0	0	0	0	0	0	0	0	0	0	0	0	0	0	0	0	0	0	0	0	0	0	0	0	0	0	0	0	0	0	0	0	0	0	0	0	0	0	0
2006	SAND1	1.643	0	0	0	0	0	0	0	0	0	0	0	0	0	0	0	0	0	0	0	0	0	0	0	0	0	0	0	0	0	0	0	0	0	0	0	0	0	0	0	0	0	0	0	0	0	0	0	0	0	0	0	0	0	0	0	0	0	0	0	0	0	0	0	0	0	0	0	0	0	0	0	0	0	0	0	1.643	0	0	0	0	0	0	0	0	0	0	0	0	0	0	0	0	0	0	0	0	0	0	0	0	0	0	0	0	0	0	0	0	0	0	0
2007	SAND1	182.36	0	0	0	0	0	0	0	0	0	0	0	0	14.644	0	0	0	0	0	0	32.73	10.826	0	0	0	0	0	0	0	0	0	0	0	2.259	4.568	0	0	0	0	0	10.402	31.118	0	0	0	0.972	0	0	0	22.51	0	0	0	0	0	22.382	0	0	0	0	0	0	0	0	0	0	0.047	0	0	0	0	0.421	0	0	0	0	3.595	24.886	0	0	0	0	0	0	0	0	0	0	0	0	0	0	0	0	0	0	0	0	0	0	1	0	0	0	0	0	0	0	0	0	0	0
2008	SAND1	17.266	0	0	0	0	0	0	0	0	0	0	0	0	0	0	0	0	0	0	0	0.001	0	0	0	0	0	0	0	0	0	0	0	0	0	0	0	0	0	0	0	0.035	0	0	0	0	0	0	0	0	0	0	0	0	0	0	0	0	0	0	0	0	0	0	0	0	0	0	0	0	0	0	0	0	0	0	0	17.23	0	0	0	0	0	0	0	0	0	0	0	0	0	0	0	0	0	0	0	0	0	0	0	0	0	0	0	0	0	0	0	0	0	0	0
1989	SAND2	69.124	0	0	0	0	0	0	0	0	0	0	0	0	0	0	0	0	0	0	0	0	0.006	0	0	0	0	0	0	0	0	0	0	0	0	0	0.299	0	0	0	0	0	0	0	0	2.032	0	0	0	0	0	0	0	0	25.43	0	4.998	0	0	0	0	0	0	0	0	0	0	0	0	0	0	0	0	0	0	0	0	36.359	0	0	0	0	0	0	0	0	0	0	0	0	0	0	0	0	0	0	0	0	0	0	0	0	0	0	0	0	0	0	0	0	0	0	0
1990	SAND2	111.216	0	0	0	0	0	0	0	0	0	0	0	0	0	0	0	0	0	0	0	0.222	0	0	0	0	0	0	0	0	0	0	0	0	0	0	0.047	0	0	0	0	0	0	0.25	0	0	0	0	0	0	0	0	0	0	7.73	0	0	0	0	0	0	0	0	0	0	0	0	0	0	0	0	0	0	0	0	0	0	102.915	0	0	0	0	0	0	0	0	0	0	0	0	0	0	0	0	0	0	0	0	0.052	0	0	0	0	0	0	0	0	0	0	0	0	0	0
1991	SAND2	36.078	0	0	0	0	0	0	0	0	0	0	0	0	0	0	0	0	0	0	0	0.004	0	0	0	0	0	0	0	0	0	0	0	0	0	0	0	0	0	0	0	0	0	0.118	0	0	0	0	0	0	0	0	0	0	4.937	0	0	0	0	0	0	0	0	0	0	0	0	0	0	0	0	0	0	0	0	0	0	31.019	0	0	0	0	0	0	0	0	0	0	0	0	0	0	0	0	0	0	0	0	0	0	0	0	0	0	0	0	0	0	0	0	0	0	0
1992	SAND2	112.603	0	0	0	0	0	0	0	0	0	0	0	0	0	0	0	0	0	0	0	3.56	0	0	0	0	0	0	0	0.398	0	0	0	0.142	0	4.215	0.233	0	0	0	0	0	5.436	0	0	0	0.199	0	0	0	18.851	0	0	0	10.901	0	16.598	0	0	0	0	0	0	0	0	0	0	0	0	0	0	0	0	0	0	0	0	51.278	0	0	0	0	0	0	0	0	0	0	0	0	0	0	0	0	0	0.792	0	0	0	0	0	0	0	0	0	0	0	0	0	0	0	0	0
1993	SAND2	205.94	0	0	0	0	0	0	0	0	0	0	0	0	0	0	0	0	0	0	0	0.237	0.035	0	0	0	0	0	0	0	0	0	0	1.546	0.753	0.105	0.148	0	0	0	0	0	22.119	0.233	0	0	0.075	0	0	0	53.266	0	0	0	13.237	0	5.652	0	0	0	0	0	0.062	0	0	0	0	0.113	0	0	0	0	0	0	0	0	0	108.359	0	0	0	0	0	0	0	0	0	0	0	0	0	0	0	0	0	0	0	0	0	0	0	0	0	0	0	0	0	0	0	0	0	0	0
1994	SAND2	104.946	0	0	0	0	0	0	0	0	0	0	0	0	0	0	0	0	0	0	0	0	0	0	0	0	0	0	0	0	0	0	0	0	0	0	0	0	0	0	0	0	0	0	0	0	0	0	0	0	0	0	0	0	5.618	0	0.008	0	0	0	0	0	0	0	0	0	0	0	0	0	0	0	0	0	0	0	0	99.32	0	0	0	0	0	0	0	0	0	0	0	0	0	0	0	0	0	0	0	0	0	0	0	0	0	0	0	0	0	0	0	0	0	0	0
1995	SAND2	242.427	0	0	0	0	0	0	0	0	0	0	0	0	0	0	0	0	0	0	0	0	0.026	0	0	0	0	0	0	0	0	0	0	0.045	40.662	2.665	0.035	0	0	0	0	0	24.937	0.174	0	0	0.337	0	0	0	44.299	0	0	0	0	0	16.506	0	0	0	0	0	0	0.019	0	0	0	31.222	0	0	0	0	0	0	0	0	0	81.5	0	0	0	0	0	0	0	0	0	0	0	0	0	0	0	0	0	0	0	0	0	0	0	0	0	0	0	0	0	0	0	0	0	0	0
1996	SAND2	56.08	0	0	0	0	0	0	0	0	0	0	0	0	0	0	0	0	0	0	0	0	0	0	0	0	0	0	0	0	0	0	0	0	0	0	0	0	0	0	0	0	0	0	0	0	0	0	0	0	0	0	0	0	0	0	0	0	0	0	0	0	0	0	0	0	0	0	0	0	0	0	0	0	0	0	0	56.08	0	0	0	0	0	0	0	0	0	0	0	0	0	0	0	0	0	0	0	0	0	0	0	0	0	0	0	0	0	0	0	0	0	0	0
1997	SAND2	108.212	0	0	0	0	0	0	0	0	0	0	0	0	0	0	0	0	0	0	0	0.004	0.006	0	0	0	0	0	0	0	0	0	0	0	0	0	0	0	0	0	0	6.512	0	10.034	0	0	0	0	0	0	0	0	0	0	0	0	0	0	0	0	0	0	0	0	0	0	0	0	0	0	0	0	0	0	0	0.032	0	90.45	0	0	0	0	0	0	0	0	0	0	0	0	0	0	0	0	0	0	1.174	0	0	0	0	0	0	0	0	0	0	0	0	0	0	0	0
1998	SAND2	90.681	0	0	0	0	0	0	0	0	0	0	0	0	0	0	0	0	0	0	0	0.231	0	0	0	0	0	0	0	0	0	0	0	0	0	0	0	0	0	0	0	6.892	0	0	0	0	0	0	0	0	0	0	0	0	0	0	0.415	0	0	0	0	0	0	0	0	0	0	0	0	0	0	0	0	0	0	0	0	83.143	0	0	0	0	0	0	0	0	0	0	0	0	0	0	0	0	0	0	0	0	0	0	0	0	0	0	0	0	0	0	0	0	0	0	0
1999	SAND2	56.681	0	0	0	0	0	0	0	0	0	0	0	0	0	0	0	0	0	0	0	0	0	0	0	0	0	0	0	0	0	0	0	0.024	0	0	0	0	0	0	0	4.329	6.876	0	0	0	0.002	0	0	0	0.007	0	0	0	0	0	0.122	0	0	0	0	0	0	0	0	0	0	0	0.006	0	0	0	0	0	0	0	0	45.296	0	0	0	0	0	0	0	0	0	0	0	0	0	0	0	0	0.019	0	0	0	0	0	0	0	0	0	0	0	0	0	0	0	0	0	0
2000	SAND2	47.68	0	0	0	0	0	0	0	0	0	0	0	0	0	0	0	0	0	0	0	0	0	0	0	0	0	0	0	0	0	0	0	0	0	0	0	0	0	0	0	0.099	0	0	0	0	0	0	0	0	0	0	0	0	0	0	0	0	0	0	0	0	0	0	0	0	0	0	0	0	0	0	0	0	0	0	0	47.581	0	0	0	0	0	0	0	0	0	0	0	0	0	0	0	0	0	0	0	0	0	0	0	0	0	0	0	0	0	0	0	0	0	0	0
2001	SAND2	191.384	0	0	0	0	0	0	0	0	0	0	0	0	0	0	0	0	0	0	0	0.097	0	0	0	0	0	0	0	0	0	0	0	0	0	11.067	0	0	6.724	0	0	1.864	139.226	0.023	0	0	0.682	0	0	0	3.168	0	0	0	0	0	5.13	0	0	0	0	0	0	0	0	0	0	0	0	0	0	0	0	0	0	0	0	22.442	0	0	0	0	0	0.664	0	0	0	0	0	0	0	0	0	0	0.297	0	0	0	0	0	0	0	0	0	0	0	0	0	0	0	0	0	0
2002	SAND2	11.219	0	0	0	0	0	0	0	0	0	0	0	0	0	0	0	0	0	0	0	0	0	0	0	0	0	0	0	0	0	0	0	0	0	0	0	0	0	0	0	0	0	0	0	0	0	0	0	0	0	0	0	0	0	0	0	0	0	0	0	0	0	0	0	0	0	0	0	0	0	0	0	0	0	0	0	11.219	0	0	0	0	0	0	0	0	0	0	0	0	0	0	0	0	0	0	0	0	0	0	0	0	0	0	0	0	0	0	0	0	0	0	0
2003	SAND2	79.805	0	0	0	0	0	0	0	0	0	0	0	0	0	0	0	0	0	0	0	0.36	0	0	0	0	0	0	0	0.008	0	0	0	0	0.753	1.631	0	0	0	0	0	0.411	35.979	0	0	0	0	0	0	0	0.012	0	0	0	0	0	1.673	0	0	0	0	0	0	0	0	0	0	0	0	0	0	0	0	0	0	0	0	38.978	0	0	0	0	0	0	0	0	0	0	0	0	0	0	0	0	0	0	0	0	0	0	0	0	0	0	0	0	0	0	0	0	0	0	0
2004	SAND2	14.229	0	0	0	0	0	0	0	0	0	0	0	0	0	0	0	0	0	0	0	0.013	0	0	0	0	0	0	0	0	0	0	0	0	0	0.316	0	0	0	0.003	0	0.002	0	0	0	0	0	0	0	0	0	0	0	0	0	0	1.819	0	0.452	0	0.019	0	0	0	0	0	0	0	0	0	0	0	0	0	0	0	0	11.383	0	0	0	0	0	0	0	0	0	0	0	0	0	0	0	0	0	0	0	0	0	0	0	0	0	0	0	0.051	0	0	0	0	0.171	0	0
2005	SAND2	190.294	0	0	0	0	0	0	0	0	0	0	0	0	0	0	0	0	0	0	0	2.733	0	0	0	0	0	0	0	0.119	0	0	0	0	6.024	5.519	0	10.109	0	0	0	0.325	150.724	0	0	0	1.185	0	0	0	2.268	0	0	0	0	0	8.132	0	0	0	0	0	0	0	0	0	0	0	0	0	0	0	0	0	0	0	0	0	0.284	0	0	0	0	0	0	0	0	2.82	0	0	0	0	0	0	0	0	0.052	0	0	0	0	0	0	0	0	0	0	0	0	0	0	0	0
2006	SAND2	15.972	0	0	0	0	0	0	0	0	0	0	0	0	0	0	0	0	0	0	0	0	0	0	0	0	0	0	0	0	0	0	0	0	0	0	0	0	0	0	0	0	0	0	0	0	0	0	0	0	0	0	0	0	0	0	0	0	0	0	0	0	0	0	0	0	0	0	0	0	0	0	0	0	0	0	0	15.972	0	0	0	0	0	0	0	0	0	0	0	0	0	0	0	0	0	0	0	0	0	0	0	0	0	0	0	0	0	0	0	0	0	0	0
2007	SAND2	119.356	0	0	0	0.009	0	0	0	0	0	0	0	0	0	0	0	0	0	0	0	9.979	0.163	0.1	0	0	0	0	0	0	0	0	0.024	0	2.259	5.402	0	0	0	0	0	10.881	0	0	0	0	0.642	0	0	0	8.833	0	0	0	0	0	25.186	0	0	0	0	0	0	0	4.602	0	0	0.699	0	0	0	0	0.27	0	0	0.369	0	19.335	15.891	0	0	0	0	0	0	0	0	0	0	0	0	0	0	11.982	0	0	2.73	0	0	0	0	0	0	0	0	0	0	0	0	0	0	0	0
2008	SAND2	64.451	0	0	0	0	0	0	0	0	0	0	0	0	0	0	0	0	0	0	0	0	0	0	0	0	0	0	0	0	0	0	0	0	0	0	0	0	0	0	0	0	0	0	0	0	0	0	0	0	0	0	0	0	0	0	0	0	0	0	0	0	0	0	0	0	0	0	0	0	0	0	0	0	0	0	0	64.451	0	0	0	0	0	0	0	0	0	0	0	0	0	0	0	0	0	0	0	0	0	0	0	0	0	0	0	0	0	0	0	0	0	0	0
1989	SAND3	413.803	0	0	0	0	0	0	0	0	0	0	0	27.336	0	0	0	0	0	0	0	0.063	0	0	0	0	0	0	0	0	0	0	0	0	0	0	1.747	0	0	0	0	0	0	0	0	0	0	0	0	0	0	0	0	0	42.369	0	2.114	0	0	0	0	0	0	0	0	0	0	0	0	0	0	0	0	0	0	0	0	340.174	0	0	0	0	0	0	0	0	0	0	0	0	0	0	0	0	0	0	0	0	0	0	0	0	0	0	0	0	0	0	0	0	0	0	0
1990	SAND3	199.904	0	0	0	0	0	0	0	0	0	0	0	41.418	0	0	0	0	0	0	0	0.432	0	0	0	0	0	0	0	0	0	0	0	0	0	0	0.32	0	0	0	0	0	0	0	0	0	0	0	0	0	0	0	0	0	12.358	0	0	0	0	0	0	0	0	0	0	0	0	0	0	0	0	0	0	0	0	0	0	145.18	0	0	0	0	0	0	0	0	0	0	0	0	0	0	0	0	0	0.157	0	0	0.039	0	0	0	0	0	0	0	0	0	0	0	0	0	0
1991	SAND3	412.298	0	0	0	0	0	0	0	0	0	0	0	10.437	0	0	0	0	0	0	0	0.047	0.001	0	0	0	0	0	0	0	0	0	0	0	0	0	0.457	0	0	0	0	0	0	0	0	0	0	0	0	0	0.03	0	0	0	5.53	0	0.004	0	0	0	0	0	0	0	0	0	0	0	0	0	0	0	0	0	0	0	0	395.79	0	0	0	0	0	0	0	0	0	0	0	0	0	0	0	0	0	0.002	0	0	0	0	0	0	0	0	0	0	0	0	0	0	0	0	0
1992	SAND3	272.573	0	0	0	0	0	0	0	31.312	0	0	0	0	0	0	0	0	0	0	0	12.863	0	0	0	0	0	0	0	0	0	0	0	0	0	1.689	10.502	0	0	0	0	0	0.229	0.592	0	0	0.252	0	0	0	15.689	0	0	0	14.023	0	11.205	0	0	0	0	0	0	0	0	0	0	0.559	0	0	0	0	0	0	0	0	0	169.368	0	0	0	0	0	0	0	0	0	0	0	0	0	0	0	0	0	4.29	0	0	0	0	0	0	0	0	0	0	0	0	0	0	0	0	0
1993	SAND3	384.413	0	0	0	0	0	38.602	0	0	0	0	0	0	0	0	0	0	0	0	0	2.352	0	0	0	0	0	0	0	0	0	0	0	0.113	0	0.033	5.857	0	0.466	0	0	0	19.502	0.658	0	0	0.011	0	0	0	122.254	0	0	0	22.889	0	28.36	0	0	0	0	0	0	0	0	0	0	7.022	0	0	0	0	0	0	0	0	0	136.039	0	0	0	0	0	0	0	0	0	0	0	0	0	0	0	0	0	0.255	0	0	0	0	0	0	0	0	0	0	0	0	0	0	0	0	0
1994	SAND3	213.102	0	0	0	0	0	0	18.058	0	0	0	0	0	0	0	0	0	0	0	0	0	0	0	0	0	0	0	0	0	0	0	0	0	0	0	0.178	0	0	0	0	0	0	0	0	0	0	0	0	0	0	0	0	0	10.389	0	0	0	0	0	0	0	0	0	0	0	0	0	0	0	0	0	0	0	0	0	0	184.477	0	0	0	0	0	0	0	0	0	0	0	0	0	0	0	0	0	0	0	0	0	0	0	0	0	0	0	0	0	0	0	0	0	0	0
1995	SAND3	317.549	0	0	0	0	0	0	0.133	0	0	0	0	0	0	0	0	0	0	0.159	0	0.014	0.005	0	0	0	0	0	0	0.013	0	0	0	1.093	14.307	1.488	1.581	0	0	0	0	0.351	29.642	0.004	0	0	0.179	0	0	0	67.022	0	0	0	0	0	31.064	0	0	0	0	0	0	0	0	0	0	11.253	0	0	0	0	0	0.163	0	0	0	159.046	0	0	0	0	0	0	0	0	0	0	0	0	0	0	0	0	0	0.032	0	0	0	0	0	0	0	0	0	0	0	0	0	0	0	0	0
1996	SAND3	52.163	0	0	0	0	0	0	0	0	0	0	0	0	0	0	0	0	0	0	0	0	0	0	0	0	0	0	0	0	0	0	0	0	0	0	0	0	0	0	0	0.002	0	0	0	0	0	0	0	0	0	0	0	0	0	0	0	0	0	0	0	0	0	0	0	0	0	0	0	0	0	0	0	0	0	0	0	52.161	0	0	0	0	0	0	0	0	0	0	0	0	0	0	0	0	0	0	0	0	0	0	0	0	0	0	0	0	0	0	0	0	0	0	0
1997	SAND3	114.151	0	0	0	0	0	0	0	0	0	0	0	0	0	0	0	0	0	0	0	0.1	0.001	0	0	0	0	0	0	0	0	0	0	0	0	0	2.069	0	0	0	0	8.377	0	0	0	0	0	0	0	0	0	0	0	0.005	0	0	0.015	0	0	0	0	0	0	0	0	0	0	0	0	0	0	0	0	0	0	0	0	103.532	0	0	0	0	0	0	0	0	0	0	0	0	0	0	0	0	0	0	0.052	0	0	0	0	0	0	0	0	0	0	0	0	0	0	0	0
1998	SAND3	114.233	0	0	0	0	0	0	0	0	0	0	0	0	0	0	0	0	0	0	0	0.048	0	0	0	0	0	0	0	0	0	0	0	0	0	0	0.863	0	0	0	0	29.308	0	0	0	0	0.021	0	0	0	0.198	0	0	0	0	0	0.189	0	0	0	0	0	0	0	0	0	0	0	0	0	0	0	0	0	0	0	0	83.606	0	0	0	0	0	0	0	0	0	0	0	0	0	0	0	0	0	0	0	0	0	0	0	0	0	0	0	0	0	0	0	0	0	0	0
1999	SAND3	103.773	0	0	0	0	0	0	0	0	0	0	0	0	0	0	0	0	0	0	0	0.028	0	0	0	0	0	0	0	0	0	0	0	0.065	0.753	0.554	0.573	0	0	0	0	14.633	6.616	0	0	0	0.05	0	0	0	0.523	0	0	0	0	0	0.301	0	0	0	0	0	0	0	0	0	0	0	0	0	0	0	0	0	0	0	0	79.677	0	0	0	0	0	0	0	0	0	0	0	0	0	0	0	0	0	0	0	0	0	0	0	0	0	0	0	0	0	0	0	0	0	0	0
2000	SAND3	29.955	0	0	0	0	0	0	0	0	0	0	0	0	0	0	0	0	0	0	0	0	0	0	0	0	0	0	0	0	0	0	0	0	0	0	0	0	0	0	0	0.529	0	0	0	0	0	0	0	0	0	0	0	0	0	0	0	0	0	0	0	0	0	0	0	0	0	0	0	0	0	0	0	0	0	0	0	29.426	0	0	0	0	0	0	0	0	0	0	0	0	0	0	0	0	0	0	0	0	0	0	0	0	0	0	0	0	0	0	0	0	0	0	0
2001	SAND3	191.036	0	0	0	0	0	0	0	0	0	0	0	0	0	0	0	0	0	0	0	0.02	0.001	0	0	0	0	0	0	0	0	0	0	0	0	20.386	2.356	0	0.38	0	0	2.692	114.212	0	0	0	1.253	0	0	0	3.77	0	0	0	0	0	8.425	0	0	0	0	0	0	0	0	0	0	0	0	0	0	0	0	0	0	0	0	37.541	0	0	0	0	0	0	0	0	0	0	0	0	0	0	0	0	0	0	0	0	0	0	0	0	0	0	0	0	0	0	0	0	0	0	0
2002	SAND3	36.878	0	0	0	0	0	0	0	0	0	0	0	0	0	0	0	0	0	0	0	0	0	0	0	0	0	0	0	0	0	0	0	0	0	0	0.006	0	0	0	0	0	0	0	0	0	0	0	0	0	0	0	0	0	0	0	0	0	0	0	0	0	0	0	0	0	0	0	0	0	0	0	0	0	0	0	0	36.872	0	0	0	0	0	0	0	0	0	0	0	0	0	0	0	0	0	0	0	0	0	0	0	0	0	0	0	0	0	0	0	0	0	0	0
2003	SAND3	140.579	0	0	0	0	0	0	0	0	0	0	0	0	0	0	0	0	0	0	0	0	0	0	0	0	0	0	0	0	0	0	0	0	0.753	8.924	1.002	0	0	0	0	1.184	87.259	0	0	0	0.016	0	0	0	1.731	0	0	0	0	0	0.68	0	0	0	0	0	0	0	0	0	0	0	0	0	0	0	0	0	0	0	0	39.03	0	0	0	0	0	0	0	0	0	0	0	0	0	0	0	0	0	0	0	0	0	0	0	0	0	0	0	0	0	0	0	0	0	0	0
2004	SAND3	50.104	0	0	0	0	0	0	0	0	0	0	0	0	0	0	0	0	0	0	0	0.275	0	0	0	0	0	0	0	0	0	0	0	0	0	0.033	5.659	0	0	0	0	0.035	0.044	0	0	0	0	0	0	0	0.002	0	0	0	0	0	0	0	30.765	0	0.355	0.001	0	0	0	0	0	0	0	0	0	0	0	0	0	0	0	12.633	0	0	0.258	0.009	0	0	0	0	0	0	0	0	0	0	0	0	0	0	0	0	0	0	0	0	0	0	0	0.035	0	0	0	0	0	0	0
2005	SAND3	355.172	0	0	0	0	0	0	0	0	0	0	0	0	0	0	0	0	0	0	0	1.844	0.018	0	0	0	0	1.397	0	0.074	0	0	0	0.405	3.012	35.596	10.537	0.293	0	0.001	0	2.042	205.342	0	0	0	1.217	0	0	0	6.177	0	0	0	0	0	0.501	0.269	0	0	0	0	0	0	0.14	0	0	0	0	0	0	0	0.541	0	0	0	0	80.114	0	0.013	0	0	0	3.152	0	0	0.431	0	0	0	0	0	0	0	0	0.046	0.448	0	0	0	0	0	0	0	0	0	1.399	0	0	0	0.163	0	0
2006	SAND3	97.754	0	0	0	0	0	0	0	0	0	0	0	0	0	0	0	0	0	0	0	0	0	0	0	0	0	0	0	0	0	0	0	0	0	0	0	0	0	0	0	0	0	0	0	0	0	0	0	0	0	0	0	0	0	0	0	0	0	0	0	0	0	0	0	0	0	0	0	0	0	0	0	0	0	0	0	97.754	0	0	0	0	0	0	0	0	0	0	0	0	0	0	0	0	0	0	0	0	0	0	0	0	0	0	0	0	0	0	0	0	0	0	0
2007	SAND3	372.63	0	0	0	0.018	0	0	0	0	0	0	0	0	55.13	0	0	0	0	0	0	20.284	24.043	0	0	0	0	0	0	0.085	0	0	0	1.214	16.566	10.492	17.064	0	0	0	0	14.957	0	0	0	0	0.536	0	0	0	19.312	0	0	0	0	0	2.446	0.672	0	0	0	0	0	0	12.836	0	0	0	0	0	0	0	0.541	0	0	0.296	0	160.474	13.917	0	0	0	0	0	0	0	0	0	0	0	0	0	0	0	0	0	1.705	0	0	0	0	0	0	0	0	0	0	0	0.042	0	0	0	0
2008	SAND3	164.727	0	0	0	0	0	0	0	0	0	0	0	0	0	0	0	0	0	0	0	0	0	0	0	0	0	0	0	0	0	0	0	0	0	0	0.059	0	0	0	0	0	0	0	0	0	0	0	0	0	0	0	0	0	0	0	0	0	0	0	0	0	0	0	0	0	0	0	0	0	0	0	0	0	0	0	0	164.668	0	0	0	0	0	0	0	0	0	0	0	0	0	0	0	0	0	0	0	0	0	0	0	0	0	0	0	0	0	0	0	0	0	0	0
1989	SAND4	205.942	0	0	0	0	0	0	0	0	0	0	0	107.356	0	0	0	0	0	0	0	0.051	0.009	0	0	0	0	0	0	0	0	0	0	0	0	0	0	0	0	0	0	0	0	0	0	0	0.031	0	0	0	0	0	0	0	12.129	0	0.047	0	0	0	0	0	0	0	0	0	0	0	0	0	0	0	0	0	0	11.81	0	71.126	0	0	0	0	0	0	0	0	0	0	0	0	0	0	0	1.054	0	0	0	0	2.329	0	0	0	0	0	0	0	0	0	0	0	0	0	0
1990	SAND4	180.615	0	0	0	0	0	0	0	0	0	0	0	40.093	0	0	0	0	0	0	0	1.095	0	0	0	0	0	0	0	0	0	0	0	0	0	0	0	0	0	0	0	0	0	0	0	0	0	0	0	0	0	0	0	0	9.604	0	0	0	0	0	0	0	0	0	0	0	0	0	0	0	0	0	0.15	0	0	0.105	0	127.391	0	0	0	0	0	0	0	0	0	0	0	0	0	0	0	0	0	0.002	0	0	2.175	0	0	0	0	0	0	0	0	0	0	0	0	0	0
1991	SAND4	242.722	0	0	0	0	0	0	0	0	0	0	0	23.857	0	0	0	0	0	0	0	0.057	0.01	0	0	0	0	0	0	0	0	0	0	0.016	0	0	0	0	0	0	0	0	0	0.064	0	0	0	0	0	0	0	0	0	0	4.246	0	0	0	0	0	0	0	0	0	0	0	0	0	0	0	0	0	0	0	0	0	0	214.457	0	0	0	0	0	0	0	0	0	0	0	0	0	0	0	0	0	0.015	0	0	0	0	0	0	0	0	0	0	0	0	0	0	0	0	0
1992	SAND4	291.486	0	0	0	0	0	0	0	0	0	0	0	17.147	0	0	0	0	0	0	0	6.962	0	0	0	0	0	0	0	0	0	0	0	6.315	0	1.129	0	0	0	0	0	0	12.898	55.516	0	0	0.381	0	0	0	6.667	0	0	0	11.592	0	11.797	0	0	0	0	0	0	0	0	0	0	12.636	0	0	0	0	0	0	0	7.592	0	139.557	0	0	0	0	0	0	0	0	0	0	0	0	0	0	0	0	0	0.772	0	0	0.525	0	0	0	0	0	0	0	0	0	0	0	0	0	0
1993	SAND4	317.605	0	0	0	0	0	21.09	0	0	0	0	0	0	2.651	0	0	0	0	0	0	2.79	0.005	0	0	0	0	0	0	0	0	0	0	0	1.506	0.206	0	0	0	0	0	0	45.922	2.771	0	0	0.122	0	0	0	64.935	0	0	0	20.734	0	4.927	0	0	0	0	0	0.005	0	0	0	0	0.311	0	0	0	0	2.073	0	0	12.136	0	133.81	0.057	0	0	0	0	0	0	0	0	0	0	0	0	0	0	0.2	0.019	0.031	1.304	0	0	0	0	0	0	0	0	0	0	0	0	0	0	0	0
1994	SAND4	172.994	0	0	0	0	0	0	1.624	0	0	0	0	0	0	0	0	0	0	0	0	0	0	0	0	0	0	0	0	0	0	0	0	0	0	0	0	0	0	0	0	0	0	0	0	0	0	0	0	0	0	0	0	0	4.42	0	0.008	0	0	0	0	0	0	0	0	0	0	0	0	0	0	0	0	0	0	0	0	166.185	0	0	0	0	0	0	0	0	0	0	0	0	0	0	0	0	0	0	0.757	0	0	0	0	0	0	0	0	0	0	0	0	0	0	0	0
1995	SAND4	283.838	0	0	0	0	0	0	0.828	0	0	0	0	0	0	0	0	0	0	0	0	0.034	0.017	0	0	0	0	0	0	0	0	0	0	0.011	24.849	1.502	0	0.711	0	0	0	0	60.116	0.075	0	0	0.212	0	0	0	42.301	0	0	0	0	0	9.255	0	0	0	0	0	0	0	0	0	0	19.417	0	0	0	0	0	0	0	0	0	124.51	0	0	0	0	0	0	0	0	0	0	0	0	0	0	0	0	0	0	0	0	0	0	0	0	0	0	0	0	0	0	0	0	0	0	0
1996	SAND4	99.998	0	0	0	0	0	0	0	0	0	0	0	0	0	0	0	0	0	0	0	0	0	0	0	0	0	0	0	0	0	0	0	0	0	0	0	0	0	0	0	0	0	0	0	0	0	0	0	0	0	0	0	0	0	0	0	0	0	0	0	0	0	0	0	0	0	0	0	0	0	0	0	0	0	0	0	99.998	0	0	0	0	0	0	0	0	0	0	0	0	0	0	0	0	0	0	0	0	0	0	0	0	0	0	0	0	0	0	0	0	0	0	0
1997	SAND4	160.224	0	0	0	0	0	0	0	0	0	0	0	0	0	0	0	0	0	0	0	0.115	0.001	0	0	0	0.025	0	0	0	0	0	0	0	0	0	0	0	0	0	0	7.9	0	0.055	0	0	0	0	0	0	0	0	0	0	0	0	0	0	0	0	0	0	0	0	0	0	0	0	0	0	0	0	0	0	0	0	0	151.507	0	0	0	0	0	0	0	0	0	0	0	0	0	0	0	0	0	0	0.609	0	0	0	0	0	0.012	0	0	0	0	0	0	0	0	0	0
1998	SAND4	180.587	0	0	0	0	0	0	7.091	0	0	0	0	0	0	0	0	0	0	0	0	0.515	0	0	0	0	0.126	0	0	0	0	0	0	0	0	0	0	0	0	0	0	18.336	0	0	0	0	0	0	0	0	0.002	0	0	0	0	0	0.159	0	0	0	0	0	0	0	0	0	0	0	0	0	0	0	0	0	0	0.38	0	153.756	0	0	0	0	0	0	0	0	0	0	0	0	0	0	0	0.222	0	0	0	0	0	0	0	0	0	0	0	0	0	0	0	0	0	0	0
1999	SAND4	131.509	0	0	0	0	0	0	0	0	0	0	0	0	0	0	0	0	0	0	0	0.065	0	0	0	0	0	0	0	0	0	0	0	0	0	0	0	0	0.036	0	0	6.163	3.502	0.041	0	0	0.05	0	0	0	0.575	0	0	0	0	0	0.06	0	0	0	0	0	0	0	0	0	0	0	0	0	0	0	0	0	0	0	0	121.017	0	0	0	0	0	0	0	0	0	0	0	0	0	0	0	0	0	0	0	0	0	0	0	0	0	0	0	0	0	0	0	0	0	0	0
2000	SAND4	34.984	0	0	0	0	0	0	0	0	0	0	0	0	0	0	0	0	0	0	0	0	0	0	0	0	0	0	0	0	0	0	0	0	0	0	0	0	0	0	0	0.474	0	0	0	0	0	0	0	0	0	0	0	0	0	0	0	0	0	0	0	0	0	0	0	0	0	0	0	0	0	0	0	0	0	0	0	34.51	0	0	0	0	0	0	0	0	0	0	0	0	0	0	0	0	0	0	0	0	0	0	0	0	0	0	0	0	0	0	0	0	0	0	0
2001	SAND4	205.758	0	0	0	0	0	0	0	0	0	0	0	0	0	0	0	0	0	0	0	0.704	0	0	0	0	0	0	0	0	0	0	0	0	0	3.889	0	0	2.004	0	0	2.559	85.532	0	0	0	0.835	0	0	0	2.63	0	0	0	0	0.369	7.31	0	0	0	0	0	0	0	0.04	0	0	0	0	0	0	0	0	0	0	0	0	99.886	0	0	0	0	0	0	0	0	0	0	0	0	0	0	0	0	0	0	0	0	0	0	0	0	0	0	0	0	0	0	0	0	0	0	0
2002	SAND4	43.01	0	0	0	0	0	0	0	0	0	0	0	0	0	0	0	0	0	0	0	0	0	0	0	0	0	0	0	0	0	0	0	0	0	0	0	0	0	0	0	0	0	0	0	0	0	0	0	0	0	0	0	0	0	0	0	0	0	0	0	0	0	0	0	0	0	0	0	0	0	0	0	0	0	0	0	43.01	0	0	0	0	0	0	0	0	0	0	0	0	0	0	0	0	0	0	0	0	0	0	0	0	0	0	0	0	0	0	0	0	0	0	0
2003	SAND4	233.171	0	0	0	0	0	0	0	0	0	0	0	0	0	0	0	0	0	0	0	0.22	0	0	0	0	0	0	0	0	0	0	0	0	2.259	1.356	0	0	0	0	0	0.521	76.352	0	0	0	0	0	0	0	0.119	0	0	0	0	0	0	0	0	0	0	0	0	0	0	0	0	0	0	0	0	0	0	0	0	0	0	152.344	0	0	0	0	0	0	0	0	0	0	0	0	0	0	0	0	0	0	0	0	0	0	0	0	0	0	0	0	0	0	0	0	0	0	0
2004	SAND4	101.373	0	0	0	0	0	0	0	0	0	0	0	0	0	0	0.159	0	0	0	0	0.002	0	0	0	0	0	0	0	0	0	0	0	0	0	0.002	0	0	0	0.001	0	0	0	0	0	0	0	0	0	0	0	0	0	0	0	0	0	0	2.715	0	0.004	0	0	0	0	0	0	0	0	0	0	0	0	0	0	0	0	95.253	0	0	0.023	0	0	0	0	0	0	0	0	0	0	0	0	0	0	0	0	0	0	0	0	0	0	0.546	0	0.044	0	0	0	0	2.624	0	0
2005	SAND4	448.128	0	0	0	0	0	0	0	0	0	0	0	0	0	0	0	0	0	0	0	1.185	0	0	0	0	0	0	0	0	0	0	0	2.186	7.53	4.147	0	4.34	0	0	0	0.762	303.284	0	0	0	0.031	0	0	0	7.997	0	0	0	0	0	7.546	0	0	0	0	0	0	0	0	0	0	0	0	0	0	0	0	0	0	0.58	0	106.33	0	0	0	0	0	0	0	0	0	0	0	0	0	0	0	0	2.04	0	0	0	0	0	0	0	0	0	0	0	0	0	0	0	0.17	0	0
2006	SAND4	144.276	0	0	0	0	0	0	0	0	0	0	0	0	0	0	0	0	0	0	0	0	0	0	0	0	0	0	0	0	0	0	0	0	0	0	0	0	0	0	0	0	0	0	0	0	0	0	0	0	0	0	0	0	0	0	0	0	0	0	0	0	0	0	0	0	0	0	0	0	0	0	0	0	0	0	0	144.276	0	0	0	0	0	0	0	0	0	0	0	0	0	0	0	0	0	0	0	0	0	0	0	0	0	0	0	0	0	0	0	0	0	0	0
2007	SAND4	291.1	0	0	0	0	1.683	0	0	0	0	0	0	0	0	0	0	0	0	0	0	9.184	39.333	0	0	0	0	0	0	0	0	0	0	0	0.753	3.587	0	0	0	0	0	5.407	35.269	33.856	0	0	1.732	0	0	0	23.656	0	0	0	0	0	19.302	0	0	0	0	0	0	0	3.22	0	0	0	0	0	0	0	4.686	0	0	0.084	0	60.157	35.3	0	0	0	0	0	0	0	0	0	0	0	0	0	0	0.999	0	0	12.892	0	0	0	0	0	0	0	0	0	0	0	0	0	0	0	0
2008	SAND4	170.662	0	0	0	0	0	0	0	0	0	0	0	0	0	0	0	0	0	0	0	0.062	0	0	0	0	0	0	0	0	0	0	0	0	0	0	0	0	0	0	0	0	0	0	0	0	0	0	0	0	0	0	0	0	0	0	0	0	0	0	0	0	0	0	0	0	0	0	0	0	0	0	0	0	0	0	0	170.6	0	0	0	0	0	0	0	0	0	0	0	0	0	0	0	0	0	0	0	0	0	0	0	0	0	0	0	0	0	0	0	0	0	0	0
