Year	site	total	APRA	ASNU	ASTE	ASTR1	BAMU	CHIN	CIOC	COCA	COCO	CRCR	CRMI	CRYP1	DEPI	DIWI	ERAB	ERBE	GAPA	GRSQ	GSDL1	HECI	HIMU	HODR	HOGL	HYOD	LEGO	LESQ1	LEVI	MAFE	NAHI	OENO1	OEPR	PAOB	PHAC1	PHCO	PLMU	PLPA	PSDL1	SCAR	SIIR	SILE	SOOL	SPAI	SPSA	STEX	TAAN	UKFO?	UKFO1	UKFO2	UKFO3	UKFO4	UKFO5	UKFO8	VUOC
1990	COLL	226.958	0	0	0	0	0	0	0	0	0	0	0	0	0.275	0	0	0	0	0	0	0	0	0	0	226.193	0	0	0	0	0	0	0	0	0	0	0	0	0	0	0	0	0	0	0	0	0	0	0	0.164	0.262	0.029	0.035	0	0
1991	COLL	0.007	0	0	0	0	0	0	0	0	0	0	0	0	0	0	0	0	0	0.007	0	0	0	0	0	0	0	0	0	0	0	0	0	0	0	0	0	0	0	0	0	0	0	0	0	0	0	0	0	0	0	0	0	0	0
1992	COLL	13.234	0.504	0	0	0	0	0	0	0	0.008	0	0	0	0.121	0	0	0	0	0.132	0	0.146	0	0	0	12.32	0	0	0	0	0	0	0	0	0	0	0	0	0.003	0	0	0	0	0	0	0	0	0	0	0	0	0	0	0	0
1993	COLL	2.395	0	0	0	0	0	0	0	0	0	0	0	0	0.817	0	0	0	0	0.706	0	0	0	0	0	0.606	0	0	0	0	0	0	0	0	0	0	0	0	0.266	0	0	0	0	0	0	0	0	0	0	0	0	0	0	0	0
1995	COLL	1.242	0	0	0	0	0	0.012	0	0	0	0	0	0	1.209	0	0	0	0	0	0	0.017	0	0	0	0	0.001	0	0	0	0	0	0	0	0	0	0	0	0	0	0	0.003	0	0	0	0	0	0	0	0	0	0	0	0	0
1996	COLL	0.016	0	0	0	0	0	0	0	0	0	0	0	0	0	0	0	0	0	0	0	0	0	0	0.006	0.01	0	0	0	0	0	0	0	0	0	0	0	0	0	0	0	0	0	0	0	0	0	0	0	0	0	0	0	0	0
1997	COLL	14.528	0	0	0	0	0	0	0	0	0.261	0	0	0	0.607	0	0	0.054	0	0.12	0	0.089	0	0	0	13.379	0	0	0	0	0	0	0	0	0	0	0	0	0.014	0	0	0.004	0	0	0	0	0	0	0	0	0	0	0	0	0
1998	COLL	0.802	0	0	0	0	0	0	0	0	0.032	0	0	0	0	0	0	0	0	0.392	0	0.13	0	0	0	0.242	0	0	0	0	0	0	0	0	0	0	0	0	0.006	0	0	0	0	0	0	0	0	0	0	0	0	0	0	0	0
1999	COLL	0.424	0	0	0	0	0	0	0	0	0	0	0	0	0.042	0	0	0	0	0.333	0	0	0	0	0	0.036	0	0	0	0	0	0	0	0	0	0	0	0	0.013	0	0	0	0	0	0	0	0	0	0	0	0	0	0	0	0
2000	COLL	0.049	0	0	0	0	0	0	0	0	0	0	0	0	0	0	0	0	0	0	0	0.049	0	0	0	0	0	0	0	0	0	0	0	0	0	0	0	0	0	0	0	0	0	0	0	0	0	0	0	0	0	0	0	0	0
2001	COLL	3.428	0	0	0	0	0	0	0	0	0	0	0	0	3.108	0	0	0	0	0	0	0.087	0	0	0	0.01	0	0	0.015	0.163	0	0	0	0	0	0	0	0	0.044	0	0	0.001	0	0	0	0	0	0	0	0	0	0	0	0	0
2003	COLL	9.114	0.045	0	0	0	0	0	0	0	0.144	0	0	0	0.119	0	0	0	0	0.032	0	0	0	0	0	8.768	0	0	0	0	0	0	0	0	0	0	0	0	0.006	0	0	0	0	0	0	0	0	0	0	0	0	0	0	0	0
2005	COLL	84.124	0.22	0	0	0	0	0	0	0	0	0	0	0	31.391	0	0	0	0	0	0	0.729	0	0	0	51.583	0	0	0	0	0	0	0	0	0	0	0	0	0.086	0	0	0.042	0	0	0	0	0	0.073	0	0	0	0	0	0	0
2007	COLL	74.127	2.623	0	0	0	0	0	0	0	0.55	0	0	0	2.782	0	0	0	0	2.648	0	0.599	0	0	0	64.901	0	0	0	0	0	0	0	0	0	0	0	0	0.024	0	0	0	0	0	0	0	0	0	0	0	0	0	0	0	0
2008	COLL	0.378	0	0	0	0	0	0	0	0	0	0	0	0	0	0	0	0	0	0.378	0	0	0	0	0	0	0	0	0	0	0	0	0	0	0	0	0	0	0	0	0	0	0	0	0	0	0	0	0	0	0	0	0	0	0
1990	COLL1	76.979	0	0	0	0	0	0	0	0	0	0	0	0	11.647	0	0	0	0	0	0	0	0	0	0	65.192	0	0	0	0	0	0	0	0	0	0	0	0	0	0	0	0	0	0	0	0	0	0	0	0.14	0	0	0	0	0
1991	COLL1	0.196	0	0	0	0	0	0	0	0	0	0	0	0	0	0	0	0	0	0.064	0	0	0	0	0	0	0	0	0	0	0	0	0	0	0	0	0	0	0.132	0	0	0	0	0	0	0	0	0	0	0	0	0	0	0	0
1992	COLL1	1.421	0.028	0	0	0	0	0	0	0	0.047	0	0	0	0.255	0	0	0	0	0.173	0	0	0	0	0	0.912	0	0	0	0	0	0	0	0	0	0	0	0	0.006	0	0	0	0	0	0	0	0	0	0	0	0	0	0	0	0
1993	COLL1	4.299	0	0	0	0	0	0	0	0	0	0	0	0	2.291	0	0	0	0	1.592	0	0.069	0	0	0	0.09	0	0	0	0	0	0	0	0	0	0	0	0	0.257	0	0	0	0	0	0	0	0	0	0	0	0	0	0	0	0
1994	COLL1	0.203	0	0	0	0	0	0	0	0	0	0	0	0	0	0	0	0	0	0.2	0	0	0	0	0	0	0	0	0	0	0	0	0	0	0	0	0	0	0.003	0	0	0	0	0	0	0	0	0	0	0	0	0	0	0	0
1995	COLL1	25.043	0.027	0	0	0	0	0.169	0	0	0	0	0	0.117	23.854	0	0	0	0	0.016	0	0.03	0	0	0.005	0.59	0.046	0	0	0.163	0	0	0	0	0	0	0	0	0.024	0	0	0.002	0	0	0	0	0	0	0	0	0	0	0	0	0
1996	COLL1	0.002	0	0	0	0	0	0	0	0	0	0	0	0	0	0	0	0	0	0	0	0	0	0	0.002	0	0	0	0	0	0	0	0	0	0	0	0	0	0	0	0	0	0	0	0	0	0	0	0	0	0	0	0	0	0
1997	COLL1	0.512	0	0	0	0	0	0	0	0	0.367	0	0	0	0.071	0	0	0.005	0	0	0	0.009	0	0	0	0.06	0	0	0	0	0	0	0	0	0	0	0	0	0	0	0	0	0	0	0	0	0	0	0	0	0	0	0	0	0
1998	COLL1	0.052	0	0	0	0	0	0	0	0	0	0	0	0	0.002	0	0	0	0	0	0	0	0	0	0	0.05	0	0	0	0	0	0	0	0	0	0	0	0	0	0	0	0	0	0	0	0	0	0	0	0	0	0	0	0	0
1999	COLL1	0.072	0	0	0	0	0	0	0	0	0.002	0	0	0	0.053	0	0	0	0	0	0	0	0	0	0.002	0.012	0	0	0	0	0	0	0	0	0	0	0	0	0.003	0	0	0	0	0	0	0	0	0	0	0	0	0	0	0	0
2000	COLL1	0.004	0	0	0	0	0	0	0	0	0	0	0	0	0.001	0	0	0	0	0	0	0	0	0	0	0	0	0	0	0	0	0	0	0	0	0	0	0	0	0	0	0.003	0	0	0	0	0	0	0	0	0	0	0	0	0
2001	COLL1	5.823	0	0	0	0	0	0	0	0	0	0	0	0	5.822	0	0	0	0	0	0	0	0	0	0	0	0	0	0	0	0	0	0	0	0	0	0	0	0	0	0	0.001	0	0	0	0	0	0	0	0	0	0	0	0	0
2003	COLL1	1.937	0	0	0	0	0	0	0	0	0.032	0	0	0	0.009	0	0	0	0	0.008	0	0.011	0	0	0	1.876	0	0	0	0	0	0	0	0	0	0	0	0	0	0	0	0.001	0	0	0	0	0	0	0	0	0	0	0	0	0
2005	COLL1	12.689	0	0	0	0	0	0	0	0	0.321	0	0	0	12.368	0	0	0	0	0	0	0	0	0	0	0	0	0	0	0	0	0	0	0	0	0	0	0	0	0	0	0	0	0	0	0	0	0	0	0	0	0	0	0	0
2006	COLL1	0.082	0	0	0	0	0	0	0	0	0	0	0	0	0	0	0	0	0	0.082	0	0	0	0	0	0	0	0	0	0	0	0	0	0	0	0	0	0	0	0	0	0	0	0	0	0	0	0	0	0	0	0	0	0	0
2007	COLL1	68.071	0.322	0	0	0	0	0	0	0	2.455	0	0	0.004	4.652	0	0	0	0.079	0.712	0	0	0	0	0	59.846	0	0	0	0	0	0	0	0	0	0	0	0	0	0	0	0.001	0	0	0	0	0	0	0	0	0	0	0	0	0
2008	COLL1	0.448	0	0	0	0	0	0	0	0	0	0	0	0	0	0	0	0	0	0.448	0	0	0	0	0	0	0	0	0	0	0	0	0	0	0	0	0	0	0	0	0	0	0	0	0	0	0	0	0	0	0	0	0	0	0
1990	COLL2	36.879	0	0	0	0	0	0	0	0	0	0	0	0	0.36	0	0	0	0	0	0	0	0	0	0	35.781	0	0	0	0	0	0	0	0	0	0	0	0	0	0	0	0	0	0	0	0	0	0	0	0.525	0.213	0	0	0	0
1991	COLL2	0.08	0	0	0	0	0	0	0	0	0	0	0	0	0	0	0	0	0	0.08	0	0	0	0	0	0	0	0	0	0	0	0	0	0	0	0	0	0	0	0	0	0	0	0	0	0	0	0	0	0	0	0	0	0	0
1992	COLL2	6.518	0.938	0	0	0	0	0	0	0	0.151	0	0	0	0.16	0	0	0	0	0.483	0	0.242	0	0	0	4.473	0	0	0	0	0	0	0	0	0	0	0	0	0.069	0	0	0	0	0	0.002	0	0	0	0	0	0	0	0	0	0
1993	COLL2	5.306	0	0	0	0	0	0	0	0	0	0	0	0	1.487	0	0	0	0	2.939	0	0.038	0	0	0	0.76	0	0	0	0	0	0	0	0	0	0	0	0	0.082	0	0	0	0	0	0	0	0	0	0	0	0	0	0	0	0
1995	COLL2	8.116	0	0	0	0	0	0.264	0	0	0.032	0	0	0	2.118	0	0	0	0	0.002	0	0.418	0	0	0	5.136	0.021	0	0	0	0	0	0	0.005	0	0	0	0	0.083	0	0	0.037	0	0	0	0	0	0	0	0	0	0	0	0	0
1996	COLL2	0.098	0	0	0	0	0	0	0	0	0	0	0	0	0	0	0	0	0	0	0	0	0	0	0	0.096	0	0	0	0	0	0	0	0	0	0	0	0	0	0	0	0.002	0	0	0	0	0	0	0	0	0	0	0	0	0
1997	COLL2	7.366	0	0	0	0	0	0	0	0	0.147	0	0	0	0.145	0	0	0.033	0	0.095	0	0	0	0	0	6.925	0	0	0	0	0	0.011	0	0	0	0	0	0	0.01	0	0	0	0	0	0	0	0	0	0	0	0	0	0	0	0
1998	COLL2	0.294	0	0	0	0	0	0	0	0	0	0	0	0	0.025	0	0	0	0	0.266	0	0	0	0	0	0	0	0	0	0	0	0	0	0	0	0	0	0	0.003	0	0	0	0	0	0	0	0	0	0	0	0	0	0	0	0
1999	COLL2	0.577	0	0	0	0	0	0	0	0	0	0	0	0	0.191	0	0	0	0	0.352	0	0	0	0	0	0	0	0	0	0	0	0	0	0	0	0	0	0	0.033	0	0	0.001	0	0	0	0	0	0	0	0	0	0	0	0	0
2000	COLL2	0.097	0	0	0	0	0	0	0	0	0	0	0	0	0	0	0	0	0	0.096	0	0	0	0	0	0	0	0	0	0	0	0	0	0	0	0	0	0	0	0	0	0.001	0	0	0	0	0	0	0	0	0	0	0	0	0
2001	COLL2	3.002	0	0	0	0	0	0	0	0	0	0	0	0	2.998	0	0	0	0	0	0	0	0	0	0	0	0	0	0.001	0	0	0	0	0	0	0	0	0	0.003	0	0	0	0	0	0	0	0	0	0	0	0	0	0	0	0
2003	COLL2	0.732	0.021	0	0	0	0	0	0	0	0	0	0	0	0	0	0	0	0	0.072	0	0	0	0	0	0.638	0	0	0	0	0	0	0	0	0	0	0	0	0	0	0	0.001	0	0	0	0	0	0	0	0	0	0	0	0	0
2005	COLL2	18.287	0.342	0	0	0	0	0	0	0	0	0	0	0	10.958	0	0	0	0	1.68	0	0	0	0	0	5.303	0	0	0	0	0	0	0	0	0	0	0	0	0	0	0	0.004	0	0	0	0	0	0	0	0	0	0	0	0	0
2006	COLL2	0.4	0	0	0	0	0	0	0	0	0	0	0	0	0	0	0	0	0	0.4	0	0	0	0	0	0	0	0	0	0	0	0	0	0	0	0	0	0	0	0	0	0	0	0	0	0	0	0	0	0	0	0	0	0	0
2007	COLL2	20.034	2.496	0	0	0	0	0	0	0.192	0.61	0	0	0	3.985	0	0	0	0.063	3.083	0	0.755	0	0	0	8.85	0	0	0	0	0	0	0	0	0	0	0	0	0	0	0	0	0	0	0	0	0	0	0	0	0	0	0	0	0
2008	COLL2	0.128	0	0	0	0	0	0	0	0	0	0	0	0	0	0	0	0	0	0.128	0	0	0	0	0	0	0	0	0	0	0	0	0	0	0	0	0	0	0	0	0	0	0	0	0	0	0	0	0	0	0	0	0	0	0
1990	COLL3	99.573	0	0	0	0	0	0	0	0	0	0	0	0.004	0.008	0	0	0	0	0	0	0	0	0	0	99.206	0	0	0	0	0	0	0	0	0	0	0	0	0	0	0	0	0	0	0	0	0	0	0	0.218	0.047	0.084	0.006	0	0
1991	COLL3	0.008	0	0	0	0	0	0	0	0	0	0	0	0	0	0	0	0	0	0.008	0	0	0	0	0	0	0	0	0	0	0	0	0	0	0	0	0	0	0	0	0	0	0	0	0	0	0	0	0	0	0	0	0	0	0
1992	COLL3	22.289	0.502	0	0	0	0	0	0	0	0.045	0	0	0	0.023	0	0	0	0	0.15	0	0.169	0	0	0	21.4	0	0	0	0	0	0	0	0	0	0	0	0	0	0	0	0	0	0	0	0	0	0	0	0	0	0	0	0	0
1993	COLL3	2.869	0	0	0	0	0	0	0	0	0	0	0	0	0.829	0	0	0	0	1.154	0	0.064	0	0	0	0.682	0	0	0	0	0	0	0	0	0	0	0	0	0.14	0	0	0	0	0	0	0	0	0	0	0	0	0	0	0	0
1995	COLL3	0.012	0	0	0	0	0	0.002	0	0	0	0	0	0	0	0	0	0	0	0	0	0	0	0	0	0	0	0	0	0	0	0	0	0	0	0	0	0	0.003	0	0	0.007	0	0	0	0	0	0	0	0	0	0	0	0	0
1996	COLL3	0.133	0	0	0	0	0	0	0	0	0	0	0	0	0	0	0	0	0	0	0	0	0	0	0.133	0	0	0	0	0	0	0	0	0	0	0	0	0	0	0	0	0	0	0	0	0	0	0	0	0	0	0	0	0	0
1997	COLL3	20.301	0	0	0	0	0	0	0	0	0.021	0	0	0	0.049	0	0	0.036	0	0	0	0.005	0	0	0	20.176	0	0	0	0	0	0	0	0	0	0	0	0	0.01	0	0	0.004	0	0	0	0	0	0	0	0	0	0	0	0	0
1998	COLL3	0.073	0	0	0	0	0	0	0	0	0.008	0	0	0	0.009	0	0	0	0	0	0	0	0	0	0	0.056	0	0	0	0	0	0	0	0	0	0	0	0	0	0	0	0	0	0	0	0	0	0	0	0	0	0	0	0	0
1999	COLL3	0.055	0	0	0	0	0	0	0	0	0	0	0	0	0.036	0	0	0	0	0	0	0	0	0	0	0.006	0	0	0	0	0	0	0	0	0	0	0	0	0.013	0	0	0	0	0	0	0	0	0	0	0	0	0	0	0	0
2001	COLL3	0.618	0	0	0	0	0	0	0	0	0	0	0	0	0.617	0	0	0	0	0	0	0	0	0	0	0	0	0	0.001	0	0	0	0	0	0	0	0	0	0	0	0	0	0	0	0	0	0	0	0	0	0	0	0	0	0
2003	COLL3	10.218	0.021	0	0	0	0	0	0	0	0	0	0	0	0.308	0	0	0	0	0	0.005	0.114	0	0	0	9.77	0	0	0	0	0	0	0	0	0	0	0	0	0	0	0	0	0	0	0	0	0	0	0	0	0	0	0	0	0
2005	COLL3	64.548	0.037	0	0	0	0	0	0	0	0	0	0	0	21.951	0	0	0	0	0	0	0	0	0	0	42.559	0	0	0	0	0	0	0	0	0	0	0	0	0	0	0	0.001	0	0	0	0	0	0	0	0	0	0	0	0	0
2007	COLL3	52.779	3.32	0	0	0	0	0	0	0.04	0.264	0	0	0	3.009	0	0	0	0	1.06	0	0.217	0	0	0	44.728	0	0	0	0	0	0	0.093	0	0	0	0	0	0	0	0.048	0	0	0	0	0	0	0	0	0	0	0	0	0	0
2008	COLL3	0.188	0	0	0	0	0	0	0	0	0	0	0	0	0	0	0	0	0	0.188	0	0	0	0	0	0	0	0	0	0	0	0	0	0	0	0	0	0	0	0	0	0	0	0	0	0	0	0	0	0	0	0	0	0	0
1990	COLL4	28.103	0	0	0	0	0	0	0	0	0	0	0	0	0.004	0	0	0	0	0	0	0	0	0	0	27.138	0	0	0	0	0	0	0	0	0	0	0	0	0	0	0	0	0	0	0	0	0	0	0	0.391	0.564	0	0	0.006	0
1991	COLL4	0.019	0	0	0	0	0	0	0	0	0	0	0	0	0	0	0	0	0	0.016	0	0	0	0	0	0	0	0	0	0	0	0	0	0	0	0	0	0	0.003	0	0	0	0	0	0	0	0	0	0	0	0	0	0	0	0
1992	COLL4	3.995	0.32	0	0	0	0	0	0	0	0.055	0	0	0	0.295	0	0	0	0	0.07	0	0.861	0	0	0	2.368	0	0	0	0	0	0	0	0	0	0	0	0	0	0	0	0	0.026	0	0	0	0	0	0	0	0	0	0	0	0
1993	COLL4	2.407	0	0	0	0	0	0	0	0	0	0	0	0	1.48	0	0	0	0	0.448	0	0.37	0	0	0	0.072	0	0	0	0	0	0	0	0	0	0	0	0	0.037	0	0	0	0	0	0	0	0	0	0	0	0	0	0	0	0
1995	COLL4	64.5	0.399	0	0	0	0	0.103	0	0	0.882	0	0	0	8.442	0	0.016	0	0.008	0	0	1.009	0	0	0	52.19	0.006	0	0	0.977	0	0	0.031	0	0	0	0	0	0.43	0	0	0.007	0	0	0	0	0	0	0	0	0	0	0	0	0
1996	COLL4	0.229	0	0	0	0	0	0	0	0	0	0	0	0	0	0	0	0	0	0	0	0.069	0	0	0.09	0.07	0	0	0	0	0	0	0	0	0	0	0	0	0	0	0	0	0	0	0	0	0	0	0	0	0	0	0	0	0
1997	COLL4	26.344	0	0	0	0	0	0	0	0	0.217	0	0	0	0.293	0	0	0.027	0	0.224	0	0	0	0	0	25.447	0	0	0	0	0	0	0	0	0	0	0	0	0.132	0	0	0.004	0	0	0	0	0	0	0	0	0	0	0	0	0
1998	COLL4	2.64	0	0	0	0	0	0	0	0	0	0	0	0	0	0	0	0	0	0.973	0	1.661	0	0	0	0.006	0	0	0	0	0	0	0	0	0	0	0	0	0	0	0	0	0	0	0	0	0	0	0	0	0	0	0	0	0
1999	COLL4	0.081	0	0	0	0	0	0	0	0	0	0	0	0	0.015	0	0	0	0	0.066	0	0	0	0	0	0	0	0	0	0	0	0	0	0	0	0	0	0	0	0	0	0	0	0	0	0	0	0	0	0	0	0	0	0	0
2001	COLL4	1.24	0	0	0	0	0	0	0	0	0	0	0	0	1.215	0	0	0	0	0	0	0.009	0	0	0	0.016	0	0	0	0	0	0	0	0	0	0	0	0	0	0	0	0	0	0	0	0	0	0	0	0	0	0	0	0	0
2002	COLL4	0.467	0	0	0	0	0	0	0	0	0.002	0	0	0	0	0	0	0	0	0	0	0	0	0	0	0.462	0	0	0	0	0	0	0	0	0	0	0	0	0.003	0	0	0	0	0	0	0	0	0	0	0	0	0	0	0	0
2003	COLL4	3.935	0.02	0	0	0	0	0	0	0	0.002	0	0	0	0.009	0	0	0	0	0.066	0	0.643	0	0	0	3.195	0	0	0	0	0	0	0	0	0	0	0	0	0	0	0	0	0	0	0	0	0	0	0	0	0	0	0	0	0
2005	COLL4	1.866	0	0	0	0	0	0	0	0	0	0	0	0	1.54	0	0	0	0	0	0	0.035	0	0	0	0.274	0	0	0	0	0	0	0	0	0	0	0	0	0.017	0	0	0	0	0	0	0	0	0	0	0	0	0	0	0	0
2006	COLL4	0.08	0	0	0	0	0	0	0	0	0	0	0	0	0	0	0	0	0	0.08	0	0	0	0	0	0	0	0	0	0	0	0	0	0	0	0	0	0	0	0	0	0	0	0	0	0	0	0	0	0	0	0	0	0	0
2007	COLL4	26.097	0.134	0	0	0	0	0	0	0.03	2.179	0	0	0	1.576	0	0	0	0	0.888	0	3.97	0	0	0	17.32	0	0	0	0	0	0	0	0	0	0	0	0	0	0	0	0	0	0	0	0	0	0	0	0	0	0	0	0	0
2008	COLL4	0.432	0	0	0	0	0	0	0	0	0	0	0	0	0	0	0	0	0	0.432	0	0	0	0	0	0	0	0	0	0	0	0	0	0	0	0	0	0	0	0	0	0	0	0	0	0	0	0	0	0	0	0	0	0	0
1991	SMAL	15.405	0	0	0	0	0	0	0	0	0	0	0	0	0	0	0	0	0	0	0	0	0	0	0	0	0	0	0	0	0	0	0	15.405	0	0	0	0	0	0	0	0	0	0	0	0	0	0	0	0	0	0	0	0	0
1992	SMAL	0.361	0	0	0	0	0	0	0.124	0	0	0	0	0	0.03	0	0	0	0	0	0	0	0	0	0	0.2	0	0	0	0	0	0	0	0	0	0	0	0	0.007	0	0	0	0	0	0	0	0	0	0	0	0	0	0	0	0
1993	SMAL	1.602	0	0	0	0	0	0	0.273	0	0	0	0	0	1.294	0	0	0	0	0	0	0	0	0	0	0	0	0	0	0	0	0	0	0	0	0	0	0	0	0	0	0	0	0	0	0	0	0	0	0.035	0	0	0	0	0
1995	SMAL	91.105	0	0	0	0	0	0	0	0	0	0	0	0	86.973	0	0	0	0	0	0	0	0	0	0	3.852	0	0	0	0	0	0	0	0	0	0	0	0	0	0	0	0	0.28	0	0	0	0	0	0	0	0	0	0	0	0
1996	SMAL	0.001	0	0	0	0	0	0	0	0	0	0	0	0	0	0	0	0	0	0	0	0	0	0	0	0	0	0	0	0	0	0	0	0	0	0	0	0	0	0	0	0.001	0	0	0	0	0	0	0	0	0	0	0	0	0
1997	SMAL	0.261	0	0	0	0	0	0	0	0	0.002	0	0	0	0.25	0	0	0	0	0	0	0	0	0	0	0	0	0	0	0	0	0	0	0	0	0	0	0	0	0	0	0.009	0	0	0	0	0	0	0	0	0	0	0	0	0
1998	SMAL	0.042	0	0	0	0	0	0	0	0	0	0	0	0	0.042	0	0	0	0	0	0	0	0	0	0	0	0	0	0	0	0	0	0	0	0	0	0	0	0	0	0	0	0	0	0	0	0	0	0	0	0	0	0	0	0
1999	SMAL	0.009	0	0	0	0	0	0	0	0	0	0	0	0	0.009	0	0	0	0	0	0	0	0	0	0	0	0	0	0	0	0	0	0	0	0	0	0	0	0	0	0	0	0	0	0	0	0	0	0	0	0	0	0	0	0
2000	SMAL	0.016	0	0	0	0	0	0	0	0	0.016	0	0	0	0	0	0	0	0	0	0	0	0	0	0	0	0	0	0	0	0	0	0	0	0	0	0	0	0	0	0	0	0	0	0	0	0	0	0	0	0	0	0	0	0
2001	SMAL	0.296	0	0	0	0	0	0	0	0	0	0	0	0	0.293	0	0	0	0	0	0	0	0	0	0	0	0	0	0	0	0	0	0	0	0	0	0	0	0.003	0	0	0	0	0	0	0	0	0	0	0	0	0	0	0	0
2002	SMAL	0.02	0	0	0	0	0	0	0	0	0	0	0	0	0	0	0	0	0	0	0	0	0	0	0	0.02	0	0	0	0	0	0	0	0	0	0	0	0	0	0	0	0	0	0	0	0	0	0	0	0	0	0	0	0	0
2005	SMAL	10.02	0	0	0	0	0	0	7.465	0	0	0	0	0	2.192	0	0	0	0	0	0	0	0	0	0	0.36	0	0	0	0	0	0	0	0	0	0	0	0	0.003	0	0	0	0	0	0	0	0	0	0	0	0	0	0	0	0
2007	SMAL	2.955	0	0	0	0	0	0	0	0	0	0	0	0	2.955	0	0	0	0	0	0	0	0	0	0	0	0	0	0	0	0	0	0	0	0	0	0	0	0	0	0	0	0	0	0	0	0	0	0	0	0	0	0	0	0
2008	SMAL	-99	-99	-99	-99	-99	-99	-99	-99	-99	-99	-99	-99	-99	-99	-99	-99	-99	-99	-99	-99	-99	-99	-99	-99	-99	-99	-99	-99	-99	-99	-99	-99	-99	-99	-99	-99	-99	-99	-99	-99	-99	-99	-99	-99	-99	-99	-99	-99	-99	-99	-99	-99	-99	-99
1990	SMAL1	0.012	0	0	0	0	0	0	0	0	0	0	0	0	0	0	0	0	0	0	0	0	0	0	0	0	0	0	0	0	0	0	0	0	0	0	0	0	0	0	0	0	0	0	0	0	0	0	0.012	0	0	0	0	0	0
1992	SMAL1	0.027	0	0	0	0	0	0	0	0	0	0	0	0	0.004	0	0	0	0	0	0	0	0	0	0	0.02	0	0	0	0	0	0	0	0	0	0	0	0	0.003	0	0	0	0	0	0	0	0	0	0	0	0	0	0	0	0
1993	SMAL1	0.297	0	0	0	0	0	0	0	0	0	0	0	0	0.297	0	0	0	0	0	0	0	0	0	0	0	0	0	0	0	0	0	0	0	0	0	0	0	0	0	0	0	0	0	0	0	0	0	0	0	0	0	0	0	0
1995	SMAL1	99.085	0	0	0	0	0	0	0.083	0	0.12	0	0	0	65.327	0	0	0	0	0	0	0	0	0	0	33.555	0	0	0	0	0	0	0	0	0	0	0	0	0	0	0	0	0	0	0	0	0	0	0	0	0	0	0	0	0
1997	SMAL1	1.234	0	0	0	0	0	0	0	0	0	0	0	0	0.162	0	0	0	0	0	0	0	0	0	0	1.072	0	0	0	0	0	0	0	0	0	0	0	0	0	0	0	0	0	0	0	0	0	0	0	0	0	0	0	0	0
1998	SMAL1	0.092	0	0	0	0	0	0	0	0	0	0	0	0	0.063	0	0	0	0	0	0	0	0	0	0	0.026	0	0	0	0	0	0	0	0	0	0	0	0	0.003	0	0	0	0	0	0	0	0	0	0	0	0	0	0	0	0
1999	SMAL1	0.027	0	0	0	0	0	0	0	0	0	0	0	0	0.009	0	0	0	0	0	0	0	0	0	0	0.018	0	0	0	0	0	0	0	0	0	0	0	0	0	0	0	0	0	0	0	0	0	0	0	0	0	0	0	0	0
2000	SMAL1	0.02	0	0	0	0	0	0	0	0	0	0	0	0	0.016	0.003	0	0	0	0	0	0	0	0	0	0	0	0	0	0	0	0	0	0	0	0	0	0	0	0	0	0	0	0	0	0	0	0	0.001	0	0	0	0	0	0
2001	SMAL1	0.165	0	0	0	0	0	0	0	0	0	0	0	0	0.165	0	0	0	0	0	0	0	0	0	0	0	0	0	0	0	0	0	0	0	0	0	0	0	0	0	0	0	0	0	0	0	0	0	0	0	0	0	0	0	0
2002	SMAL1	0.012	0	0	0	0	0	0	0	0	0	0	0	0	0	0	0	0	0	0	0	0	0	0	0	0	0	0	0	0	0	0	0	0	0	0	0	0	0	0	0	0	0.012	0	0	0	0	0	0	0	0	0	0	0	0
2003	SMAL1	0.012	0	0	0	0	0	0	0	0	0	0	0	0	0.012	0	0	0	0	0	0	0	0	0	0	0	0	0	0	0	0	0	0	0	0	0	0	0	0	0	0	0	0	0	0	0	0	0	0	0	0	0	0	0	0
2005	SMAL1	1.379	0	0	0	0	0	0	0.05	0	0	0	0	0	0.779	0	0	0	0	0	0	0	0	0	0	0.55	0	0	0	0	0	0	0	0	0	0	0	0	0	0	0	0	0	0	0	0	0	0	0	0	0	0	0	0	0
2007	SMAL1	1.504	0	0	0	0	0	0	0	0	0	0	0	0	0.824	0	0	0	0	0	0	0	0	0	0	0.68	0	0	0	0	0	0	0	0	0	0	0	0	0	0	0	0	0	0	0	0	0	0	0	0	0	0	0	0	0
2008	SMAL1	-99	-99	-99	-99	-99	-99	-99	-99	-99	-99	-99	-99	-99	-99	-99	-99	-99	-99	-99	-99	-99	-99	-99	-99	-99	-99	-99	-99	-99	-99	-99	-99	-99	-99	-99	-99	-99	-99	-99	-99	-99	-99	-99	-99	-99	-99	-99	-99	-99	-99	-99	-99	-99	-99
1990	SMAL2	0.02	0	0	0	0	0	0	0	0	0	0	0	0	0	0	0	0	0	0	0	0	0	0	0	0.02	0	0	0	0	0	0	0	0	0	0	0	0	0	0	0	0	0	0	0	0	0	0	0	0	0	0	0	0	0
1992	SMAL2	0.144	0	0	0	0	0	0	0	0	0	0	0	0	0.004	0	0	0	0	0	0	0	0	0	0	0.14	0	0	0	0	0	0	0	0	0	0	0	0	0	0	0	0	0	0	0	0	0	0	0	0	0	0	0	0	0
1993	SMAL2	0.763	0	0	0	0	0	0	0	0	0	0	0	0	0.759	0	0	0	0	0	0	0	0	0	0	0	0	0	0	0	0	0	0	0	0	0	0	0	0	0	0	0	0	0	0	0	0	0	0	0.004	0	0	0	0	0
1995	SMAL2	60.644	0	0	0	0	0	0.007	0	0	0	0	0	0	47.906	0	0	0	0	0	0	0	0	0	0	12.065	0	0	0	0	0	0	0	0	0	0	0	0	0	0	0	0	0.666	0	0	0	0	0	0	0	0	0	0	0	0
1997	SMAL2	0.234	0	0	0	0	0	0	0	0	0.034	0	0	0	0.12	0	0	0	0	0	0	0	0	0	0	0.08	0	0	0	0	0	0	0	0	0	0	0	0	0	0	0	0	0	0	0	0	0	0	0	0	0	0	0	0	0
1998	SMAL2	0.005	0	0	0	0	0	0	0	0	0	0	0	0	0.005	0	0	0	0	0	0	0	0	0	0	0	0	0	0	0	0	0	0	0	0	0	0	0	0	0	0	0	0	0	0	0	0	0	0	0	0	0	0	0	0
1999	SMAL2	0.039	0	0	0	0	0	0	0	0	0	0	0	0	0.025	0	0	0	0	0	0	0	0	0	0	0.014	0	0	0	0	0	0	0	0	0	0	0	0	0	0	0	0	0	0	0	0	0	0	0	0	0	0	0	0	0
2000	SMAL2	0.03	0	0	0	0	0	0	0	0	0	0	0	0	0.015	0	0	0	0	0	0	0	0	0	0	0.012	0	0	0	0	0	0	0	0	0	0	0	0	0.003	0	0	0	0	0	0	0	0	0	0	0	0	0	0	0	0
2001	SMAL2	0.262	0	0	0	0	0	0	0	0	0	0	0	0	0.259	0	0	0	0	0	0	0	0	0	0	0	0	0	0	0	0	0	0	0	0	0	0	0	0.003	0	0	0	0	0	0	0	0	0	0	0	0	0	0	0	0
2003	SMAL2	0.075	0	0	0	0	0	0	0	0	0	0	0	0	0.075	0	0	0	0	0	0	0	0	0	0	0	0	0	0	0	0	0	0	0	0	0	0	0	0	0	0	0	0	0	0	0	0	0	0	0	0	0	0	0	0
2005	SMAL2	2.899	0	0	0	0	0	0	0.124	0	0	0	0	0.016	2.759	0	0	0	0	0	0	0	0	0	0	0	0	0	0	0	0	0	0	0	0	0	0	0	0	0	0	0	0	0	0	0	0	0	0	0	0	0	0	0	0
2007	SMAL2	2.649	0	0	0	0	0	0	0	0	0	0	0	0	2.649	0	0	0	0	0	0	0	0	0	0	0	0	0	0	0	0	0	0	0	0	0	0	0	0	0	0	0	0	0	0	0	0	0	0	0	0	0	0	0	0
2008	SMAL2	-99	-99	-99	-99	-99	-99	-99	-99	-99	-99	-99	-99	-99	-99	-99	-99	-99	-99	-99	-99	-99	-99	-99	-99	-99	-99	-99	-99	-99	-99	-99	-99	-99	-99	-99	-99	-99	-99	-99	-99	-99	-99	-99	-99	-99	-99	-99	-99	-99	-99	-99	-99	-99	-99
1990	SMAL3	0.006	0	0	0	0	0	0	0	0	0	0	0	0	0	0	0	0	0	0	0	0	0	0	0	0	0	0	0	0	0	0	0	0	0	0	0	0	0	0	0	0	0	0	0	0	0	0	0.006	0	0	0	0	0	0
1992	SMAL3	0.012	0	0	0	0	0	0	0	0	0	0	0	0	0.012	0	0	0	0	0	0	0	0	0	0	0	0	0	0	0	0	0	0	0	0	0	0	0	0	0	0	0	0	0	0	0	0	0	0	0	0	0	0	0	0
1993	SMAL3	0.188	0	0	0	0	0	0	0	0	0	0	0	0	0.145	0	0	0	0	0	0	0	0	0	0	0.02	0	0	0	0	0	0	0	0	0	0	0	0	0	0	0	0	0	0	0	0	0	0	0	0.023	0	0	0	0	0
1995	SMAL3	18.591	0	0	0	0	0	0	0.124	0	0.04	0	0	0	16.812	0	0	0	0	0	0	0	0	0	0	0.892	0	0	0	0.163	0	0	0	0	0	0	0	0	0	0	0	0	0.56	0	0	0	0	0	0	0	0	0	0	0	0
1997	SMAL3	0.021	0	0	0	0	0	0	0	0	0	0	0	0	0.021	0	0	0	0	0	0	0	0	0	0	0	0	0	0	0	0	0	0	0	0	0	0	0	0	0	0	0	0	0	0	0	0	0	0	0	0	0	0	0	0
1998	SMAL3	0.001	0	0	0	0	0	0	0	0	0	0	0	0	0.001	0	0	0	0	0	0	0	0	0	0	0	0	0	0	0	0	0	0	0	0	0	0	0	0	0	0	0	0	0	0	0	0	0	0	0	0	0	0	0	0
1999	SMAL3	0.003	0	0	0	0	0	0	0	0	0	0	0	0	0.003	0	0	0	0	0	0	0	0	0	0	0	0	0	0	0	0	0	0	0	0	0	0	0	0	0	0	0	0	0	0	0	0	0	0	0	0	0	0	0	0
2000	SMAL3	0.012	0	0	0	0	0	0	0	0	0	0	0	0	0.012	0	0	0	0	0	0	0	0	0	0	0	0	0	0	0	0	0	0	0	0	0	0	0	0	0	0	0	0	0	0	0	0	0	0	0	0	0	0	0	0
2001	SMAL3	0.509	0	0	0	0	0	0	0	0	0	0	0	0	0.509	0	0	0	0	0	0	0	0	0	0	0	0	0	0	0	0	0	0	0	0	0	0	0	0	0	0	0	0	0	0	0	0	0	0	0	0	0	0	0	0
2003	SMAL3	0.181	0	0	0	0	0	0	0	0	0	0	0	0	0.082	0.099	0	0	0	0	0	0	0	0	0	0	0	0	0	0	0	0	0	0	0	0	0	0	0	0	0	0	0	0	0	0	0	0	0	0	0	0	0	0	0
2005	SMAL3	0.043	0	0	0	0	0	0	0	0	0	0	0	0	0.043	0	0	0	0	0	0	0	0	0	0	0	0	0	0	0	0	0	0	0	0	0	0	0	0	0	0	0	0	0	0	0	0	0	0	0	0	0	0	0	0
2007	SMAL3	0.139	0	0	0	0	0	0	0	0	0	0	0	0	0.139	0	0	0	0	0	0	0	0	0	0	0	0	0	0	0	0	0	0	0	0	0	0	0	0	0	0	0	0	0	0	0	0	0	0	0	0	0	0	0	0
2008	SMAL3	-99	-99	-99	-99	-99	-99	-99	-99	-99	-99	-99	-99	-99	-99	-99	-99	-99	-99	-99	-99	-99	-99	-99	-99	-99	-99	-99	-99	-99	-99	-99	-99	-99	-99	-99	-99	-99	-99	-99	-99	-99	-99	-99	-99	-99	-99	-99	-99	-99	-99	-99	-99	-99	-99
1990	SMAL4	0.012	0	0	0	0	0	0	0	0	0	0	0	0	0	0	0	0	0	0	0	0	0	0	0	0	0	0	0	0	0	0	0	0	0	0	0	0	0	0	0	0	0	0	0	0	0	0	0.012	0	0	0	0	0	0
1992	SMAL4	0.004	0	0	0	0	0	0	0	0	0	0	0	0	0.004	0	0	0	0	0	0	0	0	0	0	0	0	0	0	0	0	0	0	0	0	0	0	0	0	0	0	0	0	0	0	0	0	0	0	0	0	0	0	0	0
1993	SMAL4	0.127	0	0	0	0	0	0	0	0	0	0	0	0	0.126	0	0	0	0	0	0	0	0	0	0	0	0	0	0	0	0	0	0	0	0	0	0	0	0	0	0	0	0	0	0	0	0	0	0	0.001	0	0	0	0	0
1995	SMAL4	9.641	0	0	0	0	0	0	0	0	0.008	0	0	0	9.058	0	0	0	0	0	0	0	0	0	0	0.35	0	0	0	0.163	0	0	0	0	0	0	0	0	0	0	0	0	0.062	0	0	0	0	0	0	0	0	0	0	0	0
1997	SMAL4	0.063	0	0	0	0	0	0	0	0	0.024	0	0	0	0.039	0	0	0	0	0	0	0	0	0	0	0	0	0	0	0	0	0	0	0	0	0	0	0	0	0	0	0	0	0	0	0	0	0	0	0	0	0	0	0	0
1999	SMAL4	0.029	0	0	0	0	0	0	0	0	0	0	0	0	0.009	0	0	0	0	0	0	0	0	0	0	0.02	0	0	0	0	0	0	0	0	0	0	0	0	0	0	0	0	0	0	0	0	0	0	0	0	0	0	0	0	0
2001	SMAL4	0.118	0	0	0	0	0	0	0	0	0	0	0	0	0.118	0	0	0	0	0	0	0	0	0	0	0	0	0	0	0	0	0	0	0	0	0	0	0	0	0	0	0	0	0	0	0	0	0	0	0	0	0	0	0	0
2007	SMAL4	0.059	0	0	0	0	0	0	0	0	0	0	0	0	0.059	0	0	0	0	0	0	0	0	0	0	0	0	0	0	0	0	0	0	0	0	0	0	0	0	0	0	0	0	0	0	0	0	0	0	0	0	0	0	0	0
2008	SMAL4	-99	-99	-99	-99	-99	-99	-99	-99	-99	-99	-99	-99	-99	-99	-99	-99	-99	-99	-99	-99	-99	-99	-99	-99	-99	-99	-99	-99	-99	-99	-99	-99	-99	-99	-99	-99	-99	-99	-99	-99	-99	-99	-99	-99	-99	-99	-99	-99	-99	-99	-99	-99	-99	-99
1990	TOBO	55.634	0	0	0	0	0	0	0	0	0	0	0	0	0	0	0	0	0	0	0	0	29.137	0	0	0	0	0	0	0	0	0	0	0	0	0	0	0	0	0	0	0	0	26.497	0	0	0	0	0	0	0	0	0	0	0
1991	TOBO	99.189	0	0	0	0	0	0	0	0	0	0	0	0	0.009	0	0	0	0	0	0	0	71.164	0	0	0	0.004	0	0	0	0	0	0	0	0	0	0	0	0.006	0	0	0	0	27.984	0	0	0.022	0	0	0	0	0	0	0	0
1992	TOBO	23.864	0	0	0	0	0	0	0	0	0	0	0	0	0.05	0	0	0	0	0	0	0	14.2	0	0	0	0	0	0	0	0	0	0	0	0	0	0	0	0.003	0	0	0	0	9.611	0	0	0	0	0	0	0	0	0	0	0
1993	TOBO	75.556	0	0	0	0	0	0	0	0	0	0	0	0	1.635	0	0	0	0	0	0	0	35.207	0	0	0.082	0.001	0	0	0	0	0	0	0	0	0	0	0	0.154	0	0	0	0	38.477	0	0	0	0	0	0	0	0	0	0	0
1994	TOBO	112.762	0	0	0	0	0	0	0	0	0	0	0	0	0	0	0	0	0	0	0	0	100.498	0	0	0	0	0	0	0	0	0	0	0	0	0	0	0	0	0	0	0	0	12.264	0	0	0	0	0	0	0	0	0	0	0
1995	TOBO	21.492	0	0	0	0	0	0	0	0	0	0	0	0	8.231	0	0	0	0	0	0	0	0	0	0	0.01	0.015	0	0	1.79	0	0	0	0	0	0.681	3.775	0	0.003	0	0	0	0	6.987	0	0	0	0	0	0	0	0	0	0	0
1996	TOBO	18.995	0	0	0	0	0	0	0	0	0	0	0	0	0	0	0	0	0	0	0	0	0	0	0	0	0	0	0	0	0	0	0	0	0	0	16.237	0	0	0	0	0	0	2.758	0	0	0	0	0	0	0	0	0	0	0
1997	TOBO	0.731	0	0	0	0	0	0	0	0	0	0	0	0	0	0	0	0	0	0	0	0	0	0	0	0.312	0	0	0	0	0	0	0	0	0	0	0	0	0	0	0	0	0	0.419	0	0	0	0	0	0	0	0	0	0	0
1998	TOBO	26.86	0	0	0	0	0	0	0	0	0	0	0	0	0.066	0	0	0	0	0	0	0	0	0	0	0.002	0	0	0	0	0	0	0	0	0	0	22.014	0	0	0	0	0	0	4.778	0	0	0	0	0	0	0	0	0	0	0
1999	TOBO	1.09	0	0.054	0	0	0	0	0	0	0	0	0	0	0.432	0	0	0	0	0	0	0	0	0	0	0.12	0	0	0	0	0	0	0	0	0	0.049	0.362	0	0.003	0	0	0	0	0.067	0	0.003	0	0	0	0	0	0	0	0	0
2000	TOBO	0.173	0	0	0	0	0	0	0	0	0	0	0	0	0	0	0	0	0	0	0	0	0	0	0	0	0	0	0	0	0	0	0	0	0	0	0.032	0	0	0	0	0	0	0.141	0	0	0	0	0	0	0	0	0	0	0
2001	TOBO	5.617	0	0	0	0	0	0	0	0	0	0	0	0	4.341	0	0	0	0	0	0	0	0	0	0	0	0.033	0	0	0.488	0	0	0	0	0.755	0	0	0	0	0	0	0	0	0	0	0	0	0	0	0	0	0	0	0	0
2002	TOBO	0.028	0	0	0	0	0	0	0	0	0	0	0	0	0	0	0	0	0	0	0	0	0	0	0	0	0	0	0	0	0	0	0	0	0	0	0	0	0	0	0	0	0	0.028	0	0	0	0	0	0	0	0	0	0	0
2003	TOBO	0.028	0	0	0	0	0	0	0	0	0	0	0	0	0.014	0	0	0	0	0	0.005	0	0	0	0	0	0	0	0	0	0	0	0	0	0	0	0.006	0	0	0	0	0	0	0.003	0	0	0	0	0	0	0	0	0	0	0
2005	TOBO	5.542	0	0.133	0	0	0	0	0	0	0	0	0	0	4.812	0	0	0	0	0	0	0	0	0	0	0	0	0.01	0	0.163	0	0	0	0	0	0	0.003	0	0.007	0	0	0	0	0.414	0	0	0	0	0	0	0	0	0	0	0
2007	TOBO	58.378	0.957	0	0	0	0	0	0	0	0	0	0	0.103	0.119	0	0	0	0	0	0	0	0	0	0	56.186	0	0.205	0	0.163	0.007	0	0	0	0.207	0	0	0.431	0	0	0	0	0	0	0	0	0	0	0	0	0	0	0	0	0
2008	TOBO	-99	-99	-99	-99	-99	-99	-99	-99	-99	-99	-99	-99	-99	-99	-99	-99	-99	-99	-99	-99	-99	-99	-99	-99	-99	-99	-99	-99	-99	-99	-99	-99	-99	-99	-99	-99	-99	-99	-99	-99	-99	-99	-99	-99	-99	-99	-99	-99	-99	-99	-99	-99	-99	-99
1990	TOBO1	63.751	0	0	0	0	0	0	0	0	0	0	0	0	0	0	0	0	0	0	0	0	36.811	0	0	0	0	0	0	0	0	0	0	0	0	0	0	0	0	0	0	0	0	26.94	0	0	0	0	0	0	0	0	0	0	0
1991	TOBO1	126.422	0	0	0	0	0	0	0	0	0	0	0	0	0.006	0	0	0	0	0	0	0	89.636	0	0	0	0	0	0	0	0	0	0	0	0	0	0	0	0.003	0	0	0	0	36.766	0	0	0.011	0	0	0	0	0	0	0	0
1992	TOBO1	31.254	0	0	0	0	0	0	0	0	0	0	0	0	0.021	0	0	0	0	0	0	0	20.238	0	0	0	0	0	0	0	0	0	0	0	0	0	0	0	0	0	0	0	0	10.995	0	0	0	0	0	0	0	0	0	0	0
1993	TOBO1	91.282	0	0	0	0	0	0	0	0	0	0	0	0	1.591	0	0	0	0	0	0	0	54.783	0	0	0	0	0	0	0	0	0	0	0	0	0	0	0	0.117	0	0	0	0	34.791	0	0	0	0	0	0	0	0	0	0	0
1994	TOBO1	116.193	0	0	0	0	0	0	0	0	0	0	0	0	0	0	0	0	0	0	0	0	101.727	0	0	0	0	0	0	0	0	0	0	0	0	0	0	0	0	0	0	0	0	14.466	0	0	0	0	0	0	0	0	0	0	0
1995	TOBO1	28.811	0	0.011	0	0	0	0	0	0	0	0	0	0	12.905	0	0	0	0	0	0	0	0	0	0	0.008	0.002	0	0	1.302	0	0	0	0	0	0.166	6.576	0	0	0	0	0	0	7.841	0	0	0	0	0	0	0	0	0	0	0
1996	TOBO1	30.198	0	0	0	0	0	0	0	0	0	0	0	0	0	0	0	0	0	0	0	0	0	0	0	0	0	0	0	0	0	0	0	0	0	0	27.502	0	0	0	0	0	0	2.696	0	0	0	0	0	0	0	0	0	0	0
1997	TOBO1	1.043	0	0	0	0	0	0	0	0	0	0	0	0	0	0	0	0	0	0	0	0	0	0	0	0.04	0	0	0	0	0	0	0	0	0	0	0	0	0	0	0	0	0	1.003	0	0	0	0	0	0	0	0	0	0	0
1998	TOBO1	29.151	0	0	0	0	0	0	0	0	0	0	0	0	0.35	0	0	0	0	0	0	0	0	0	0	0	0	0	0	0	0	0	0	0	0	0	24.126	0	0	0	0	0	0	4.675	0	0	0	0	0	0	0	0	0	0	0
1999	TOBO1	1.253	0	0	0	0	0	0	0	0	0	0	0	0	0.722	0	0	0	0	0	0	0	0	0	0	0.102	0	0	0	0	0	0	0	0	0	0	0.029	0	0	0	0	0	0	0.4	0	0	0	0	0	0	0	0	0	0	0
2000	TOBO1	0.167	0	0	0	0	0	0	0	0	0	0	0	0	0	0	0	0	0	0	0	0	0	0	0	0	0	0	0	0	0	0	0	0	0	0	0	0	0	0	0	0	0	0.167	0	0	0	0	0	0	0	0	0	0	0
2001	TOBO1	9.111	0	0.013	0	0	0	0	0	0	0	0	0	0.008	8.921	0	0	0	0	0	0	0	0	0	0	0	0	0	0	0.163	0	0	0	0	0	0	0	0	0.006	0	0	0	0	0	0	0	0	0	0	0	0	0	0	0	0
2002	TOBO1	0.007	0	0	0	0	0	0	0	0	0	0	0	0	0	0	0	0	0	0	0	0	0	0	0	0	0	0	0	0	0	0	0	0	0	0	0	0	0	0	0	0	0	0.007	0	0	0	0	0	0	0	0	0	0	0
2003	TOBO1	0.015	0	0	0	0	0	0	0	0	0	0	0	0.004	0.002	0	0	0	0	0	0.009	0	0	0	0	0	0	0	0	0	0	0	0	0	0	0	0	0	0	0	0	0	0	0	0	0	0	0	0	0	0	0	0	0	0
2005	TOBO1	4.223	0	0	0	0	0	0	0	0	0	0	0	0.162	4.017	0	0	0	0	0	0	0	0	0	0	0	0	0	0	0	0	0	0	0	0	0	0.003	0	0.003	0	0	0	0	0.038	0	0	0	0	0	0	0	0	0	0	0
2007	TOBO1	42.49	2.904	0	0	0	0	0	0	0	0.016	0	0	0	0.124	0	0	0	0	0	0	0	0	0	0	36.099	0	0	0	0.488	0	0	0	0	0.398	0	0	0	0	2.461	0	0	0	0	0	0	0	0	0	0	0	0	0	0	0
2008	TOBO1	-99	-99	-99	-99	-99	-99	-99	-99	-99	-99	-99	-99	-99	-99	-99	-99	-99	-99	-99	-99	-99	-99	-99	-99	-99	-99	-99	-99	-99	-99	-99	-99	-99	-99	-99	-99	-99	-99	-99	-99	-99	-99	-99	-99	-99	-99	-99	-99	-99	-99	-99	-99	-99	-99
1990	TOBO2	89.726	0	0	0	0	0	0	0	0	0	0	0	0	0	0	0	0	0	0	0	0	58.217	0	0	0	0	0	0	0	0	0	0	0	0	0	0	0	0	0	0	0	0	31.509	0	0	0	0	0	0	0	0	0	0	0
1991	TOBO2	215.493	0	0	0	0	0	0	0	0	0	0	0	0	0.008	0	0	0	0	0	0	0	171.812	0	0	0	0	0	0	0	0	0	0	0	0	0	0	0	0.003	0	0	0	0	43.655	0	0	0.015	0	0	0	0	0	0	0	0
1992	TOBO2	43.821	0	0	0	0	0	0	0	0	0	0	0	0	0.187	0	0	0	0	0	0	0	30.048	0	0	0	0	0	0	0	0	0	0	0	0	0	0	0	0.01	0	0	0	0	13.576	0	0	0	0	0	0	0	0	0	0	0
1993	TOBO2	86.899	0	0	0	0	0	0	0	0	0	0	0	0	2.023	0	0	0	0	0	0	0	56.719	0	0	0.01	0.001	0	0	0	0	0	0	0	0	0	0	0	0.024	0	0	0	0	28.122	0	0	0	0	0	0	0	0	0	0	0
1994	TOBO2	199.82	0	0	0	0	0	0	0	0	0	0	0	0	0	0	0	0	0	0	0	0	178.032	0	0	0	0	0	0	0	0	0	0	0	0	0	0	0	0	0	0	0	0	21.788	0	0	0	0	0	0	0	0	0	0	0
1995	TOBO2	24.994	0	0	0	0	0	0	0	0	0	0.753	0	0	14.317	0	0	0	0	0	0	0	0	0.001	0	0.018	0	0	0	1.627	0	0	0	0	0	0	4.431	0	0.017	0	0	0	0	3.83	0	0	0	0	0	0	0	0	0	0	0
1996	TOBO2	23.164	0	0	0	0	0	0	0	0	0	0	0	0	0	0	0	0	0	0	0	0	0	0	0	0	0	0	0	0	0	0	0	0	0	0	21.422	0	0	0	0	0	0	1.742	0	0	0	0	0	0	0	0	0	0	0
1997	TOBO2	0.643	0	0	0	0	0	0	0	0	0	0	0	0	0	0	0	0	0	0	0	0	0	0	0	0.078	0	0	0	0	0	0	0	0	0	0	0	0	0.003	0	0	0	0	0.562	0	0	0	0	0	0	0	0	0	0	0
1998	TOBO2	20.099	0	0	0	0	0	0	0	0	0	0	0	0	0.134	0	0	0	0	0	0	0	0	0	0	0	0	0	0	0	0	0	0	0	0	0	16.294	0	0	0	0	0	0	3.671	0	0	0	0	0	0	0	0	0	0	0
1999	TOBO2	1.435	0	0	0	0	0.001	0	0	0	0	0	0	0	1.036	0	0	0	0	0	0	0	0	0	0	0.046	0	0	0	0	0	0	0	0	0	0	0.037	0	0	0	0	0	0	0.315	0	0	0	0	0	0	0	0	0	0	0
2000	TOBO2	0.076	0	0	0	0	0	0	0	0	0	0	0	0	0	0	0	0	0	0	0	0	0	0	0	0	0	0	0	0	0	0	0	0	0	0	0.013	0	0	0	0	0	0	0.063	0	0	0	0	0	0	0	0	0	0	0
2001	TOBO2	4.088	0	0	0	0	0	0	0	0	0	0	0	0	4.077	0	0	0	0	0	0	0	0	0	0	0.008	0	0	0	0	0	0	0	0	0	0	0	0	0.003	0	0	0	0	0	0	0	0	0	0	0	0	0	0	0	0
2002	TOBO2	0.091	0	0	0	0	0	0	0	0	0	0	0	0	0	0	0	0	0	0	0	0	0	0	0	0	0	0	0	0	0	0	0	0	0	0	0	0	0	0	0	0	0	0.091	0	0	0	0	0	0	0	0	0	0	0
2003	TOBO2	0.03	0	0	0	0	0	0	0	0	0	0	0	0.005	0.025	0	0	0	0	0	0	0	0	0	0	0	0	0	0	0	0	0	0	0	0	0	0	0	0	0	0	0	0	0	0	0	0	0	0	0	0	0	0	0	0
2005	TOBO2	9.956	0	0	0	0	0	0	0	0	0	0	0	0.081	9.691	0	0	0	0	0	0	0	0	0	0	0	0	0	0	0	0	0	0	0	0	0	0	0	0	0	0	0	0	0.184	0	0	0	0	0	0	0	0	0	0	0
2007	TOBO2	68.86	2.38	0	0	0	0	0	0	0	0	0	0	0.025	0.281	0	0	0	0	0	0	0	0	0	0	66.056	0	0	0	0	0	0	0	0	0.05	0	0	0	0	0	0	0	0	0	0	0	0	0	0.068	0	0	0	0	0	0
2008	TOBO2	-99	-99	-99	-99	-99	-99	-99	-99	-99	-99	-99	-99	-99	-99	-99	-99	-99	-99	-99	-99	-99	-99	-99	-99	-99	-99	-99	-99	-99	-99	-99	-99	-99	-99	-99	-99	-99	-99	-99	-99	-99	-99	-99	-99	-99	-99	-99	-99	-99	-99	-99	-99	-99	-99
1990	TOBO3	86.041	0	0	0	0	0	0	0	0	0	0	0	0	0	0	0	0	0	0	0	0	52.344	0	0	0	0	0	0	0	0	0	0	0	0	0	0	0	0	0	0	0	0	33.697	0	0	0	0	0	0	0	0	0	0	0
1991	TOBO3	156.134	0	0	0	0	0	0	0	0	0	0	0	0	0.007	0	0	0	0	0	0	0	120.736	0	0	0	0.002	0	0	0	0	0	0	0	0	0	0	0	0.003	0	0	0	0	35.367	0	0	0.019	0	0	0	0	0	0	0	0
1992	TOBO3	36.717	0	0	0	0	0	0	0	0	0	0	0	0	0.074	0	0	0	0	0	0	0	21.774	0	0	0	0	0	0	0	0	0	0	0	0	0	0	0	0.006	0	0	0	0	14.863	0	0	0	0	0	0	0	0	0	0	0
1993	TOBO3	69.457	0	0	0	0	0	0	0	0	0	0	0	0	2.405	0	0	0	0	0	0	0	34.166	0	0	0.016	0.001	0	0	0	0	0	0	0	0	0	0	0	0.167	0	0	0	0	32.702	0	0	0	0	0	0	0	0	0	0	0
1994	TOBO3	122.106	0	0	0	0	0	0	0	0	0	0	0	0	0	0	0	0	0	0	0	0	104.358	0	0	0	0	0	0	0	0	0	0	0	0	0	0	0	0	0	0	0	0	17.748	0	0	0	0	0	0	0	0	0	0	0
1995	TOBO3	26.35	0.001	0.005	0	0	0	0	0	0	0	0	0	0	11.141	0	0.001	0	0	0	0	0	0	0	0	0.034	0	0	0	3.415	0	0	0	0	0	0.002	3.592	0	0	0	0	0	0	8.159	0	0	0	0	0	0	0	0	0	0	0
1996	TOBO3	24.747	0	0	0	0	0	0	0	0	0	0	0	0	0	0	0	0	0	0	0	0	0	0	0	0	0	0	0	0	0	0	0	0	0	0	21.999	0	0	0	0	0	0	2.748	0	0	0	0	0	0	0	0	0	0	0
1997	TOBO3	0.525	0	0	0	0	0	0	0	0	0	0	0	0	0	0	0	0	0	0	0	0	0	0	0	0.138	0	0	0	0	0	0	0	0	0	0	0	0	0	0	0	0	0	0.387	0	0	0	0	0	0	0	0	0	0	0
1998	TOBO3	28.449	0	0	0	0	0	0	0	0	0	0	0	0	0.676	0	0	0	0	0	0	0	0	0	0	0	0	0	0	0	0	0	0	0	0	0	21.086	0	0	0	0	0	0	6.687	0	0	0	0	0	0	0	0	0	0	0
1999	TOBO3	1.871	0	0	0	0	0	0	0	0	0	0	0	0	0.753	0	0	0	0	0	0	0	0	0	0	0.034	0	0	0	0	0	0	0	0	0	0	0	0	0.006	0	0	0	0	1.068	0	0	0.01	0	0	0	0	0	0	0	0
2000	TOBO3	0.52	0	0	0	0	0	0	0	0	0	0	0	0	0	0	0	0	0	0	0	0	0	0	0	0	0	0	0	0	0	0	0	0	0	0	0.123	0	0	0	0	0	0	0.397	0	0	0	0	0	0	0	0	0	0	0
2001	TOBO3	15.771	0	0	0.027	0	0	0	0	0	0	0	0	0.004	15.556	0	0.001	0	0	0	0	0	0	0	0	0	0	0	0	0.163	0	0	0	0	0	0	0	0	0.02	0	0	0	0	0	0	0	0	0	0	0	0	0	0	0	0
2002	TOBO3	0.037	0	0	0	0	0	0	0	0	0	0	0	0	0	0	0	0	0	0	0	0	0	0	0	0	0	0	0	0	0	0	0	0	0	0	0	0	0	0	0	0	0	0.037	0	0	0	0	0	0	0	0	0	0	0
2003	TOBO3	0.083	0	0	0	0	0	0	0	0	0	0	0	0.002	0.028	0	0	0	0	0	0.052	0	0	0	0	0	0	0	0	0	0	0	0	0	0	0	0	0	0	0	0	0	0	0.001	0	0	0	0	0	0	0	0	0	0	0
2004	TOBO3	0.002	0	0	0	0	0	0	0	0	0	0	0	0	0	0	0	0	0	0	0	0	0	0	0	0	0	0	0	0	0	0	0	0	0	0	0	0	0	0	0	0	0	0.002	0	0	0	0	0	0	0	0	0	0	0
2005	TOBO3	8.747	0	0	0	0	0	0	0	0	0	0	0	0	8.209	0	0	0	0	0	0	0	0	0	0	0	0	0	0	0.325	0	0	0	0	0	0	0	0	0	0	0	0	0	0.213	0	0	0	0	0	0	0	0	0	0	0
2007	TOBO3	71.947	4.69	0	0	0	0	0	0	0	0.216	0	0	0.191	0.285	0	0	0	0	0	0	0	0	0	0	65.375	0	0	0	0.651	0.007	0	0	0	0	0	0.021	0.431	0	0.08	0	0	0	0	0	0	0	0	0	0	0	0	0	0	0
2008	TOBO3	-99	-99	-99	-99	-99	-99	-99	-99	-99	-99	-99	-99	-99	-99	-99	-99	-99	-99	-99	-99	-99	-99	-99	-99	-99	-99	-99	-99	-99	-99	-99	-99	-99	-99	-99	-99	-99	-99	-99	-99	-99	-99	-99	-99	-99	-99	-99	-99	-99	-99	-99	-99	-99	-99
1990	TOBO4	70.487	0	0	0	0	0	0	0	0	0	0	0	0	0	0	0	0	0	0	0	0	34.175	0	0	0	0	0	0	0	0	0	0	0	0	0	0	0	0	0	0	0	0	36.312	0	0	0	0	0	0	0	0	0	0	0
1991	TOBO4	122.114	0	0	0	0	0	0	0	0	0	0	0	0	0.034	0	0	0	0	0	0	0	84.053	0	0	0	0	0	0	0	0	0	0	0	0	0	0	0	0	0	0	0	0	38.01	0	0	0.017	0	0	0	0	0	0	0	0
1992	TOBO4	35.894	0	0	0	0	0	0	0	0	0	0	0	0	0.214	0	0	0	0	0	0	0	20.481	0	0	0	0	0	0	0	0	0	0	0	0	0	0	0	0.007	0	0	0	0	15.192	0	0	0	0	0	0	0	0	0	0	0
1993	TOBO4	99.028	0	0	0	0	0	0	0	0	0	0	0	0	1.735	0	0	0	0	0	0	0	50.905	0	0	0.01	0	0	0	0	0	0	0	0	0	0	0	0	0.086	0	0	0	0	46.292	0	0	0	0	0	0	0	0	0	0	0
1994	TOBO4	134.298	0	0	0	0	0	0	0	0	0	0	0	0	0	0	0	0	0	0	0	0	114.728	0	0	0	0	0	0	0	0	0	0	0	0	0	0	0	0	0	0	0	0	19.57	0	0	0	0	0	0	0	0	0	0	0
1995	TOBO4	24.521	0	0.162	0	0	0	0	0	0	0	0.753	0	0	13.574	0	0	0	0	0	0	0	0	0	0	0.072	0	0	0	0.163	0	0	0	0	0	0	3.984	0	0	0	0	0	0	5.813	0	0	0	0	0	0	0	0	0	0	0
1996	TOBO4	32.038	0	0	0	0	0	0	0	0	0	0	0	0	0	0	0	0	0	0	0	0	0	0	0	0	0	0	0	0	0	0	0	0	0	0	30.064	0	0	0	0	0	0	1.974	0	0	0	0	0	0	0	0	0	0	0
1997	TOBO4	1.081	0	0	0	0	0	0	0	0	0	0	0	0	0	0	0	0	0	0	0	0	0	0	0	0.042	0	0	0	0	0	0	0	0	0	0	0	0	0	0	0	0	0	1.039	0	0	0	0	0	0	0	0	0	0	0
1998	TOBO4	24.849	0	0	0	0	0	0	0	0	0	0	0	0	0.247	0	0	0	0	0	0	0	0	0	0	0.002	0	0	0	0	0	0	0	0	0	0	10.529	0	0	0	0	0	0	14.071	0	0	0	0	0	0	0	0	0	0	0
1999	TOBO4	1.563	0	0	0	0	0	0	0	0	0	0	0	0	0.697	0	0	0	0	0	0	0	0	0	0	0.042	0	0	0	0	0	0	0	0	0	0	0.051	0	0	0	0	0	0	0.773	0	0	0	0	0	0	0	0	0	0	0
2000	TOBO4	0.82	0	0	0	0	0	0	0	0	0	0	0	0	0	0	0	0	0	0	0	0	0	0	0	0	0	0	0	0	0	0	0	0	0	0	0	0	0	0	0	0	0	0.82	0	0	0	0	0	0	0	0	0	0	0
2001	TOBO4	9.412	0	0	0.003	0.003	0	0	0	0	0	0	0.002	0.005	9.232	0	0	0	0	0	0	0	0	0	0	0.004	0	0	0	0.163	0	0	0	0	0	0	0	0	0	0	0	0	0	0	0	0	0	0	0	0	0	0	0	0	0
2002	TOBO4	0.043	0	0	0	0	0	0	0	0	0	0	0	0	0	0	0	0	0	0	0	0	0	0	0	0	0	0	0	0	0	0	0	0	0	0	0	0	0	0	0	0	0	0.043	0	0	0	0	0	0	0	0	0	0	0
2003	TOBO4	0.053	0	0	0	0	0	0	0	0	0	0	0	0.002	0.015	0	0	0	0	0	0.02	0	0	0	0	0	0	0	0	0	0	0	0	0	0	0	0.004	0	0	0	0	0	0	0.012	0	0	0	0	0	0	0	0	0	0	0
2005	TOBO4	12.328	0	0.106	0	0	0	0	0	0	0	0	0	0	7.018	0	0	0	0	0	0	0	0	0	0	0.03	0	0	0	0	0	0	0	0	0	0	0	0	0.052	0	0	0	0	0.649	0	0	0	0	0	0	0	0	0	0	4.473
2007	TOBO4	66.236	9.322	0	0	0	0.001	0	0	0	0.481	0	0	0.016	1.168	0	0	0	0	0	0	0	0	0	0	53.75	0	0	0	0	0.001	0	0	0	0	0	0	1.294	0.003	0.2	0	0	0	0	0	0	0	0	0	0	0	0	0	0	0
2008	TOBO4	-99	-99	-99	-99	-99	-99	-99	-99	-99	-99	-99	-99	-99	-99	-99	-99	-99	-99	-99	-99	-99	-99	-99	-99	-99	-99	-99	-99	-99	-99	-99	-99	-99	-99	-99	-99	-99	-99	-99	-99	-99	-99	-99	-99	-99	-99	-99	-99	-99	-99	-99	-99	-99	-99
