Year	site	total	APRA	ARGL	ARIS1	ARNE	ARWR	ASAL	ASMO	ASNU	ASTE	ASTR1	BAAB	BOER	CAWR	CHIN	CHST	COCO	CRAN	CRPT	CRYP1	DAPU	DECO	DEPI	DIWI	ERAB	ERDI	ERIO1	ERPU	ERRO	ERTE	ERTR	GILI1	GSDL1	HAGR	HIMU	HODR	HOGL	LEER	LEFE	LEGO	LELA	LEPI1	LESQ1	LEVI	LIBI	MAFE	MAPI	MELE	MILI	MUAR	MUPO	NAHI	OEAL	OEPR	PAHA	PENA	PHAC1	PHCO	PLMU	PLPA	RANE	SCAR	SCBR	SELO	SIIR	SILE	SOEL	SOOL	SPAI	SPIN	SPOR1	SPSU	SPVEG	STAR	STEX	TOAN	TSDL1	UKFO1	UKFO7	UKFOa	UKGR1	VEWR
1990	EAST	4	0	0	0	0	0	0	0	0	0	0	0	0	0	0	0	0	0	0	0	0	0	0	0	0	0	0	0	0	0	0	0	0	0	0	0	0	0	0	0	0	0	0	0	0	0	0	0	0	1.432	0.791	0	0	0	0	0	0	0	0	0	0	0	1.777	0	0	0	0	0	0	0	0	0	0	0	0	0	0	0	0	0	0	0
1991	EAST	2.523	0	0	0	0	0	0	0	0	0	0	0	0	0	0	0	0	0	0	0	0	0	0	0	0	0	0	0	0	0	0.003	0	0	0	0	0	0	0	0	0.007	0.03	0	0	0	0	0	0	0	0	0.897	0	0	0	0	0	0.067	0	0	0	0	0	0	1.515	0	0	0	0	0	0	0	0	0.004	0	0	0	0	0	0	0	0	0	0
1992	EAST	19.003	0	0	0	0	0	0	0	0	0.027	0	0	0	0	0	0	0	0	0	0	0	0	0.001	0	0	0	0	0	0	0	0.004	0	0	0	0	0	0	0	0	0.01	0	0	0	0	0	0	0	0	0	2.178	14.46	0	0	0	0	0	0	0	0	0	0	0	1.483	0	0	0	0	0	0	0	0	0.84	0	0	0	0	0	0	0	0	0	0
1993	EAST	9.018	0	0	0	0	0.014	0	0	0	0	0	0	0	0	0	0	0	0	0	0	0	0	0.008	0	0	0	0	0	0	0	0.031	0	0	0	0	0	0	0	0	0	0.349	0	0	0	0	0	0	0	0	0.834	3.992	0	0	0	0	0.048	0	0	0	0	0	0	1.164	0	0	0	0	0	0	0	0	0.014	0	0	0	0	2.564	0	0	0	0	0
1994	EAST	23.257	0	0	0	0	0	0	0	0	0	0	0	0	0	0	0	0	0	0	0	0	0	0	0	0	0	0	0	0	0	0	0	0	0	0	0	0	0	0	0	0	0	0	0	0	0	0	0	0	0.414	21.811	0	0	0	0	0	0	0	0	0	0	0	0.978	0	0	0	0	0	0	0	0	0.054	0	0	0	0	0	0	0	0	0	0
1995	EAST	11.493	0	0	0	0	0	0	0	0.024	0	0.027	0	0	0	0	0	0	0	0	0.024	0	0	0	0	0	0	0	0	0	0	0.096	0	0	0	0	0	0	0	0	0.087	1.054	0	0	0	0	0	0	0	0	0.003	9.689	0	0	0	0	0.018	0	0	0	0	0	0	0.458	0	0	0	0	0	0	0	0	0.005	0	0	0	0	0.008	0	0	0	0	0
1996	EAST	18.377	0	0	0	0	0	0	0	0	0	0	0	0	0	0	0	0	0	0	0	0	0	0	0	0	0	0	0	0	0	0	0	0	0	0	0	0	0	0	0	0	0	0	0	0	0	0	0	0	0.121	17.764	0	0	0	0	0	0	0	0	0	0	0	0.492	0	0	0	0	0	0	0	0	0	0	0	0	0	0	0	0	0	0	0
1997	EAST	26.027	0	0	0	0	0	0	0	0	0	0.005	0	0	0	0	0	0	0	0	0	0	0	0	0	0	0	0	0	0	0	0	0	0	0	0	0	0	0	0	0	0	0	0	0.002	0	0	0	0	0	0	25.914	0	0	0	0	0	0	0	0	0	0	0	0	0	0	0	0	0	0	0	0	0	0	0	0	0	0.106	0	0	0	0	0
1998	EAST	19.709	0	0	0	0	0	0	0	0	0	0	0	0	0	0	0	0	0	0	0	0	0	0	0	0	0	0	0	0	0	0	0	0	0	0	0	0	0	0	0	0	0	0	0	0	0	0	0	0	0	19.66	0	0	0	0	0	0	0	0	0	0	0	0	0	0	0	0	0	0	0	0	0	0	0	0	0	0.049	0	0	0	0	0
1999	EAST	17.352	0	0	0	0	0	0	0	0.035	0	0	0	0	0	0	0	0	0	0	0	0	0	0	0	0	0	0	0	0	0	0.005	0	0	0	0	0	0	0	0	0.003	0	0	0	0.009	0	0	0	0	0	0.044	17.148	0	0	0	0	0.056	0	0.052	0	0	0	0	0	0	0	0	0	0	0	0	0	0	0	0	0	0	0	0	0	0	0	0
2000	EAST	23.26	0	0	0	0	0	0	0	0	0	0	0	0	0	0	0	0	0	0	0	0	0	0	0	0	0	0	0	0	0	0	0	0	0	0	0	0	0	0	0	0	0	0	0	0	0	0	0	0	0	23.26	0	0	0	0	0	0	0	0	0	0	0	0	0	0	0	0	0	0	0	0	0	0	0	0	0	0	0	0	0	0	0
2001	EAST	29.962	0	0	0	0	0	0	0	0	0	0.003	0	0	0	0	0	0	0	0	0	0	0	0	0	0	0	0	0	0	0	0.007	0	0	0	0	0	0	0	0.002	0	0.002	0	0	0.004	0	0	0	0	0	0.002	29.918	0	0	0	0	0	0	0	0	0	0	0	0	0	0	0	0	0	0	0	0	0	0	0	0	0	0.024	0	0	0	0	0
2002	EAST	17.723	0	0	0	0	0	0	0	0	0	0	0	0	0	0	0	0	0	0	0	0	0	0	0	0	0	0	0	0	0	0	0	0	0	0	0	0	0	0	0	0	0	0	0	0	0	0	0	0	0	17.723	0	0	0	0	0	0	0	0	0	0	0	0	0	0	0	0	0	0	0	0	0	0	0	0	0	0	0	0	0	0	0
2003	EAST	44.104	0	0	0	0	0	0	0	0	0	0	0	0	0	0	0	0	0	0	0	0	0	0	0	0	0	0	0	0	0	0	0	0	0	0	0	0	0	0	0	0	0	0	0	0	0	0	0	0	0.012	44.084	0	0	0	0	0.002	0	0	0	0	0	0	0.006	0	0	0	0	0	0	0	0	0	0	0	0	0	0	0	0	0	0	0
2004	EAST	33.655	0	0	0	0	0	0	0	0	0	0	0	0	0	0	0	0	0	0	0	0	0	0	0	0	0	0	0	0	0	0	0	0	0	0	0	0	0	0	0	0	0	0	0	0	0	0	0	0	0	33.655	0	0	0	0	0	0	0	0	0	0	0	0	0	0	0	0	0	0	0	0	0	0	0	0	0	0	0	0	0	0	0
2005	EAST	53.034	0	0	0	0	0	0	0	0.438	0	0	0	0	0	0	0	0	0	0	0.081	0	0	0.614	0	0	0	0	0	0	0	0.041	0	0	0	0	0	0	0	0	0.016	14.132	0	0	0	0.006	0	0	0	0	0.072	37.197	0	0	0	0	0	0	0	0	0	0	0	0.437	0	0	0	0	0	0	0	0	0	0	0	0	0	0	0	0	0	0	0
2006	EAST	78.569	0	0	0	0	0	0	0	0	0	0	0	0	0	0	0	0	0	0	0	0	0	0	0	0	0	0	0	0	0	0	0	0	0	0	0	0	0	0	0	0	0	0	0	0	0	0	0	0	0	78.569	0	0	0	0	0	0	0	0	0	0	0	0	0	0	0	0	0	0	0	0	0	0	0	0	0	0	0	0	0	0	0
2007	EAST	45.234	0	0	0	0	0	0	0	0.546	0	0	0	0	0	0	0	0	0	0	0.001	0	0	0	0	0	0	0	0	0	0	0.003	0	0	0	0	0	0	0	0	2.986	2.657	0	0.016	0	0	0	0	0.63	0	0.001	38.329	0	0	0	0	0.022	0	0	0	0	0	0	0.037	0	0	0.001	0	0	0	0	0	0.005	0	0	0	0	0	0	0	0	0	0
2008	EAST	259.399	0	0	0	0	0	0	0	0	0	0	0	0	0	0	0	0	0	0	0	0	0	0	0	0	0	0	0	0	0	0	0	0	0	0	0	0	0	0	0	0	0	0	0	0	0	0	0	0	0	259.399	0	0	0	0	0	0	0	0	0	0	0	0	0	0	0	0	0	0	0	0	0	0	0	0	0	0	0	0	0	0	0
1990	EAST1	151.867	0	0	0	0	0	0	0	0	0	0	0	0	0	0	0	0	0	0	0	0	0	0	0	0	0	0	0.134	0	0	0	0	0	0	79.477	0	0	0	0	0	0	0	0	0	0	0	0	0	0	0.408	70.475	0	0	0	0	0	0	0	0	0	0	0	1.373	0	0	0	0	0	0	0	0	0	0	0	0	0	0	0	0	0	0	0
1991	EAST1	167.791	0	0	0	0	0	0	0	0	0	0	0	0	0	0	0	0	0	0	0.004	0	0	0	0	0	0	0	0.067	0	0	0.003	0	0	0	90.169	0	0	0	0	0.004	0.078	0	0	0	0	0	0	0	0	0.58	76.098	0	0	0	0	0	0	0	0	0	0	0	0.788	0	0	0	0	0	0	0	0	0	0	0	0	0	0	0	0	0	0	0
1992	EAST1	245.171	0	0	0	0	0	0	0	0	0	0	0	0	0	0	0	0	0	0	0.001	0	0	0	0	0	0	0	0.155	0	0	0.002	0	0	0	169.379	0	0	0	0	0.015	0.009	0	0	0	0	0	0	0	0	0.936	73.883	0	0	0	0	0.001	0	0	0	0	0	0	0.79	0	0	0	0	0	0	0	0	0	0	0	0	0	0	0	0	0	0	0
1993	EAST1	99.545	0	0	0	0	0	0	0	0	0	0	0	0	0	0	0	0	0	0	0	0	0	0.046	0	0	0	0	0.269	0	0	0.024	0	0	0	68.267	0	0	0	0	0.031	0.428	0	0	0	0	0	0	0	0	0.743	28.384	0	0	0	0	0.054	0	0	0	0	0	0	0.446	0	0	0	0	0	0	0	0	0	0	0	0	0	0.853	0	0	0	0	0
1994	EAST1	287.656	0	0.282	0	0	0	0	0	0	0	0	0	0.731	0	0	0	0	0	0	0	0	0	0	0	0	0	0	0	0	0	0	0	0	0	196.177	0	0	0	0	0	0	0	0	0	0	0	0	0	0	0.427	89.559	0	0	0	0	0	0	0	0	0	0	0	0.48	0	0	0	0	0	0	0	0	0	0	0	0	0	0	0	0	0	0	0
1995	EAST1	112.266	0	0	0	0	0	0	0	0.027	0	0.175	0	0.199	0	0	0	0	0	0	0	0	0	0.757	0	0	0	0	0	0	0	0.208	0	0	0	0	0	0	0	0	0.123	3.531	0	0	0	0	0	0	0	0	0.009	70.413	0	0	0	0	0.095	0	0	36.518	0	0	0	0.146	0	0	0	0	0	0	0	0	0	0	0	0	0	0.065	0	0	0	0	0
1996	EAST1	141.929	0	0	0	0	0	0	0	0	0	0	0	0.332	0	0	0	0	0	0	0	0	0	0	0	0	0	0	0	0	0	0	0	0	0	0	0	0	0	0	0	0	0	0	0	0	0	0	0	0	0.097	80.516	0	0	0	0	0	0	0	60.915	0	0	0	0.069	0	0	0	0	0	0	0	0	0	0	0	0	0	0	0	0	0	0	0
1997	EAST1	67.28	0	0	0	0	0	0	0	0	0	0.011	0	1.595	0	0	0	0	0	0	0	0	0	0	0	0	0	0	0	0	0	0	0	0	0	0	0	0	0	0	0	0	0	0	0	0	0	0	0	0	0.033	65.375	0	0	0	0	0	0	0	0.019	0	0	0	0.025	0	0	0	0	0	0	0	0	0	0	0	0	0	0.222	0	0	0	0	0
1998	EAST1	67.965	0	0	0	0	0	0	0	0	0	0	0	1.678	0	0	0	0	0	0	0.004	0.003	0	0	0	0	0	0	0	0	0	0	0	0	0	0	0	0	0	0	0	0.047	0.001	0	0	0	0	0	0	0	0	65.642	0	0	0	0	0	0	0	0.312	0	0	0	0	0	0	0	0	0	0	0	0	0	0	0	0	0	0.278	0	0	0	0	0
1999	EAST1	75.982	0	0	0	0	0	0	0	0.013	0	0	0	9.169	0	0	0	0	0	0	0	0.001	0	0.022	0	0	0	0	0	0	0	0.017	0	0	0	0	0	0	0	0	0.004	0.053	0	0	0.12	0	0	0	0	0	0.002	66.324	0	0	0	0	0.154	0	0.103	0	0	0	0	0	0	0	0	0	0	0	0	0	0	0	0	0	0	0	0	0	0	0	0
2000	EAST1	101.949	0	0	0	0	0	0	0	0	0	0	0	11.561	0	0	0	0	0	0	0	0	0	0	0	0	0	0	0	0	0	0	0	0	0	0	0	0	0	0	0	0	0	0	0	0	0	0	0	0	0	90.388	0	0	0	0	0	0	0	0	0	0	0	0	0	0	0	0	0	0	0	0	0	0	0	0	0	0	0	0	0	0	0
2001	EAST1	49.191	0	0	0	0	0	0	0	0.021	0	0	0	0	0	0	0	0	0	0	0.002	0	0	0.044	0	0	0	0	0	0	0	0.014	0	0	0	0	0	0	0	0	0	0.132	0	0.002	0.136	0	0	0	0	0	0	48.81	0	0	0	0	0.024	0	0	0	0	0	0	0.001	0	0	0	0	0	0	0	0	0	0	0.005	0	0	0	0	0	0	0	0
2002	EAST1	19.195	0	0	0	0	0	0	0	0	0	0	0	0	0	0	0	0	0	0	0	0	0	0	0	0	0	0	0	0	0	0	0	0	0	0	0	0	0	0	0	0	0	0	0	0	0	0	0	0	0	19.195	0	0	0	0	0	0	0	0	0	0	0	0	0	0	0	0	0	0	0	0	0	0	0	0	0	0	0	0	0	0	0
2003	EAST1	62.03	0	0	0	0	0	0	0	0	0	0	0	0	0	0	0	0	0	0	0	0	0	0.018	0	0	0	0	0	0	0	0	0	0	0	0	0	0	0	0	0	0	0.216	0.001	0	0	0	0	0	0	0.004	61.687	0	0	0	0	0.035	0	0	0.068	0	0	0	0.001	0	0	0	0	0	0	0	0	0	0	0	0	0	0	0	0	0	0	0
2004	EAST1	37.248	0	0	0	0	0	0	0	0	0	0	0	0	0	0	0	0	0	0	0	0	0	0	0	0	0	0	0	0	0	0	0	0	0	0	0	0	0	0	0	0	0	0	0	0	0	0	0	0	0	37.248	0	0	0	0	0	0	0	0	0	0	0	0	0	0	0	0	0	0	0	0	0	0	0	0	0	0	0	0	0	0	0
2005	EAST1	98.647	0	0	0	0	0	0	0	0.226	0	0	0	0	0	0	0	0	0	0	0.024	0	0	2.349	0	0	0	0	0	0	0	0.006	0	0	0	0	0	0	0	0	0.164	20.433	11.289	0.43	8.148	0	0	0	0	0	0.013	54.249	0	0	0	0	0.121	0	0	0.031	0	0	0	0.113	0	0	0	0	0	0	0	0	0	0	0.969	0	0	0.082	0	0	0	0	0
2006	EAST1	68.734	0	0	0	0	0	0	0	0	0	0	0	0	0	0	0	0	0	0	0	0	0	0	0	0	0	0	0	0	0	0	0	0	0	0	0	0	0	0	0	0	0	0	0	0	0	0	0	0	0	68.734	0	0	0	0	0	0	0	0	0	0	0	0	0	0	0	0	0	0	0	0	0	0	0	0	0	0	0	0	0	0	0
2007	EAST1	132.697	0	0	0	0	0	0	0	1.129	0	0	0	0	0	0	0	0.024	0	0	0.038	0	0	0.124	0	0	0	0	0	0	0	0.009	0	0	0	0	0	0	0	0	5.573	6.437	0	0.01	0	0	0	0	0	0	0	117.701	0	0	0.012	0	0	0.124	0	1.284	0	0	0	0.006	0	0	0	0	0	0	0	0	0	0	0.218	0	0	0.008	0	0	0	0	0
2008	EAST1	180.155	0	0	0	0	0	0	0	0	0	0	0	0	0	0	0	0	0	0	0	0	0	0	0	0	0	0	0	0	0	0	0	0	0	0	0	0	0	0	0	0	0	0	0	0	0	0	0	0	0	180.155	0	0	0	0	0	0	0	0	0	0	0	0	0	0	0	0	0	0	0	0	0	0	0	0	0	0	0	0	0	0	0
1990	EAST2	79.608	0	0	0	0	0	0	0	0	0	0	0	9.369	0	0	0	0	0	0	0	0	0	0	0	0	0	0	0	0	0	0	0	0	0	56.048	0	0	0	0	0	0	0	0	0	0	0	0	0	0	0.783	12.707	0	0	0	0	0	0	0	0	0	0	0	0.701	0	0	0	0	0	0	0	0	0	0	0	0	0	0	0	0	0	0	0
1991	EAST2	96.686	0	0	0	0	0	0	0	0	0	0.006	0	23.056	0	0	0	0	0	0	0	0	0	0	0	0	0	0	0	0	0	0.003	0	0	0	51.04	0	0	0	0	0.007	0.004	0	0	0	0	0	0	0	0	0.416	18.379	0	0	0	0	0.023	0	0	0	0	0	0	0.666	0	0	0	0	0	0	0	0	3.086	0	0	0	0	0	0	0	0	0	0
1992	EAST2	194.899	0	0	0	0	0	0	0	0	0	0	0	39.567	0	0	0	0	0	0	0	0	0	0	0	0	0	0	0	0	0	0	0	0	0	135.51	0	0	0	0	0.02	0	0	0	0	0	0	0	0	0	1.218	17.77	0	0	0	0	0.005	0	0	0	0	0	0	0.785	0	0	0	0	0	0	0	0	0	0	0	0	0	0.024	0	0	0	0	0
1993	EAST2	190.094	0	0	0	0	0	0	0	0	0	0	0	56.511	0	0	0	0	0	0	0	0	0	0.03	0	0	0	0	0	0	0	0.026	0	0	0	117.973	0	0	0	0	0.02	0.82	0	0	0	0	0	0	0	0	1.014	11.539	0	0	0	0	0.241	0	0	0	0	0	0	0.885	0	0	0	0	0	0	0	0	0.502	0	0	0	0	0.533	0	0	0	0	0
1994	EAST2	234.252	0	0	0	0	0	0	0	0	0	0	0	56.81	0	0	0	0	0	0	0	0	0	0	0	0	0	0	0	0	0	0	0	0	0	163.712	0	0	0	0	0	0	0	0	0	0	0	0	0	0	0.538	12.403	0	0	0	0	0	0	0	0	0	0	0	0.789	0	0	0	0	0	0	0	0	0	0	0	0	0	0	0	0	0	0	0
1995	EAST2	72.941	0	0	0	0	0	0	0	0.027	0	0.006	0	0	0	0.001	0	0	0	0	0	0	0	0.312	0	0	0	0	0	0	0	0.077	0	0	0	0	0	0	0	0	0.193	6.042	0	0	0	0	0	0	0	0	0.002	5.648	0	0	0	0	0.207	0	0.068	59.483	0	0	0	0.332	0	0	0	0	0	0	0	0	0.543	0	0	0	0	0	0	0	0	0	0
1996	EAST2	120.944	0	0	0	0	0	0	0	0	0	0	0	50.165	0	0	0	0	0	0	0	0	0	0	0	0	0	0	0	0	0	0	0	0	0	0	0	0	0	0	0	0	0	0	0	0	0	0	0	0	0.111	11.661	0	0	0	0	0	0	0	58.499	0	0	0	0.395	0	0	0	0	0	0	0	0	0.113	0	0	0	0	0	0	0	0	0	0
1997	EAST2	94.412	0	0	0	0	0	0	0	0	0	0	0	58.77	0	0	0	0	0	0	0	0	0	0	0	0	0	0	0	0	0	0	0	0	0	0	0	0	0	0	0	0	0	0	0	0	0	0	0	0	0	35.25	0	0	0	0	0	0	0	0	0	0	0	0.001	0	0	0	0	0	0	0	0	0.145	0	0	0	0	0.246	0	0	0	0	0
1998	EAST2	97.422	0	0	0	0	0	0	0	0	0	0	0	65.58	0	0	0	0	0	0	0	0	0	0	0	0	0	0	0	0	0	0	0	0	0	0	0	0	0	0	0	0	0.008	0	0	0	0	0	0	0	0	31.659	0	0	0	0	0	0	0	0.093	0	0	0	0	0	0	0	0	0	0	0	0	0	0	0	0	0	0.082	0	0	0	0	0
1999	EAST2	106.266	0	0	0	0	0	0	0	0.01	0	0	0	72.408	0	0	0	0	0	0	0	0	0	0.044	0	0	0	0	0	0	0	0.023	0	0	0	0	0	0	0	0	0.021	0	0	0	0.209	0	0	0	0	0	0.016	32.73	0	0	0	0	0.132	0	0.036	0	0	0	0	0.001	0	0	0	0	0	0	0	0	0.636	0	0	0	0	0	0	0	0	0	0
2000	EAST2	46.238	0	0	0	0	0	0	0	0	0	0	0	28.505	0	0	0	0	0	0	0	0	0	0	0	0	0	0	0	0	0	0	0	0	0	0	0	0	0	0	0	0	0	0	0	0	0	0	0	0	0	17.722	0	0	0	0	0	0	0	0.011	0	0	0	0	0	0	0	0	0	0	0	0	0	0	0	0	0	0	0	0	0	0	0
2001	EAST2	60.75	0	0	0	0	0	0	0	0	0	0.013	0	0	0	0	0	0	0	0	0	0	0	0	0	0	0	0	0	0.002	0	0.038	0	0	0	0	0	0	0	0	0	0.204	0	0.027	0.003	0	0.163	0	0	0	0	59.666	0	0	0	0	0.182	0.008	0	0	0	0	0	0.001	0	0	0	0	0	0	0	0	0.427	0	0	0	0	0.016	0	0	0	0	0
2002	EAST2	23.365	0	0	0	0	0	0	0	0	0	0	0	0	0	0	0	0	0	0	0	0	0	0	0	0	0	0	0	0	0	0	0	0	0	0	0	0	0	0	0	0	0	0	0	0	0	0	0	0	0	23.365	0	0	0	0	0	0	0	0	0	0	0	0	0	0	0	0	0	0	0	0	0	0	0	0	0	0	0	0	0	0	0
2003	EAST2	70.017	0	0	0	0	0	0	0	0	0	0	0	38.72	0	0	0	0	0	0	0	0	0	0.027	0	0	0	0	0	0	0	0.001	0	0	0	0	0	0	0	0	0	0	0.123	0.001	0	0	0	0	0	0	0.007	30.293	0	0	0	0	0.05	0	0	0.021	0	0	0	0.002	0	0	0	0	0	0	0	0	0.772	0	0	0	0	0	0	0	0	0	0
2004	EAST2	45.697	0	0	0	0	0	0	0	0	0	0	0	24.883	0	0	0	0	0	0	0	0	0	0	0	0	0	0	0	0	0	0	0	0	0	0	0	0	0	0	0	0	0	0	0	0	0	0	0	0	0	20.814	0	0	0	0	0	0	0	0	0	0	0	0	0	0	0	0	0	0	0	0	0	0	0	0	0	0	0	0	0	0	0
2005	EAST2	102.095	0	0	0	0	0	0	0	0.292	0	0	0	42.524	0	0	0	0	0	0	0	0	0	3.852	0	0	0	0	0	0	0	0.01	0.021	0	0	0	0	0	0	0	0.312	32.908	0.022	0.134	2.754	0	0	0	0	0	0.183	18.16	0	0	0	0	0.14	0.025	0	0.407	0	0	0.08	0.255	0	0	0	0	0	0	0	0	0	0	0	0	0	0.016	0	0	0	0	0
2006	EAST2	36.589	0	0	0	0	0	0	0	0	0	0	0	0	0	0	0	0	0	0	0	0	0	0	0	0	0	0	0	0	0	0	0	0	0	0	0	0	0	0	0	0	0	0	0	0	0	0	0	0	0	36.589	0	0	0	0	0	0	0	0	0	0	0	0	0	0	0	0	0	0	0	0	0	0	0	0	0	0	0	0	0	0	0
2007	EAST2	128.922	0.005	0	0	0	0	0	0	0.239	0.265	0	0	50.066	0	0	0	0	0	0	0	0	0	0.087	0	0	0	0	0	0	0	0.009	0	0	0	0	0	0	0	0	5.466	5.252	0	0	0	0	0	0	0	0	0.003	62.746	0.007	0	0	0	0	0.075	0	0.823	0	0	0	0.041	0	0	0	0	0	0	0	0	3.813	0	0	0	0	0.025	0	0	0	0	0
2008	EAST2	297.31	0	0	0	0	0	0	0	0	0	0	0	113.919	0	0	0	0	0	0	0	0	0	0	0	0	0	0	0	0	0	0	0	0	0	0	0	0	0	0	0	0	0	0	0	0	0	0	0	0	0	183.391	0	0	0	0	0	0	0	0	0	0	0	0	0	0	0	0	0	0	0	0	0	0	0	0	0	0	0	0	0	0	0
1990	EAST3	117.254	0	0	0	0	0	0	0	0	0	0	0	0	0	0	0	0	0	0	0	0	0	0	0	0	0	0	0	0	0	0	0	0	0	0.551	0	0	0	0	0	0	0	0	0	0	0	0	0	0	1.111	114.755	0	0	0	0	0	0	0	0	0	0	0	0.555	0	0	0	0	0	0	0	0	0	0.282	0	0	0	0	0	0	0	0	0
1991	EAST3	126.903	0	0	0	0	0	0	0	0	0	0	0	0	0	0	0	0	0	0	0.002	0	0	0	0	0	0	0	0	0	0	0.002	0	0	0	0	0	0	0	0	0.012	0.023	0	0	0	0	0	0	0	0	1.287	123.836	0	0	0	0	0.062	0	0	0	0	0	0	0.306	0	0	0	0	0	1.318	0	0	0.055	0	0	0	0	0	0	0	0	0	0
1992	EAST3	179.99	0	0	0	0	0	0	0	0	0	0	0	0	0	0	0	0	0	0	0	0	0	0.008	0	0	0	0	0	0	0	0.005	0	0	0	0	0	0	0	0	0.023	0.009	0	0	0	0	0	0	0	0	0.943	178.439	0	0	0	0	0.02	0	0	0	0	0	0	0.21	0	0	0	0.001	0	0	0	0	0.25	0.066	0	0	0	0.016	0	0	0	0	0
1993	EAST3	94.301	0	0	0	0	0	0	0	0	0	0	0	0	0	0	0	0	0	0	0	0	0	0.303	0	0	0	0	0	0	0	0.023	0	0	0	0	0	0	0	0	0.006	0.317	0	0	0	0	0	0	0	0	0.976	90.852	0	0	0	0	0.04	0	0	0	0	0	0	0.174	0	0	0	0	0	0.377	0	0	0.145	0	0	0	0	1.088	0	0	0	0	0
1994	EAST3	188.026	0	0	0	0	0	0	0	0	0	0	0	0	0	0	0	0	0	0	0	0	0	0	0	0	0	0	0	0	0	0	0	0	0	0	0	0	0	0	0	0	0	0	0	0	0	0	0	0	0.421	187.179	0	0	0	0	0	0	0	0	0	0	0	0.182	0	0	0	0	0	0	0	0.244	0	0	0	0	0	0	0	0	0	0	0
1995	EAST3	111.584	0	0	0	0	0	0	0	0	0	0.053	0	0	0	0.001	0	0	0	0	0.016	0	0	0.662	0	0	0	0	0	0	0	0.099	0	0	0	0	0	0	0	0	0.054	4.14	0	0	0	0	0	0	0	0	0.001	106.04	0	0	0	0	0.293	0	0.116	0	0	0	0	0.054	0	0	0	0	0	0	0	0	0.014	0	0	0	0	0.041	0	0	0	0	0
1996	EAST3	132.716	0	0	0	0	0	0	0	0	0	0	0	0	0	0	0	0	0	0	0	0	0	0	0	0	0	0	0	0	0	0	0	0	0	0	0	0	0	0	0	0	0	0	0	0	0	0	0	0	0.166	132.393	0	0	0	0	0	0	0	0	0	0	0	0.054	0	0	0	0	0	0	0	0.085	0.018	0	0	0	0	0	0	0	0	0	0
1997	EAST3	182.533	0	0	0	0	0	0	0	0	0	0	0	0	0	0	0	0	0	0	0	0	0	0	0.018	0	0	0	0	0	0	0	0	0	0	0	0	0	0	0	0.001	0	0	0	0.004	0	0	0	0	0	0	182.322	0	0	0	0	0	0	0	0	0	0	0	0	0	0	0	0	0	0	0	0	0.041	0	0	0	0	0.147	0	0	0	0	0
1998	EAST3	92.648	0	0	0	0	0	0	0	0	0	0	0	0	0	0	0	0	0	0	0	0	0	0.005	0	0	0	0	0	0	0	0	0	0	0	0	0	0	0	0	0	0	0.024	0	0	0	0	0	0	0	0	92.603	0	0	0	0	0	0	0	0	0	0	0	0	0	0	0	0	0	0	0	0	0	0	0	0	0	0.016	0	0	0	0	0
1999	EAST3	135.798	0	0	0	0	0	0	0	0	0	0	0	0	0	0	0	0	0	0	0	0	0	0.075	0	0	0	0	0	0	0	0.007	0	0	0	0	0	0	0	0	0.002	0.194	0	0	0.005	0	0	0	0	0	0	135.326	0	0	0	0	0.149	0	0.029	0	0	0	0	0.001	0	0	0	0	0	0	0	0	0.01	0	0	0	0	0	0	0	0	0	0
2000	EAST3	238.58	0	0	0	0	0	0	0	0	0	0	0	0	0	0	0	0	0	0	0	0	0	0	0	0	0	0	0	0	0	0	0	0	0	0	0	0	0	0	0	0	0	0	0	0	0	0	0	0	0	238.58	0	0	0	0	0	0	0	0	0	0	0	0	0	0	0	0	0	0	0	0	0	0	0	0	0	0	0	0	0	0	0
2001	EAST3	93.358	0	0	0	0	0	0	0	0	0	0.005	0.001	0	0	0	0	0	0	0	0	0	0	0.099	0	0	0	0	0	0	0	0.008	0	0	0	0	0	0	0	0	0	0.022	0	0.003	0.022	0	0	0	0	0	0	93.102	0	0	0	0	0.088	0	0	0	0	0	0	0	0	0	0	0	0	0	0	0	0	0	0	0	0	0.008	0	0	0	0	0
2002	EAST3	102.804	0	0	0	0	0	0	0	0	0	0	0	0	0	0	0	0	0	0	0	0	0	0	0	0	0	0	0	0	0	0	0	0	0	0	0	0	0	0	0	0	0	0	0	0	0	0	0	0	0.001	102.803	0	0	0	0	0	0	0	0	0	0	0	0	0	0	0	0	0	0	0	0	0	0	0	0	0	0	0	0	0	0	0
2003	EAST3	162.039	0	0	0	0	0	0	0	0	0	0	0	0	0	0	0	0	0	0	0	0	0	0.022	0	0	0	0	0	0	0	0	0	0	0	0	0	0	0	0	0	0	0.009	0.003	0	0	0	0	0	0	0.014	161.947	0	0	0	0	0.034	0	0	0	0	0	0	0.002	0	0	0	0	0	0	0	0	0	0	0	0	0	0.008	0	0	0	0	0
2004	EAST3	100.762	0	0	0	0	0	0	0	0	0	0	0	0	0	0	0	0	0	0	0	0	0	0	0	0	0	0	0	0	0	0	0	0	0	0	0	0	0	0	0	0	0	0	0	0	0	0	0	0	0	100.762	0	0	0	0	0	0	0	0	0	0	0	0	0	0	0	0	0	0	0	0	0	0	0	0	0	0	0	0	0	0	0
2005	EAST3	171.107	0	0	0	0	0	0	0	0	0	0	0	0	0	0	0	0	0	0	0	0	0	7.714	0	0	0	0	0	0	0	0	0	0	0	0	0	0	0	0	0.29	78.231	0	0	0	0	0	0	0	0	0.324	83.888	0	0	0	0	0	0.622	0	0	0	0	0	0.038	0	0	0	0	0	0	0	0	0	0	0	0	0	0	0	0	0	0	0
2006	EAST3	156.407	0	0	0	0	0	0	0	0	0	0	0	0	0	0	0	0	0	0	0	0	0	0	0	0	0	0	0	0	0	0	0	0	0	0	0	0	0	0	0	0	0	0	0	0	0	0	0	0	0	156.407	0	0	0	0	0	0	0	0	0	0	0	0	0	0	0	0	0	0	0	0	0	0	0	0	0	0	0	0	0	0	0
2007	EAST3	153.937	0	0	0	0	0	0	0	0.424	0	0	0	0	0	0	0	0	0	0	0	0	0	0.033	0	0	0	0	0	0	0	0.006	0	0	0	0	0	0	0	0	12.389	7.859	0	0	0	0	0	0	0	0	0	130.519	0	0	0	0	0	0.647	0	0	0	0	0	0.006	0	0	0	0	0	0	0	0	0.454	0	1.6	0	0	0	0	0	0	0	0
2008	EAST3	355.478	0	0	0	0	0	0	0	0	0	0	0	0	0	0	0	0	0	0	0	0	0	0	0	0	0	0	0	0	0	0	0	0	0	0	0	0	0	0	0	0	0	0	0	0	0	0	0	0	0	355.478	0	0	0	0	0	0	0	0	0	0	0	0	0	0	0	0	0	0	0	0	0	0	0	0	0	0	0	0	0	0	0
1990	EAST4	179.863	0	0	0	0	0	0	0	0	0	0	0	1.329	0	0	0	0	0	0	0	0	0	0	0	0	0	0	0	0	0	0	0	0	0	0	0	0	0	0	0	0	0	0	0	0	0	0	0	0	0.635	176.857	0	0	0	0	0	0	0	0	0	0	0	1.042	0	0	0	0	0	0	0	0	0	0	0	0	0	0	0	0	0	0	0
1991	EAST4	96.874	0	0	0	0	0	0	0	0	0	0.003	0	8.173	0	0	0	0	0	0	0	0	0	0	0	0	0	0	0.002	0	0	0	0	0	0	0	0	0	0	0	0.011	0.069	0	0	0	0	0	0	0	0	0.608	87.053	0	0	0	0	0	0	0	0	0	0	0	0.565	0	0	0	0	0	0	0	0	0.39	0	0	0	0	0	0	0	0	0	0
1992	EAST4	201.928	0	0	0	0	0	0	0	0	0	0	0	21.461	0	0	0	0	0	0	0	0	0	0.009	0	0	0	0	0.002	0	0	0.002	0	0	0	0.46	0	0	0	0	0.033	0	0	0	0	0	0	0	0	0	0.701	178.488	0	0	0	0	0.021	0	0	0	0	0	0	0.386	0	0	0	0	0	0	0	0	0.291	0	0	0	0	0.074	0	0	0	0	0
1993	EAST4	119.9	0	0	0	0	0	0	0	0	0	0	0	14.435	0	0	0	0	0	0	0	0	0	0.063	0	0	0	0	0.025	0	0	0.014	0	0	0	0.2	0	0	0	0	0.009	0.238	0	0	0	0	0	0	0	0	0.283	102.779	0	0	0	0	0.073	0	0	0	0	0	0	0.244	0	0	0	0	0	0	0	0	0.334	0	0	0	0	1.203	0	0	0	0	0
1994	EAST4	241.677	0	0	0	0	0	0	0	0	0	0	0	20.664	0	0	0	0	0	0	0	0	0	0	0	0	0	0	0	0	0	0	0	0	0	1.766	0	0	0	0	0	0	0	0	0	0	0	0	0	0	0.366	218.606	0	0	0	0	0	0	0	0	0	0	0	0.275	0	0	0	0	0	0	0	0	0	0	0	0	0	0	0	0	0	0	0
1995	EAST4	165.442	0	0	0	0	0	0	0	0.059	0	0.005	0	18.604	0	0	0	0	0	0	0	0	0	0.28	0	0	0	0.005	0	0	0	0.072	0	0	0	0	0	0	0	0	0.136	2.409	0	0	0	0	0	0	0	0	0.002	143.384	0	0	0	0	0.159	0	0.017	0	0	0	0	0.109	0	0	0	0	0	0	0	0	0.201	0	0	0	0	0	0	0	0	0	0
1996	EAST4	131.852	0	0	0	0	0	0	0	0	0	0	0	2.076	0	0	0	0	0	0	0	0	0	0	0	0	0	0	0	0	0	0	0	0	0	0	0	0	0	0	0	0	0	0	0	0	0	0	0	0	0.011	129.703	0	0	0	0	0	0	0	0	0	0	0	0.062	0	0	0	0	0	0	0	0	0	0	0	0	0	0	0	0	0	0	0
1997	EAST4	175.915	0	0	0	0	0	0	0	0.027	0	0	0	26.511	0	0	0	0	0	0	0	0.001	0	0	0	0	0	0	0	0	0	0	0	0	0	0	0	0	0	0	0	0	0	0	0.011	0	0	0	0	0	0	149.3	0	0	0	0	0	0	0	0	0	0	0	0	0	0	0	0	0	0	0	0	0	0	0	0	0	0.065	0	0	0	0	0
1998	EAST4	168.536	0	0	0	0	0	0	0	0	0	0	0	17.405	0	0	0	0	0	0	0	0.007	0	0	0	0	0	0	0	0	0	0	0	0	0	0	0	0	0	0	0	0	0.007	0	0	0	0	0	0	0	0	151.074	0	0	0	0	0	0	0	0	0	0	0	0	0	0	0	0	0	0	0	0	0.002	0	0	0	0	0.041	0	0	0	0	0
1999	EAST4	170.64	0	0	0	0	0	0	0	0.033	0	0	0	25.116	0	0	0	0	0	0	0	0.009	0	0.024	0	0	0	0	0	0	0	0.011	0	0	0	0	0	0	0	0	0.024	0.177	0	0	0.063	0	0	0	0	0	0.015	143.859	0	0.006	0	0	0.085	0	0.075	0	0	0	0	0	0	0	0	0	0	0	0	0	1.135	0	0	0	0	0.008	0	0	0	0	0
2000	EAST4	210.087	0	0	0	0	0	0	0	0	0	0	0	28.305	0	0	0	0	0	0	0	0.008	0	0	0	0	0	0	0	0	0	0	0	0	0	0	0	0	0	0	0	0	0	0	0	0	0	0	0	0	0	181.774	0	0	0	0	0	0	0	0	0	0	0	0	0	0	0	0	0	0	0	0	0	0	0	0	0	0	0	0	0	0	0
2001	EAST4	156.945	0	0	0	0	0	0	0	0	0	0	0	21.262	0	0	0	0	0	0	0	0	0	0.042	0	0.002	0	0	0	0	0	0.006	0	0	0	0	0	0	0	0	0	0.209	0	0.003	0.002	0	0	0	0	0	0.001	135.302	0	0	0	0	0.012	0.018	0	0	0	0	0	0	0	0	0	0	0	0	0	0	0.045	0	0	0	0	0.041	0	0	0	0	0
2002	EAST4	113.223	0	0	0	0	0	0	0	0	0	0	0	0	0	0	0	0	0	0	0	0	0	0	0	0	0	0	0	0	0	0	0	0	0	0	0	0	0	0	0	0	0	0	0	0	0	0	0	0	0	113.223	0	0	0	0	0	0	0	0	0	0	0	0	0	0	0	0	0	0	0	0	0	0	0	0	0	0	0	0	0	0	0
2003	EAST4	194.585	0	0	0	0	0	0	0	0	0	0	0	7.973	0	0	0	0	0	0	0	0.004	0	0.245	0	0	0	0	0	0	0	0	0	0	0	0	0	0	0	0	0	0	0.233	0.002	0	0	0	0	0	0	0.039	186.084	0	0	0	0	0.005	0	0	0	0	0	0	0	0	0	0	0	0	0	0	0	0	0	0	0	0	0	0	0	0	0	0
2004	EAST4	96.155	0	0	0	0	0	0	0	0	0	0	0	5	0	0	0	0	0	0	0	0	0	0	0	0	0	0	0	0	0	0	0	0	0	0	0	0	0	0	0	0	0	0	0	0	0	0	0	0	0	91.155	0	0	0	0	0	0	0	0	0	0	0	0	0	0	0	0	0	0	0	0	0	0	0	0	0	0	0	0	0	0	0
2005	EAST4	232.03	0	0	0	0	0	0	0	0	0	0	0	4.252	0	0	0	0	0	0	0	0	0	6.356	0	0	0	0	0	0	0	0.004	0	0	0	0	0	0	0	0	0.055	56.556	18.99	0.001	0	0	0	0	0	0	0.015	144.699	0	0	0	0	0.016	0.995	0	0	0	0	0	0.018	0	0	0	0	0	0	0	0	0	0	0.032	0	0	0.041	0	0	0	0	0
2006	EAST4	214.15	0	0	0	0	0	0	0	0	0	0	0	15.847	0	0	0	0	0	0	0	0	0	0	0	0	0	0	0	0	0	0	0	0	0	0	0	0	0	0	0	0	0	0	0	0	0	0	0	0	0	198.303	0	0	0	0	0	0	0	0	0	0	0	0	0	0	0	0	0	0	0	0	0	0	0	0	0	0	0	0	0	0	0
2007	EAST4	151.769	0.02	0	0	0	0	0	0	0.107	0	0	0	18.671	0	0	0	0	0	0	0.001	0	0	0.053	0	0	0	0	0	0	0	0.008	0	0	0	0	0	0	0	0	2.864	1.274	0	0	0	0	0	0	0	0	0	128.035	0	0	0	0	0.002	0.721	0	0	0	0	0	0.013	0	0	0	0	0	0	0	0	0	0	0	0	0	0	0	0	0	0	0
2008	EAST4	442.596	0	0	0	0	0	0	0	0	0	0	0	40.498	0	0	0	0	0	0	0	0	0	0	0	0	0	0	0	0	0	0	0	0	0	0	0	0	0	0	0	0	0	0	0	0	0	0	0	0	0	402.098	0	0	0	0	0	0	0	0	0	0	0	0	0	0	0	0	0	0	0	0	0	0	0	0	0	0	0	0	0	0	0
1990	TAYL	4.426	0	0	0	0	0	0	0	0	0	0	0	0	0	0	0	0	0	0	0	0	0	0	0	0	0	0	0	0	0	0	0	0	0	0	0	0	0	0	0	0	0	0	0	0	0	0	0	0	0.048	2.632	0	0	0	0	0	0	0	0	0	0	0	1.746	0	0	0	0	0	0	0	0	0	0	0	0	0	0	0	0	0	0	0
1991	TAYL	4.359	0	0	0	0	0	0	0.021	0	0	0	0	0	0	0	0	0	0	0	0	0	0	0	0	0	0	0	0	0	0	0	0	0	0	0	0	0	0	0	0	0	0	0	0	0	0	0	0	0	0.046	2.928	0	0	0	0	0	0	0	0	0	0	0	1.344	0	0	0	0	0	0	0	0	0.02	0	0	0	0	0	0	0	0	0	0
1992	TAYL	8.77	0	0	0	0	0	0	0.042	0	0	0	0	0	0	0	0	0	0	0	0	0	0	0	0	0	0	0	0	0	0	0	0	0	0	0	0	0	0	0	0	0	0	0	0	0	0	0	0	0	0.048	7.633	0	0	0	0	0	0	0	0	0	0	0	1.047	0	0	0	0	0	0	0	0	0	0	0	0	0	0	0	0	0	0	0
1993	TAYL	6.898	0	0	0	0	0	0	0	0	0	0	0	0	0	0	0	0	0	0	0	0	0	0.046	0	0	0	0	0	0	0	0	0	0	0	0	0	0	0	0	0	0	0	0	0	0	0	0	0	0	0.024	5.901	0	0	0	0	0.022	0	0	0	0	0	0	0.785	0	0	0	0	0	0	0	0	0.046	0	0	0	0	0.074	0	0	0	0	0
1994	TAYL	10.322	0	0	0	0	0	0	0	0	0	0	0	0	0	0	0	0	0	0	0	0	0	0	0	0	0	0	0	0	0	0	0	0	0	0	0	0	0	0	0	0	0	0	0	0	0	0	0	0	0.006	9.663	0	0	0	0	0	0	0	0	0	0	0	0.653	0	0	0	0	0	0	0	0	0	0	0	0	0	0	0	0	0	0	0
1995	TAYL	14.534	0	0	0	0	0	0	0	0.003	0	0	0	0	0	0	0	0	0	0	0	0	0	0.046	0	0	0	0	0	0.008	0	0	0	0	0	0	0	0	0	0	0	0	0	0	0	0	0	0	0	0	0	13.798	0	0	0	0	0.007	0	0.002	0	0	0	0	0.628	0	0	0	0	0	0	0	0	0.042	0	0	0	0	0	0	0	0	0	0
1996	TAYL	13.183	0	0	0	0	0	0	0	0	0	0	0	0	0	0	0	0	0	0	0	0	0	0	0	0	0	0	0	0	0	0	0	0	0	0	0	0	0	0	0	0	0	0	0	0	0	0	0	0	0.025	12.438	0	0	0	0	0	0	0	0	0	0	0	0.656	0	0	0	0	0	0	0	0	0.064	0	0	0	0	0	0	0	0	0	0
1997	TAYL	18.689	0	0	0	0	0	0	0	0	0	0	0	0	0	0	0	0	0	0	0	0	0	0	0	0	0	0	0	0	0	0	0	0	0	0	0	0	0	0	0	0	0	0	0	0	0	0	0	0	0	18.415	0	0	0	0	0	0	0	0	0	0	0	0.002	0	0	0	0	0	0	0	0	0.272	0	0	0	0	0	0	0	0	0	0
1998	TAYL	21.267	0	0	0	0	0	0	0	0	0	0	0	0	0	0	0	0	0	0	0	0	0	0	0	0	0	0	0	0	0	0	0	0	0	0	0	0	0	0	0	0	0	0	0	0	0	0	0	0	0	21.256	0	0	0	0	0	0	0	0	0	0	0	0.002	0	0	0	0	0	0	0	0	0.009	0	0	0	0	0	0	0	0	0	0
1999	TAYL	17.479	0	0	0	0	0	0	0	0.003	0	0	0	0	0	0	0	0	0	0	0	0	0	0	0	0	0	0	0	0	0	0	0	0	0	0	0	0	0	0	0	0	0	0	0	0	0	0	0	0	0.003	17.341	0	0	0	0	0.026	0	0.016	0	0	0	0	0.002	0	0	0	0	0	0	0	0	0.088	0	0	0	0	0	0	0	0	0	0
2000	TAYL	13.644	0	0	0	0	0	0	0	0	0	0	0	0	0	0	0	0	0	0	0	0	0	0	0	0	0	0	0	0	0	0	0	0	0	0	0	0	0	0	0	0	0	0	0	0	0	0	0	0	0	13.644	0	0	0	0	0	0	0	0	0	0	0	0	0	0	0	0	0	0	0	0	0	0	0	0	0	0	0	0	0	0	0
2001	TAYL	20.829	0	0	0	0	0	0	0	0	0	0	0	0	0	0	0	0	0	0	0	0	0	0.001	0	0	0	0	0	0	0	0	0	0	0	0	0	0	0	0	0	0	0	0	0	0	0	0	0	0	0	20.828	0	0	0	0	0	0	0	0	0	0	0	0	0	0	0	0	0	0	0	0	0	0	0	0	0	0	0	0	0	0	0
2002	TAYL	15.18	0	0	0	0	0	0	0	0	0	0	0	0	0	0	0	0	0	0	0	0	0	0	0	0	0	0	0	0	0	0	0	0	0	0	0	0	0	0	0	0	0	0	0	0	0	0	0	0	0	15.18	0	0	0	0	0	0	0	0	0	0	0	0	0	0	0	0	0	0	0	0	0	0	0	0	0	0	0	0	0	0	0
2003	TAYL	22.437	0	0	0	0	0	0	0	0	0	0	0	0	0	0	0	0	0	0	0	0	0	0	0	0	0	0	0	0	0	0	0	0	0	0	0	0	0	0	0	0	0	0	0	0	0	0	0	0	0	22.43	0	0	0	0	0	0	0	0	0	0	0	0.007	0	0	0	0	0	0	0	0	0	0	0	0	0	0	0	0	0	0	0
2004	TAYL	7.514	0	0	0	0	0	0	0	0	0	0	0	0	0	0	0	0	0	0	0	0	0	0	0	0	0	0	0	0	0	0	0	0	0	0	0	0	0	0	0	0	0	0	0	0	0	0	0	0	0	7.514	0	0	0	0	0	0	0	0	0	0	0	0	0	0	0	0	0	0	0	0	0	0	0	0	0	0	0	0	0	0	0
2005	TAYL	4.344	0	0	0	0	0	0	0	0	0	0	0	0	0	0	0	0	0	0	0	0	0	0.38	0	0	0	0	0	0	0	0	0	0	0	0	0	0	0	0	0	0	0	0	0	0	0	0	0	0	0	3.247	0	0	0	0	0.011	0	0	0	0	0	0	0.161	0	0	0	0	0	0	0	0	0.545	0	0	0	0	0	0	0	0	0	0
2007	TAYL	15.053	0.1	0	0	0	0	0	3.323	0.066	0	0	0	0	0	0	0	5.902	0	0	0	0	0	0.051	0	0.005	0	0	0	0	0	0	0	0	0	0	0	0	0	0	0	0	0	0	0	0	0	0	0	0	0	3.598	0	0	0	0	0.002	0.083	0	0	0	0	0	0.017	0	0	0	0	0	0	0	0	1.906	0	0	0	0	0	0	0	0	0	0
2008	TAYL	41.162	0	0	0	0	0	0	0	0	0	0	0	0	0	0	0	0	0	0	0	0	0	0	0	0	0	0	0	0	0	0	0	0	0	0	0	0	0	0	0	0	0	0	0	0	0	0	0	0	0	41.162	0	0	0	0	0	0	0	0	0	0	0	0	0	0	0	0	0	0	0	0	0	0	0	0	0	0	0	0	0	0	0
1990	TAYL1	65.541	0	0	0	0	0	0	0	0	0	0	0	0	0	0	0	0	0	0	0	0	0	0	0	0	0	0	0	0	0	0	0	0	0	0	0	0	0	0.061	0	0	0	0	0	0	0	0	0	0	0.361	63.943	0	0	0	0	0	0	0	0	0	0	0	1.176	0	0	0	0	0	0	0	0	0	0	0	0	0	0	0	0	0	0	0
1991	TAYL1	57.684	0	0	0	0	0	0	0	0	0	0	0	0	0	0	0	0	0	0	0	0	0	0	0	0	0	0	0	0	0	0	0	0	0	0	0	0	0	0	0	0	0	0	0	0	0	0	0	0	0.256	56.463	0	0	0	0	0	0	0	0	0	0	0	0.947	0	0	0	0	0	0	0	0	0.018	0	0	0	0	0	0	0	0	0	0
1992	TAYL1	39.981	0	0	0	0	0	0	0	0	0	0	0	0	0	0	0	0	0	0	0	0	0	0	0	0	0	0	0.197	0	0	0	0	0	0	0	0	0	0	0.029	0	0	0	0	0	0	0	0	0	0	0.224	36.72	0	0	0	0	0	0	0	0	0	0	0	0.707	0	0	0	0	0	0	0	0	0	0	0	0	0	0	0	0	0	2.104	0
1993	TAYL1	25.822	0	0	0	0	0	0	0	0	0	0	0	0	0	0	0	0	0	0	0	0	0	0.103	0	0	0	0	0.69	0	0	0	0	0	0	0	0	0	0	0	0	0	0	0	0	0	0	0	0	0	0.19	18.909	0	0	0	4.667	0.031	0	0	0	0	0	0	0.733	0	0	0	0	0	0	0	0	0	0	0	0	0	0.499	0	0	0	0	0
1994	TAYL1	31.104	0	0	0	0	0	0	0	0	0	0	0	0	0	0	0	0	0	0	0	0	0	0	0	0	0	0	0.394	0	0	0	0	0	0	0	0	0	0	0	0	0	0	0	0	0	0	0	0	0	0.171	23.011	0	0	0	7	0	0	0	0	0	0	0	0.528	0	0	0	0	0	0	0	0	0	0	0	0	0	0	0	0	0	0	0
1995	TAYL1	22.888	0	0	0	0	0	0	0	0.013	0	0	0	0	0	0	0	0	0	0	0	0	0	0.289	0	0	0	0	0	0.05	0	0	0	0	0	0	0	0	0	0	0	0	0	0	0	0	0	0	0	0	0.079	19.698	0	0	0	2.333	0.042	0	0	0	0	0	0	0.384	0	0	0	0	0	0	0	0	0	0	0	0	0	0	0	0	0	0	0
1996	TAYL1	37.965	0	0	0	0	0	0	0	0	0	0	0	0	0	0	0	0	0	0	0	0	0	0	0	0	0	0	0	0	0	0	0	0	0	0	0	0	0	0	0	0	0	0	0	0	0	0	0	0	0.037	37.609	0	0	0	0	0	0	0	0	0	0	0	0.319	0	0	0	0	0	0	0	0	0	0	0	0	0	0	0	0	0	0	0
1997	TAYL1	39.417	0	0	0	0	0	0	0	0	0	0	0	0	0	0	0	0	0	0	0	0	0	0	0	0	0	0	0	0	0	0	0	0	0	0	0	0	0	0	0	0	0	0	0	0	0	0	0	0	0	39.408	0	0	0	0	0	0	0	0	0	0	0	0.001	0	0	0	0	0	0	0	0	0	0	0	0	0	0.008	0	0	0	0	0
1998	TAYL1	71.227	0	0	0	0	0	0	0	0	0	0	0	0	0	0	0	0	0	0	0	0	0	0	0	0	0	0	0	0	0	0	0	0	0	0	0	0	0	0	0	0	0	0	0	0	0	0	0	0	0	36.227	0	0	0	34.999	0	0	0	0	0	0	0	0.001	0	0	0	0	0	0	0	0	0	0	0	0	0	0	0	0	0	0	0
1999	TAYL1	9.028	0	0	0	0	0	0	0.002	0.013	0	0	0	0	0	0	0	0	0	0	0	0	0	0.032	0	0	0	0	0	0.003	0	0	0	0	0	0	0	0	0	0	0	0	0	0	0	0	0	0	0	0	0.004	8.895	0	0	0	0	0.006	0	0.019	0	0	0	0	0.001	0	0	0	0	0	0	0	0	0.045	0	0	0	0	0.008	0	0	0	0	0
2000	TAYL1	39.814	0	0	0	0	0	0	0	0	0	0	0	0	0	0	0	0	0	0	0	0	0	0	0	0	0	0	0	0	0	0	0	0	0	0	0	0	0	0	0	0	0	0	0	0	0	0	0	0	0	39.814	0	0	0	0	0	0	0	0	0	0	0	0	0	0	0	0	0	0	0	0	0	0	0	0	0	0	0	0	0	0	0
2001	TAYL1	11.837	0	0	0	0	0	0	0.031	0	0	0	0	0	0	0	0	0	0	0	0	0	0	0.208	0	0	0	0	0	0	0	0	0	0	0	0	0	0	0	0	0	0	0	0	0	0	0	0	0	0	0	11.539	0	0	0	0	0.006	0.008	0	0	0	0	0	0.004	0	0	0	0	0	0	0	0	0.041	0	0	0	0	0	0	0	0	0	0
2002	TAYL1	7.798	0	0	0	0	0	0	0	0	0	0	0	0	0	0	0	0	0	0	0	0	0	0	0	0	0	0	0	0	0	0	0	0	0	0	0	0	0	0	0	0	0	0	0	0	0	0	0	0	0	7.798	0	0	0	0	0	0	0	0	0	0	0	0	0	0	0	0	0	0	0	0	0	0	0	0	0	0	0	0	0	0	0
2003	TAYL1	33.49	0	0	0	0	0	0	0	0	0	0	0	0	0	0	0	0	0	0	0	0	0	0	0	0	0	0	0	0	0	0	0	0	0	0	0	0	0	0	0	0	0	0	0	0	0	0	0	0	0.001	33.419	0	0	0	0	0.004	0	0	0	0	0	0	0.002	0	0	0	0	0	0	0	0	0.064	0	0	0	0	0	0	0	0	0	0
2004	TAYL1	12.569	0	0	0	0	0	0	0	0	0	0	0	0	0	0	0	0	0	0	0	0	0	0	0	0	0	0	0	0	0	0	0	0	0	0	0	0	0	0	0	0	0	0	0	0	0	0	0	0	0	12.569	0	0	0	0	0	0	0	0	0	0	0	0	0	0	0	0	0	0	0	0	0	0	0	0	0	0	0	0	0	0	0
2005	TAYL1	11.989	0	0	0	0	0	0	0	0.013	0.133	0	0	0	0	0	0	0	0	0	0	0	0	1.466	0	0	0	0	0	0	0	0	0	0	0	0	0	0	0	0	0	0	0	0	0	0	0	0	0	0	0.071	8.621	0	0	0	0	0.028	0.366	0	0	0	0	0	0.496	0	0	0	0	0	0	0	0	0.795	0	0	0	0	0	0	0	0	0	0
2007	TAYL1	39.917	0	0	0	0	0	0	10.282	0.133	0	0	0	0	0	0	0	8.6	0	2.174	0	0	0	0.624	0	0.026	0	0	0	0	0	0	0	0	0	0	0	0	0	0	0.082	0	0	0	0	0	0.163	0	0	0	0	14.675	0	0	0	0	0	0.091	0	0	0	0	0	0.004	0	0	0	0	0	0	0	0	3.063	0	0	0	0	0	0	0	0	0	0
2008	TAYL1	26.871	0	0	0	0	0	0	0	0	0	0	0	0	0	0	0	0	0	0	0	0	0	0	0	0	0	0	0	0	0	0	0	0	0	0	0	0	0	0	0	0	0	0	0	0	0	0	0	0	0	26.871	0	0	0	0	0	0	0	0	0	0	0	0	0	0	0	0	0	0	0	0	0	0	0	0	0	0	0	0	0	0	0
1990	TAYL2	6.427	0	0	0	0	0	0	0	0	0	0	0	0	0	0	0	0	0	0	0	0	0	0	0	0	0	0	0	0	0.821	0	0	0	0	0	0	0	0	0	0	0	0	0	0	0	0	0	0	0	1.223	0	0	0	0	0	0	0	0	0	0	0	0	3.178	0	0	0	0	0	0.831	0	0	0.098	0	0	0	0	0	0	0	0	0	0.276
1991	TAYL2	3.931	0	0	0	0	0	0	0	0	0	0	0	0	0	0	0	0	0	0	0	0	0	0	0	0	0	0	0.039	0	0	0	0	0	0	0	0	0	0	0	0	0	0	0	0	0	0	0	0	0	0.124	1.351	0	0	0	0	0	0	0	0	0	0	0	1.968	0	0	0	0	0	0.449	0	0	0	0	0	0	0	0	0	0	0	0	0
1992	TAYL2	2.191	0	0	0	0	0	0	0	0	0	0	0	0	0	0	0	0	0	0	0	0	0	0.001	0	0	0	0	0	0	0	0	0	0	0	0	0	0	0	0	0	0	0	0	0	0	0	0	0	0	0.105	0	0	0	0	0	0	0	0	0	0	0	0	1.479	0	0	0	0	0	0.505	0	0	0.027	0	0.049	0	0	0.025	0	0	0	0	0
1993	TAYL2	2.912	0	0	0	0	0	0	0	0	0	0	0	0	0	0	0	0	0	0	0	0	0	0.108	0	0	0	0	0	0	0	0	0	0	0	0	0	0	0	0	0	0	0	0	0	0	0	0	0	0	0.075	0	0	0	0	0	0.002	0	0	0	0	0	0	1.388	0	0	0	0	0	0.876	0	0	0.159	0	0	0	0	0.304	0	0	0	0	0
1994	TAYL2	6.708	0	0	0	0	0	0	0	0	0	0	0	0	0	0	0	0	0	0	0	0	0	0	0	0	0	0	0	0	0	0	0	0	0	0	0	0	0	0	0	0	0	0	0	0	0	0	0	0	0.066	4.727	0	0	0	0	0	0	0	0	0	0	0	1.875	0	0	0	0	0	0.04	0	0	0	0	0	0	0	0	0	0	0	0	0
1995	TAYL2	3.154	0	0	0	0	0	0	0	0	0	0	0	0	0	0	0	0	0	0	0	0	0	0.535	0	0	0	0	0	0.01	0	0	0	0	0	0	0	0	0	0	0	0	0	0	0	0	0	0	0	0	0.043	1.042	0	0	0	0	0.03	0	0.002	0	0	0	0	0.729	0	0	0	0	0	0.021	0	0	0.726	0	0.016	0	0	0	0	0	0	0	0
1996	TAYL2	0.998	0	0	0	0	0	0	0	0	0	0	0	0	0	0	0	0	0	0	0	0	0	0	0	0	0	0	0	0	0	0	0	0	0	0	0	0	0	0	0	0	0	0	0	0	0	0	0	0	0.016	0.154	0	0	0	0	0	0	0	0	0	0	0	0.761	0	0	0	0	0	0.067	0	0	0	0	0	0	0	0	0	0	0	0	0
1997	TAYL2	2.34	0	0	0	0	0	0	0	0.016	0	0	0	0	0	0	0	0	0	0	0	0	0	0	0	0	0	0	0	0	0.158	0	0	0	0	0	0	0	0	0	0	0	0	0	0	0	0	0	0	0	0	1.382	0	0	0	0	0	0	0	0	0	0	0	0.001	0	0	0	0	0	0	0	0	0.767	0	0	0	0	0.016	0	0	0	0	0
1998	TAYL2	2.626	0	0	0	0	0	0	0	0	0	0	0	0	0	0	0	0	0	0	0	0	0	0.002	0	0	0	0	0	0	0	0	0	0	0	0	0	0	0	0	0	0	0	0	0	0	0	0	0	0	0	2.61	0	0	0	0	0	0	0	0	0	0	0	0.001	0	0	0	0	0	0	0	0	0.013	0	0	0	0	0	0	0	0	0	0
1999	TAYL2	2.144	0	0	0	0	0	0	0	0	0	0	0	0	0	0	0	0	0	0	0	0	0	0.066	0	0.011	0	0.004	0	0	0	0	0	0	0	0	0	0	0	0.098	0	0	0	0	0	0	0	0	0	0	0	1.755	0	0	0	0	0	0	0.017	0	0	0	0	0.002	0	0	0	0	0	0	0	0	0.191	0	0	0	0	0	0	0	0	0	0
2000	TAYL2	0.171	0	0	0	0	0	0	0	0	0	0	0	0	0	0	0	0	0	0	0	0	0	0	0	0	0	0	0	0	0	0	0	0	0	0	0	0	0	0.171	0	0	0	0	0	0	0	0	0	0	0	0	0	0	0	0	0	0	0	0	0	0	0	0	0	0	0	0	0	0	0	0	0	0	0	0	0	0	0	0	0	0	0
2001	TAYL2	4.831	0	0	0	0	0	0	0	0	0	0	0	0	0	0	0	0	0	0	0	0	0	0.105	0	0	0	0	0	0	0	0	0	0	0	0	0	0	0	0	0	0	0	0	0	0	0	0	0	0	0	4.541	0	0	0	0	0.002	0	0	0	0	0	0	0	0	0	0	0	0	0	0	0	0.183	0	0	0	0	0	0	0	0	0	0
2002	TAYL2	15.684	0	0	0	0	0	0	0	0	0	0	0	0	0	0	0	0	0	0	0	0	0	0	0	0	0	0	0	0	0	0	0	0	0	0	0	0	0	0	0	0	0	0	0	0	0	0	0	0	0	15.684	0	0	0	0	0	0	0	0	0	0	0	0	0	0	0	0	0	0	0	0	0	0	0	0	0	0	0	0	0	0	0
2003	TAYL2	44.334	0	0	0	0	0	0	0	0	0	0	0	0	0	0	0	0	0	0	0	0	0	0.003	0	0	0	0	0	0	0	0	0	0	0	0	0	0	0	0	0	0	0	0	0	0	0	0	0	0	0	40.252	0	0	0	0	0.007	0	0	0	0	0	0	0.001	0	0	0	0	0	0	0	0	4.071	0	0	0	0	0	0	0	0	0	0
2004	TAYL2	25.182	0	0	0	0	0	0	0	0	0	0	0	0	0	0	0	0	0	0	0	0	0	0	0	0	0	0	0	0	0	0	0	0	0	0	0	0	0	0	0	0	0	0	0	0	0	0	0	0	0	25.182	0	0	0	0	0	0	0	0	0	0	0	0	0	0	0	0	0	0	0	0	0	0	0	0	0	0	0	0	0	0	0
2005	TAYL2	64.848	0	0	0	0	0	0	0	0	0	0	0	0	0	0	0	0	0	0	0	0	0	8.069	0	0	0	0	0	0	0.158	0	0	0	0	0	0	0	0	0	0	0	0	0	0	0	0	0	0	0	0.037	44.245	0	0	0	0	0.097	0.108	0	0	0	0	0	0.347	0	0	0	0	0	0.001	8.896	0	0.954	0	0	0	0	0.09	0	0.146	0	0	1.7
2006	TAYL2	37.583	0	0	0	0	0	0	0	0	0	0	0	0	0	0	0	0	0	0	0	0	0	0	0	0	0	0	0	0	0	0	0	0	0	0	0	0	0	0.073	0	0	0	0	0	0	0	0	0	0	0	37.51	0	0	0	0	0	0	0	0	0	0	0	0	0	0	0	0	0	0	0	0	0	0	0	0	0	0	0	0	0	0	0
2007	TAYL2	89.282	0.148	0	0	0	0	0	0	0.013	0.53	0	0	0	0	0	0	4.559	0	0	0	0	0	0.109	0	0.005	0	0	0	0.019	1.421	0	0	0	0	0	0	0	0	0	0.128	0	0	0.01	0	0	0	0	0	0	0	80.285	0	0	0	0	0.008	0	0	0	0	0	0	0.033	0	0	0	0	0	0	0	0	0.568	0	0	0	0	0	0	0	0	0	1.446
2008	TAYL2	203.74	0	0	0	0	0	0	0	0	0	0	0	0	0	0	0	0	0	0	0	0	0	0	0	0	0	0	0	0	0	0	0	0	0	0	0	0	0	0	0	0	0	0	0	0	0	0	0	0	0	203.74	0	0	0	0	0	0	0	0	0	0	0	0	0	0	0	0	0	0	0	0	0	0	0	0	0	0	0	0	0	0	0
1990	TAYL3	15.367	0	0	0	0	0	0	0	0	0	0	0	0	0	0	0	0	0	0	0	0	0	0	0	0	0	0	0	0	0	0	0	0	0	0	0	0	0	1.114	0	0	0	0	0	0	0	0	0	0	0	11.758	0	0	0	0	0	0	0	0	0	0	0	2.386	0	0	0	0	0	0	0	0	0.109	0	0	0	0	0	0	0	0	0	0
1991	TAYL3	21.355	0	0	0	0	0.071	0	0	0	0	0	0	0	0	0	0	0	0	0	0	0	0	0	0	0	0	0	0	0	0	0	0	0	0	0	0	0	0	1.417	0	0	0	0	0	0	0	0	0	0	0	17.121	0	0	0	0	0	0	0	0	0	0	0	2.673	0	0	0	0	0	0	0	0	0.073	0	0	0	0	0	0	0	0	0	0
1992	TAYL3	17.009	0	0	0	0	0.088	0	0	0	0	0	0	0	0	0	0	0	0	0	0	0	0	0	0	0	0	0	0.246	0	0	0	0	0	0	0	0	0	0	0.406	0	0	0	0	0	0	0	0	0	0	0.032	14.543	0	0	0	0	0	0	0	0	0	0	0	1.077	0	0	0	0	0	0	0	0	0.617	0	0	0	0	0	0	0	0	0	0
1993	TAYL3	14.06	0	0	0	0	0.37	0	0	0	0	0	0	0	0	0	0	0	0	0	0	0	0	0.037	0	0	0	0	0	0	0	0	0	0	0	0	0	0	0	0.41	0	0	0	0	0	0	0	0	0	0	0	11.011	0	0	0	0	0	0	0	0	0	0	0	1.147	0	0	0	0	0	0	0	0	0.176	0	0	0	0	0.909	0	0	0	0	0
1994	TAYL3	31.021	0	0	0	0	0.265	0	0	0	0	0	0	0	0	0	0	0	0	0	0	0	0	0	0	0	0	0	0.03	0	0	0	0	0	0	0	0	0	0	0	0	0	0	0	0	0	0	0	0	0	0.01	29.142	0	0	0	0	0	0	0	0	0	0	0	1.574	0	0	0	0	0	0	0	0	0	0	0	0	0	0	0	0	0	0	0
1995	TAYL3	38.548	0	0	0.424	0	0	0	0	0	0	0	0	0	0	0	0	0	0	0	0	0	0	0.284	0	0	0	0	0	0.007	0	0	0	0	0	0	0	0	0	0.471	0	0	0	0	0	0	0	0	0	0	0.023	36.227	0	0	0	0	0.003	0	0	0	0	0	0	0.873	0	0	0	0	0	0	0	0	0.236	0	0	0	0	0	0	0	0	0	0
1996	TAYL3	57.894	0	0	0.988	0	0	0	0	0	0	0	0	0	0	0	0	0	0	0	0	0	0	0	0	0	0	0	0	0	0	0	0	0	0	0	0	0	0	0.01	0	0	0	0	0	0	0	0	0	0	0.065	55.388	0	0	0	0	0	0	0	0	0	0	0	1.443	0	0	0	0	0	0	0	0	0	0	0	0	0	0	0	0	0	0	0
1997	TAYL3	91.722	0	0	0	0.071	0	0	0	0.08	0	0	0	0	0	0	0	0	0	0	0	0	0	0.006	0	0	0	0	0	0	0	0	0	0	0	0	0	0	0	0	0	0	0	0	0	0	0	0	0	0	0	91.484	0	0	0	0	0	0	0	0	0	0	0	0.001	0	0	0	0	0	0	0	0	0.072	0	0	0	0	0.008	0	0	0	0	0
1998	TAYL3	110.264	0	0	0.477	0	0	0	0	0	0	0	0	0	0	0	0	0	0	0	0	0	0	0	0	0	0	0	0	0	0	0	0	0	0	0	0	0	0	0.318	0	0	0	0	0	0	0	0	0	0	0	109.459	0	0	0	0	0	0	0	0	0	0	0	0.002	0	0	0	0	0	0	0	0	0	0	0	0	0	0.008	0	0	0	0	0
1999	TAYL3	69.198	0	0	0	0	0	0	0	0	0	0	0	0	0	0	0	0	0	0	0	0.039	0	0.004	0	0	0	0	0	0.01	0	0	0	0	0	0	0	0.001	0	0	0	0	0	0	0	0	0	0	0	0	0.002	68.837	0	0	0	0	0	0	0.169	0	0	0	0	0.005	0	0	0	0	0	0	0	0	0.131	0	0	0	0	0	0	0	0	0	0
2000	TAYL3	124.848	0	0	0	0	0	0	0	0	0	0	0	0	0	0	0	0	0	0	0	0	0	0	0	0	0	0	0	0	0	0	0	0	0	0	0	0	0	0	0	0	0	0	0	0	0	0	0	0	0	124.848	0	0	0	0	0	0	0	0	0	0	0	0	0	0	0	0	0	0	0	0	0	0	0	0	0	0	0	0	0	0	0
2001	TAYL3	41.512	0	0	0	0	0	0	0	0	0	0.003	0	0	0	0	0	0	0	0	0	0	0	0.004	0	0	0	0	0	0.002	0	0	0	0	0	0	0	0	0	0	0	0	0	0	0	0	0	0	0	0	0	41.503	0	0	0	0	0	0	0	0	0	0	0	0	0	0	0	0	0	0	0	0	0	0	0	0	0	0	0	0	0	0	0
2002	TAYL3	96.58	0	0	0.006	0	0	0	0	0	0	0	0	0	0	0	0	0	0	0	0	0	0	0	0	0	0	0	0	0	0	0	0	0	0	0	0	0	0	0	0	0	0	0	0	0	0	0	0	0	0	96.573	0	0	0	0	0	0	0	0	0	0	0	0.001	0	0	0	0	0	0	0	0	0	0	0	0	0	0	0	0	0	0	0
2003	TAYL3	134.799	0	0	0.014	0	0	0	0	0	0	0	0	0	0	0	0	0	0	0	0	0	0	0	0	0	0	0	0	0	0	0	0	0	0	0	0	0	0	0	0	0	0	0	0	0	0	0	0	0	0	134.762	0	0	0	0	0	0	0	0	0	0	0	0.009	0	0	0	0	0	0	0	0	0.014	0	0	0	0	0	0	0	0	0	0
2004	TAYL3	80.835	0	0	0	0	0	0	0	0	0	0	0	0	0	0	0	0	0	0	0	0	0	0	0	0	0	0	0	0	0	0	0	0	0	0	0	0	0	0	0	0	0	0	0	0	0	0	0	0	0	80.835	0	0	0	0	0	0	0	0	0	0	0	0	0	0	0	0	0	0	0	0	0	0	0	0	0	0	0	0	0	0	0
2005	TAYL3	126.956	0	0	0	0.529	0	0	0	0	0	0	0	0	0	0	0	0	0	0	0	0	0	4.212	0	0	0	0	0	0	0	0	0	0	0	0	0	0	0	0	0	0	0	0	0	0	0	0	0	0	1.633	105.106	0	0	0	0	0	0	0	0	0	0	0	0.704	0	0	0	0	0	0	0	0	14.565	0	0	0	0	0	0	0	0	0	0.207
2006	TAYL3	34.241	0	0	0	0	0	0	0	0	0	0	0	0	0	0	0	0	0	0	0	0	0	0	0	0	0	0	0	0	0	0	0	0	0	0	0	0	0	0	0	0	0	0	0	0	0	0	0	0	0	34.241	0	0	0	0	0	0	0	0	0	0	0	0	0	0	0	0	0	0	0	0	0	0	0	0	0	0	0	0	0	0	0
2007	TAYL3	140.381	0.213	0	0	0	0	0	0	0.013	0	0	0	0	0	0	0	7.66	0	0	0	0	0	0.703	0	0	0	0	0	0	0	0	0	0	0	0	0	0	0	0	0	0	0	0	0	0	0	0	0	0	0	98.12	0	0	0	0	0	0.091	0	0	0	0	0	0.077	0	0	0	0	0	0	0	0	27.241	0	0.848	0	0	0	0	0	0	0	5.415
2008	TAYL3	59.161	0	0	0	0	0	0	0	0	0	0	0	0	0	0	0	0	0	0	0	0	0	0	0	0	0	0	0	0	0	0	0	0	0	0	0	0	0	0	0	0	0	0	0	0	0	0	0	0	0	59.161	0	0	0	0	0	0	0	0	0	0	0	0	0	0	0	0	0	0	0	0	0	0	0	0	0	0	0	0	0	0	0
1990	TAYL4	46.271	0	0	0	0	3.664	0	0	0	0	0	0	0	0	0	0	0	0	0	0	0	0	0	0	0	0	0	0	0	0	0	0	0	0	0	0	0	0	0	0	0	0	0	0	0	0	0	0	0	1.801	38.432	0	0	0	0	0	0	0	0	0	0	0	2.168	0	0	0	0	0	0	0	0	0.001	0	0	0	0	0	0.006	0	0	0	0.199
1991	TAYL4	53.121	0	0	0	0	9.972	0	0	0	0.003	0	0	0	0	0	0	0	0	0	0	0	0	0.004	0	0	0	0	0	0	0	0	0	0	0.054	0	0	0	0	0	0	0	0	0	0	0	0	0	0	0	0.261	41.415	0	0	0	0	0	0	0	0	0	0	0	1.412	0	0	0	0	0	0	0	0	0	0	0	0	0	0	0	0	0	0	0
1992	TAYL4	63.941	0	0	0	0	8.288	0	1.662	0	0	0	0	0	0	0	0	0	0	0	0	0	0	0	0	0	0	0	0	0	0	0	0	0	0	0	0	0	0	0	0	0	0	0	0	0	0	0	0	0	0.288	52.47	0	0	0	0	0	0	0	0	0	0	0	0.756	0	0	0	0	0	0	0	0	0.477	0	0	0	0	0	0	0	0	0	0
1993	TAYL4	50.999	0	0	0	0	14.048	0	0	0	0	0	0	0	0	0	0	0	0	0	0	0	0	0.216	0	0	0	0	0	0	0	0	0	0	0	0	0	0	0.56	0	0	0	0	0	0	0	0	0	0	0	0.323	34.626	0	0	0	0	0.022	0	0	0	0	0	0	0.942	0	0	0	0	0	0	0	0	0	0	0	0	0	0.262	0	0	0	0	0
1994	TAYL4	100.094	0	0	0	0	43.734	0	0	0	0	0	0	0	0	0	0	0	0	0	0	0	0	0	0	0	0	0	0.006	0	0	0	0	0	0	0	0	0	0	0	0	0	0	0	0	0	0	0.027	0	0	0.624	54.214	0	0	0	0	0	0	0	0	0	0	0	1.489	0	0	0	0	0	0	0	0	0	0	0	0	0	0	0	0	0	0	0
1995	TAYL4	72.712	0	0	0	0	14.754	0	0	0.003	0	0	0	0	0	0	0	0	0	0	0	0.008	0	0.609	0	0	0	0	0	0	0	0	0	0	0.081	0	0.004	0	0	0	0	0	0	0	0	0	0	0	0	0	0.111	55.673	0	0	0	0	0.009	0	0	0	0	0	0	1.436	0	0	0	0	0	0	0	0	0	0	0.024	0	0	0	0	0	0	0	0
1996	TAYL4	78.975	0	0	1.055	0	4.518	0	0	0	0	0	0	0	0	0	0	0	0	0	0	0	0	0	0	0	0	0	0	0	0	0	0	0	0	0	0	0	0	0	0	0	0	0	0	0	0	0	0	0	0.254	71.138	0	0	0	0	0	0	0	0	0	0	0	2.01	0	0	0	0	0	0	0	0	0	0	0	0	0	0	0	0	0	0	0
1997	TAYL4	67.598	0	0	0	0	0.484	0	0.052	0.133	0	0	0	0	0	0	0	0.002	0	0	0	0	0	0.014	0	0	0	0	0	0	0	0	0	0	0	0	0	0	0	0	0	0	0	0	0	0	0	0	0	0	0	66.883	0	0	0	0	0.002	0.01	0	0	0	0	0	0.003	0	0	0	0	0	0	0	0	0	0	0	0	0	0	0	0	0	0	0.015
1998	TAYL4	89.61	0	0	0.247	0	5.203	0	3.687	0	0	0	0	0	0	0	0	0	0	0	0	0	0	0.003	0	0	0	0	0	0	0	0	0	0	0	0	0	0	0	0	0	0	0	0	0	0	0	0	0	0	0	80.351	0	0	0	0	0	0	0	0	0	0	0	0.001	0	0	0	0	0	0	0	0	0.004	0	0	0	0	0.114	0	0	0	0	0
1999	TAYL4	24.237	0	0	1.845	0	0	0	0	0	0	0	0	0	0	0	0	0	0	0	0	0	0	0.042	0	0	0	0	0	0	0	0	0	0	0	0	0	0	0	0	0	0	0	0	0	0	0	0	0	0	0.007	22.243	0	0	0	0	0	0	0.008	0	0	0	0	0.001	0	0	0	0	0	0	0	0	0.068	0	0.023	0	0	0	0	0	0	0	0
2000	TAYL4	42.688	0	0	0	0	0	0	0	0	0	0	0	0	0	0	0	0	0	0	0	0	0	0	0	0	0	0	0	0	0	0	0	0	0	0	0	0	0	0	0	0	0	0	0	0	0	0	0	0	0	42.688	0	0	0	0	0	0	0	0	0	0	0	0	0	0	0	0	0	0	0	0	0	0	0	0	0	0	0	0	0	0	0
2001	TAYL4	73.653	0	0	0.053	0	0	0	0	0	0	0	0	0	0	0	0	0	0	0	0	0	0	0.053	0	0	0	0	0	0	0	0	0	0	0	0	0	0	0	0	0	0	0	0	0	0	0	0	0	0	0	73.529	0	0	0	0	0	0	0	0	0	0	0	0	0	0	0	0	0	0	0	0	0.018	0	0	0	0	0	0	0	0	0	0
2002	TAYL4	92.518	0	0	0.124	0	0	0	0	0	0	0	0	0	0	0	0	0	0	0	0	0	0	0	0	0	0	0	0	0	0	0	0	0	0	0	0	0	0	0	0	0	0	0	0	0	0	0	0	0	0	92.394	0	0	0	0	0	0	0	0	0	0	0	0	0	0	0	0	0	0	0	0	0	0	0	0	0	0	0	0	0	0	0
2003	TAYL4	69.075	0	0	1.684	0	0	0	0	0	0	0	0	0	0	0	0	0	0	0	0	0	0	0	0	0	0	0	0	0	0	0	0	0	0	0	0	0	0	0	0	0	0	0	0	0	0	0	0	0	0	67.387	0	0	0	0	0	0	0	0	0	0	0	0.003	0	0	0	0	0	0	0	0	0.001	0	0	0	0	0	0	0	0	0	0
2004	TAYL4	39.747	0	0	0	0	0	0	0	0	0	0	0	0	0	0	0	0	0	0	0	0	0	0	0	0	0	0	0	0	0	0	0	0	0	0	0	0	0	0	0	0	0	0	0	0	0	0	0	0	0	39.747	0	0	0	0	0	0	0	0	0	0	0	0	0	0	0	0	0	0	0	0	0	0	0	0	0	0	0	0	0	0	0
2005	TAYL4	40.791	0	0	0	0	0	0	0	0	0	0	0	0	0	0	0	0	0	0	0	0	0	2.441	0	0	0	0	0	0	0	0	0	0	0	0	0	0	0	0	0	0	0	0	0	0	0	0	0	0	1.558	27.77	0	0	0	0	0	0.008	0	0	0	0.203	0	1.104	0	0	0	0	0	0	0	0	0.817	0	0	0	0	0	0	0	0	0	6.89
2006	TAYL4	15.815	0	0	0	0	0	0	0	0	0	0	0	0	0	0	0	0	0	0	0	0	0	0	0	0	0	0	0	0	0	0	0	0	0	0	0	0	0	0	0	0	0	0	0	0	0	0	0	0	0	15.815	0	0	0	0	0	0	0	0	0	0	0	0	0	0	0	0	0	0	0	0	0	0	0	0	0	0	0	0	0	0	0
2007	TAYL4	43.474	0.57	0	0	0	0	0	4.778	0.08	0	0	0	0	0	0	0	12.089	0	0	0.032	0	0	0.438	0	0	0	0	0	0.052	0	0	0	0	0	0	0	0	0	0	0	0	0	0	0	0	0	0	0	0	0	15.651	0	0	0	0	0	0.05	0	0	0	0	0	0.057	0	0	0	0	0	0	0	0	0	0	0	0	0	0.008	0	0	0	0	9.669
2008	TAYL4	4.278	0	0	0	0	0	0	0	0	0	0	0	0	0	0	0	0	0	0	0	0	0	0	0	0	0	0	0	0	0	0	0	0	0	0	0	0	0	0	0	0	0	0	0	0	0	0	0	0	0	4.278	0	0	0	0	0	0	0	0	0	0	0	0	0	0	0	0	0	0	0	0	0	0	0	0	0	0	0	0	0	0	0
1990	WEST	9.414	0	0	0	0	0	0	0	0	0	0	0	0	0	0	0	0	0	0	0	0	0	0	0	0	0	0	0	0	0	0	0	0	0	7.505	0	0	0	0	0	0	0	0	0	0	0	0	0	0	0	0	0	0	0	0	0	0	0	0	0	0	0	1.909	0	0	0	0	0	0	0	0	0	0	0	0	0	0	0	0	0	0	0
1991	WEST	1.467	0	0	0	0	0	0	0	0	0	0	0	0	0	0	0	0	0	0	0	0	0	0	0	0	0	0	0	0	0	0	0	0	0	0.061	0	0	0	0	0	0	0	0	0	0	0	0	0	0	0	0	0	0	0	0	0	0	0	0	0	0	0	1.406	0	0	0	0	0	0	0	0	0	0	0	0	0	0	0	0	0	0	0
1992	WEST	7.384	0	0	0	0	0	0	0.083	0	0	0	0	0	0	0	0	0	0	0	0	0	0	0.014	0	0	0	0	0	0	0	0	0	0	0	5.407	0	0	0	0	0	0.019	0	0	0	0	0	0	0	0	0	0	0	0	0	0	0	0	0	0	0	0	0	1.233	0	0	0	0	0.004	0	0	0	0.033	0	0	0	0	0	0	0	0	0	0.591
1993	WEST	12.999	0	0	0	0	0	0	0	0	0	0	0	0	0	0	0	0	0	0	0	0	0	0.34	0	0	0	0	0	0	0	0	0	0	0	11.216	0	0	0	0	0	0	0	0	0	0	0	0	0	0	0	0	0	0	0	0	0.003	0	0	0	0	0	0	1.295	0	0	0	0	0	0	0	0	0.028	0	0.003	0	0	0.114	0	0	0	0	0
1994	WEST	23.222	0	0	0	0	0	0	0	0	0	0	0	0	0	0	0	0	0	0	0	0	0	0	0	0	0	0	0	0	0	0	0	0	0	21.982	0	0	0	0	0	0	0	0	0	0	0	0	0	0	0	0	0	0	0	0	0	0	0	0	0	0	0	1.24	0	0	0	0	0	0	0	0	0	0	0	0	0	0	0	0	0	0	0
1995	WEST	5.35	0	0	0	0	0	0	0	0.014	0	0	0	0	0	0	0	0	0	0	0	0	0	0.718	0	0.014	0	0	0	0	0	0	0	0	0	0	0	0	0	0	0	0.181	0	0	0	0	0	0	0	0	0	0	0	0	0	0	0.01	0	0.083	3.751	0	0	0	0.579	0	0	0	0	0	0	0	0	0	0	0	0	0	0	0	0	0	0	0
1996	WEST	4.533	0	0	0	0	0	0	0	0	0	0	0	0	0	0	0	0	0	0	0	0	0	0	0	0	0	0	0	0	0	0	0	0	0	0	0	0	0	0	0	0	0	0	0	0	0	0	0	0	0	0	0	0	0	0	0	0	0	4.136	0	0	0	0.397	0	0	0	0	0	0	0	0	0	0	0	0	0	0	0	0	0	0	0
1997	WEST	0.048	0	0	0	0	0	0	0	0.04	0	0	0	0	0	0	0	0	0	0	0	0	0	0	0	0	0	0	0	0	0	0	0	0	0	0	0	0	0	0	0	0	0	0	0	0	0	0	0	0	0	0	0	0	0	0	0	0	0	0	0	0	0	0	0	0	0	0	0	0	0	0	0	0	0	0	0	0.008	0	0	0	0	0
1998	WEST	0.01	0	0	0	0	0	0	0	0	0	0	0	0	0	0	0	0	0	0	0	0	0	0.001	0	0	0	0	0	0	0	0	0	0	0	0	0	0	0	0	0	0	0	0	0	0	0	0	0	0	0	0	0	0	0	0	0	0	0	0.007	0	0	0	0.002	0	0	0	0	0	0	0	0	0	0	0	0	0	0	0	0	0	0	0
1999	WEST	0.152	0	0	0	0	0	0	0.002	0.027	0	0	0	0	0	0	0	0	0	0	0	0	0	0.016	0	0	0	0	0	0	0	0	0	0	0	0	0	0.019	0	0	0	0	0	0	0	0	0	0	0	0	0	0	0	0	0	0	0.034	0	0.048	0	0	0	0	0	0	0	0	0	0	0	0	0	0	0	0	0	0	0	0	0	0	0	0.006
2000	WEST	0	0	0	0	0	0	0	0	0	0	0	0	0	0	0	0	0	0	0	0	0	0	0	0	0	0	0	0	0	0	0	0	0	0	0	0	0	0	0	0	0	0	0	0	0	0	0	0	0	0	0	0	0	0	0	0	0	0	0	0	0	0	0	0	0	0	0	0	0	0	0	0	0	0	0	0	0	0	0	0	0	0
2001	WEST	0.034	0	0	0	0	0	0	0	0	0	0	0	0	0	0	0	0	0	0	0	0	0	0.002	0	0.006	0	0	0	0	0	0	0	0	0	0	0	0.001	0	0	0	0	0	0	0	0	0	0	0	0	0	0	0	0	0	0	0	0	0	0	0	0	0	0	0	0	0	0	0	0	0	0	0	0	0	0	0	0.025	0	0	0	0	0
2002	WEST	0.054	0	0	0	0	0	0	0	0	0	0	0	0	0	0	0	0	0	0	0	0	0	0	0	0	0	0	0	0	0	0	0	0	0	0	0	0	0	0	0	0	0	0	0	0	0	0	0	0	0	0.054	0	0	0	0	0	0	0	0	0	0	0	0	0	0	0	0	0	0	0	0	0	0	0	0	0	0	0	0	0	0	0
2003	WEST	0.133	0	0	0	0	0	0	0	0	0	0	0	0	0	0	0	0	0	0	0	0	0	0.009	0	0	0	0	0	0	0	0	0	0	0	0	0	0	0	0	0	0	0	0	0	0	0	0	0	0	0	0	0	0	0	0	0	0	0	0	0	0	0	0.002	0	0	0	0	0	0	0	0	0.001	0	0	0	0	0	0	0	0	0	0.121
2005	WEST	4.768	0	0	0	0	0	0	0	0.464	0	0	0	0	0	0	0.4	0	0	0	0	0	0	3.567	0	0	0	0	0	0	0	0	0	0.005	0	0	0	0	0	0	0	0	0	0	0	0	0	0	0	0	0	0	0	0	0	0	0	0.016	0	0	0	0	0	0.184	0	0	0	0	0	0	0	0	0.091	0	0	0	0	0.041	0	0	0	0	0
2007	WEST	25.818	9.042	0	0	0	0	0.464	0	0.04	0	0	0	0	0	0	0	5.498	0	0	0.001	0	0	0.206	0	0.001	0.01	0	0	0	0	0	0	0	0	0	0	0.001	0	0	0	1.696	0.867	0	0	0	0.977	0	0	0	0	0	0	0	0	0	0	2.281	0	0	0	0	0.35	0.027	0	0	0	0	0	0	0	0	0.23	0	0	0	0	0.016	0	0	0	0	4.111
1990	WEST1	31.794	0	0	0	0	0	0	0	0	0	0	0	0	0	0	0	0	0	0	0	0	0	0	0	0	0	0	0	0	0	0	0	0	0	29.711	0	0	0	0	0	0	0	0	0	0	0	0	0	0	0	0	0	0	0	0	0	0	0	0	0	0	0	2.083	0	0	0	0	0	0	0	0	0	0	0	0	0	0	0	0	0	0	0
1991	WEST1	1.75	0	0	0	0	0	0	0	0	0	0	0	0	0	0	0	0	0	0	0	0	0	0	0	0	0	0	0	0	0	0	0	0	0	0.19	0	0	0	0	0	0	0	0	0	0	0	0	0	0	0	0	0	0	0	0	0	0	0	0	0	0	0	1.496	0	0	0	0	0	0	0	0	0.064	0	0	0	0	0	0	0	0	0	0
1992	WEST1	28.556	0.119	0	0	0	0	0	0	0	0.024	0	0	0	0	0	0	0	0	0	0	0	0	0.074	0	0	0	0	0	0	0	0	0	0	0	26.323	0	0	0	0	0	0	0	0	0	0	0	0	0	0	0.021	0	0	0	0	0	0.012	0	0	0	0	0	0	1.19	0	0	0	0	0.001	0	0	0	0.083	0	0	0	0	0	0	0	0	0	0.709
1993	WEST1	22.333	0	0	0	0	0	0	0	0	0	0	0	0	0	0	0	0	0	0	0	0	0	0.755	0	0.01	0	0	0	0	0	0	0	0	0.003	19.332	0	0	0	0	0	0	0	0	0	0	0	0	0	0	0.108	0	0	0	0	0	0.044	0	0.033	0	0	0	0	1.372	0	0	0	0	0	0	0	0	0.078	0	0	0	0	0.598	0	0	0	0	0
1994	WEST1	59.392	0	0	0	0	0	0	0	0	0	0	0	0	0	0	0	0	0	0	0	0	0	0	0	0	0	0	0	0	0	0	0	0	0	57.975	0	0	0	0	0	0	0	0	0	0	0	0	0	0	0.059	0	0	0	0	0	0	0	0	0	0	0	0	1.358	0	0	0	0	0	0	0	0	0	0	0	0	0	0	0	0	0	0	0
1995	WEST1	25.097	0	0	0	0	0	0	0	0.053	0	0.032	0	0	0	0	0	0	0	0	0	0	0	2.277	0	0.001	0	0	0	0	0	0	0	0	0	0	0	0	0	0	0	0.047	0	0	0	0	0	0	0	0	0	0	0	0	0	0	0.075	0	0	22.388	0	0	0	0.224	0	0	0	0	0	0	0	0	0	0	0	0	0	0	0	0	0	0	0
1996	WEST1	14.357	0	0	0	0	0	0	0	0	0	0	0	0	0	0	0	0	0	0	0	0	0	0	0	0	0	0	0	0	0	0	0	0	0	0	0	0	0	0	0	0	0	0	0	0	0	0	0	0	0.026	0	0	0	0	0	0	0	0	14.018	0	0	0	0.313	0	0	0	0	0	0	0	0	0	0	0	0	0	0	0	0	0	0	0
1997	WEST1	0	0	0	0	0	0	0	0	0	0	0	0	0	0	0	0	0	0	0	0	0	0	0	0	0	0	0	0	0	0	0	0	0	0	0	0	0	0	0	0	0	0	0	0	0	0	0	0	0	0	0	0	0	0	0	0	0	0	0	0	0	0	0	0	0	0	0	0	0	0	0	0	0	0	0	0	0	0	0	0	0	0
1998	WEST1	0.316	0	0	0	0	0	0	0	0	0	0	0	0	0	0	0	0	0	0	0	0	0	0	0	0	0	0	0	0	0	0	0	0	0	0	0	0	0	0	0	0	0	0	0	0	0	0	0	0	0	0	0	0	0	0	0	0	0	0.316	0	0	0	0	0	0	0	0	0	0	0	0	0	0	0	0	0	0	0	0	0	0	0
1999	WEST1	0.389	0	0	0	0	0	0	0	0.003	0	0	0	0	0	0	0	0	0	0	0	0	0	0.156	0	0	0	0	0	0	0	0	0	0	0	0	0	0.004	0	0	0	0.038	0	0	0	0	0	0	0	0	0.001	0	0	0	0	0	0.149	0	0	0.03	0	0	0	0	0	0	0	0	0	0	0	0	0	0	0	0	0	0.008	0	0	0	0	0
2000	WEST1	0	0	0	0	0	0	0	0	0	0	0	0	0	0	0	0	0	0	0	0	0	0	0	0	0	0	0	0	0	0	0	0	0	0	0	0	0	0	0	0	0	0	0	0	0	0	0	0	0	0	0	0	0	0	0	0	0	0	0	0	0	0	0	0	0	0	0	0	0	0	0	0	0	0	0	0	0	0	0	0	0	0
2001	WEST1	0.473	0	0	0	0	0	0	0.027	0	0	0.009	0	0	0	0	0	0	0	0	0	0	0	0.423	0	0	0	0	0	0	0	0	0	0	0	0	0	0	0	0	0	0.009	0	0	0	0	0	0	0	0	0	0	0	0	0	0	0.005	0	0	0	0	0	0	0	0	0	0	0	0	0	0	0	0	0	0	0	0	0	0	0	0	0	0
2003	WEST1	0.163	0	0	0	0	0	0	0	0	0	0	0	0	0	0	0	0	0	0	0	0	0	0.074	0	0	0	0	0	0	0	0	0	0	0	0	0	0.002	0	0	0	0	0	0	0	0	0	0	0	0	0	0	0	0	0	0	0.061	0	0	0	0	0	0	0.005	0	0	0	0	0	0	0.012	0	0.009	0	0	0	0	0	0	0	0	0	0
2005	WEST1	14.876	0	0	0	0	0	0	0	1.292	0	0	0	0	0.467	0	0	0	0	0	0	0	0	7.658	0	0	0	0	0	0	0	0	0	0	0	0	0	0	0	0	0	0.942	0	0	0	0	0	0	0	3.527	0	0	0	0	0	0	0.12	0.002	0	0.296	0	0.339	0	0.217	0	0	0	0	0	0	0	0	0	0	0	0	0	0.016	0	0	0	0	0
2007	WEST1	14.799	1.223	0	0	0	0	2.584	0	1.79	0.822	0	0	0	0	0	0	0.466	0	0	0	0	0	1.443	0	0	0	0	0	0	0	0	0	0	0	0	0	0.08	0	0	0	0	1.014	0	0	0	0.488	0	0	0	0	0	0	0	0	0	0	1.964	0	0.001	0	0	0	0.01	1.113	0	0	0	0	0	0	0	0.281	0	0	0.001	0	0.016	0	0	0.529	0	0.974
2008	WEST1	6.094	0	0	0	0	0	0	0	0	0	0	0	0	0	0	0	0	0	0	0	0	0	0	0	0	0	0	0	0	0	0	0	0	0	0	0	0	0	0	0	0	0	0	0	0	0	0	0	0	0	6.094	0	0	0	0	0	0	0	0	0	0	0	0	0	0	0	0	0	0	0	0	0	0	0	0	0	0	0	0	0	0	0
1990	WEST2	8.01	0	0	0	0	0	0	0	0	0	0	0	0	0	0	0	0	0	0	0	0	0	0	0	0	0	0	0	0	0	0	0	0	0	6.242	0	0	0	0	0	0	0	0	0	0	0	0	0	0	0.178	0	0	0	0	0	0	0	0	0	0	0	0	1.59	0	0	0	0	0	0	0	0	0	0	0	0	0	0	0	0	0	0	0
1991	WEST2	1.793	0	0	0	0	0	0	0	0	0	0	0	0	0	0	0	0	0	0	0	0	0	0	0	0	0	0	0	0	0	0	0	0	0	0.046	0	0	0	0	0	0	0	0	0	0	0	0	0	0	0.325	0	0	0	0	0	0	0	0	0	0	0	0	1.422	0	0	0	0	0	0	0	0	0	0	0	0	0	0	0	0	0	0	0
1992	WEST2	11.734	0.02	0	0	0	0	0	0	0	0.053	0	0	0	0	0	0	0	0	0	0	0	0	0.048	0	0	0	0	0	0	0	0	0	0	0	4.396	0	0	0	0	0	0	0	0	0	0	0	0	0	0	0.759	0	0	0	0	0	0	0	0	0	0	0	0	1.299	0	0	0	0	0.006	0	0	0	1.653	0	0	0	0	0.033	0	0	0	0	3.467
1993	WEST2	8.642	0	0	0	0	0	0	0	0	0	0	0	0	0	0	0	0	0	0	0	0	0	0.458	0	0	0	0	0	0	0	0	0	0	0	5.426	0	0	0	0	0	0	0	0	0	0	0	0	0	0	0.285	0	0	0	0	0	0.002	0	0.035	0	0	0	0	1.161	0	0	0	0	0	0	0	0	0.219	0	0	0	0	1.056	0	0	0	0	0
1994	WEST2	19.099	0	0	0	0	0	0	0	0	0	0	0	0	0	0	0	0	0	0	0	0	0	0	0	0	0	0	0	0	0	0	0	0	0	17.465	0	0	0	0	0	0	0	0	0	0	0	0	0	0	0.293	0	0	0	0	0	0	0	0	0	0	0	0	1.341	0	0	0	0	0	0	0	0	0	0	0	0	0	0	0	0	0	0	0
1995	WEST2	6.044	0	0	0	0	0	0	0	0.046	0	0.003	0	0	0	0.001	0	0	0	0	0	0	0	0.57	0	0.004	0	0	0	0	0	0	0	0	0	0	0	0	0	0	0	0	0	0	0	0	0	0	0	0	0	0	0	0	0	0	0.007	0	0.011	5.007	0	0	0	0.351	0	0	0	0	0	0	0	0	0.044	0	0	0	0	0	0	0	0	0	0
1996	WEST2	6.359	0	0	0	0	0	0	0	0	0	0	0	0	0	0	0	0	0	0	0	0	0	0	0	0	0	0	0	0	0	0	0	0	0	0	0	0	0	0	0	0	0	0	0	0	0	0	0	0	0.038	0	0	0	0	0	0	0	0	5.837	0	0	0	0.484	0	0	0	0	0	0	0	0	0	0	0	0	0	0	0	0	0	0	0
1997	WEST2	0.009	0	0	0	0	0	0	0	0.006	0	0	0	0	0	0	0	0	0	0	0	0	0	0	0	0	0	0	0	0	0	0	0	0	0	0	0	0	0	0	0	0	0	0	0	0	0	0	0	0	0	0	0	0	0	0	0	0	0	0.003	0	0	0	0	0	0	0	0	0	0	0	0	0	0	0	0	0	0	0	0	0	0	0
1998	WEST2	0.048	0	0	0	0	0	0	0	0	0	0	0	0	0	0	0	0	0	0	0	0	0	0.002	0	0	0	0	0	0	0	0	0	0	0	0	0	0	0	0	0	0	0	0	0	0	0	0	0	0	0.003	0	0	0	0	0	0	0	0	0.011	0	0	0	0	0	0	0	0	0	0	0	0	0.032	0	0	0	0	0	0	0	0	0	0
1999	WEST2	0.615	0	0	0	0	0	0	0	0.021	0	0	0	0	0	0	0	0	0	0	0	0	0	0.03	0	0	0	0	0	0	0	0	0	0	0	0	0.071	0	0	0	0	0	0	0	0	0	0	0	0	0	0.002	0	0	0	0	0	0.034	0	0.033	0	0	0	0	0	0	0	0	0	0	0	0	0	0.408	0	0	0	0	0.016	0	0	0	0	0
2000	WEST2	0	0	0	0	0	0	0	0	0	0	0	0	0	0	0	0	0	0	0	0	0	0	0	0	0	0	0	0	0	0	0	0	0	0	0	0	0	0	0	0	0	0	0	0	0	0	0	0	0	0	0	0	0	0	0	0	0	0	0	0	0	0	0	0	0	0	0	0	0	0	0	0	0	0	0	0	0	0	0	0	0	0
2001	WEST2	0.481	0	0	0	0	0	0	0	0	0.085	0.005	0	0	0	0	0	0	0	0	0	0	0	0.077	0	0.021	0	0	0	0	0	0	0	0	0	0	0	0	0	0	0	0	0	0	0	0	0	0	0	0	0.001	0	0	0	0	0	0	0	0	0	0	0	0	0	0	0	0	0	0	0	0	0	0.227	0	0	0	0	0.065	0	0	0	0	0
2003	WEST2	1.089	0	0	0	0	0	0	0	0	0	0	0	0	0	0	0	0	0	0	0	0	0	0.03	0	0	0	0	0	0	0	0	0	0	0	0	0	0	0	0	0	0	0	0	0	0	0	0	0	0	0.005	0	0	0	0	0	0	0	0	0	0	0	0	0.002	0	0	0	0	0	0	0	0	1.044	0	0	0	0	0.008	0	0	0	0	0
2005	WEST2	4.923	0.005	0	0	0	0	0	0	0.106	0	0	0	0	0	0	0	0	0	0	0.061	0	0	2.995	0	0	0	0	0	0	0	0	0	0	0	0	0	0.004	0	0	0	0	0.111	0	0	0	0.163	0	0	0	0	0	0	0	0	0	0	0.831	0	0	0	0	0	0.593	0	0	0	0	0	0	0	0	0.001	0	0	0	0	0.041	0	0	0	0	0.012
2007	WEST2	26.663	2.35	0	0	0	0	7.686	0	0.438	0.408	0	0	0	0	0	0	2.398	0	0	0.003	0	0	0.278	0	0	0	0	0	0	0	0	0	0	0	0	0	0	0	0	0	0.207	0	0	0	0	0.813	0.014	0	0	0.006	0	0	0	0	0	0	8.347	0	0	0	0	0	0.003	0	0	0	0	0	0	0	0	0.097	0	0.121	0	0.002	0.024	0	0	0	0	3.468
1990	WEST3	3.937	0	0	0	0	0	0	0	0	0	0	0	0	0	0	0	0	0	0	0	0	0	0	0	0	0	0	0	0	0	0	0	0	0	0	0	0	0	0	0	0	0	0	0	0	0	0	0	0	0	2.176	0	0	0	0	0	0	0	0	0	0	0	1.761	0	0	0	0	0	0	0	0	0	0	0	0	0	0	0	0	0	0	0
1991	WEST3	4.197	0	0	0	0	0	0	0	0	0	0	0	0	0	0	0	0	0	0	0	0	0	0	0	0	0	0	0	0	0	0	0	0	0	0	0	0	0	0	0	0	0	0	0	0	0	0	0	0	0	2.932	0	0	0	0	0	0	0	0	0	0	0	1.247	0	0	0	0	0	0	0	0	0.018	0	0	0	0	0	0	0	0	0	0
1992	WEST3	5.424	0.094	0	0	0	0	0	0	0	0.928	0	0	0	0	0	0	0	0	0	0	0	0	0.103	0	0	0	0	0	0	0	0	0	0	0	0.06	0	0	0	0	0	0	0	0	0	0	0	0	0	0	0	1.459	0	0	0	0	0	0	0	0	0	0	0	1.18	0	0	0	0	0	0	0	0	0.464	0	0.444	0	0	0.008	0	0	0	0	0.684
1993	WEST3	5.821	0	0	0	0	0	0	0	0	0	0	0	0	0	0	0	0	0	0	0	0	0	1.065	0	0	0	0	0	0	0	0	0	0	0	1.041	0	0	0	0	0	0.038	0	0	0	0	0	0	0	0	0	2.419	0	0	0	0	0.01	0	0.02	0	0	0	0	0.892	0	0	0	0	0	0	0	0	0.148	0	0	0	0	0.188	0	0	0	0	0
1994	WEST3	16.127	0	0	0	0	0	0	0	0	0	0	0	0	0	0	0	0	0	0	0	0	0	0	0	0	0	0	0	0	0	0	0	0	0	4.746	0	0	0	0	0	0	0	0	0	0	0	0	0	0	0	9.675	0	0	0	0	0	0	0	0	0	0	0	1.37	0	0	0	0	0	0	0	0	0.336	0	0	0	0	0	0	0	0	0	0
1995	WEST3	11.881	0	0	0	0	0	0	0	0.085	0	0.199	0	0	2.334	0	0	0	0	0	0	0	0	1.488	0	0.005	0	0	0	0	0	0.002	0	0	0	0	0	0.004	0	0	0	0.301	0	0	0	0	0.163	0	0	0	0.009	4.386	0	0	0	0	0.019	0	0.071	2.481	0	0	0	0.22	0	0	0	0	0	0	0	0	0.114	0	0	0	0	0	0	0	0	0	0
1996	WEST3	7.859	0	0	0	0	0	0	0	0	0	0	0	0	0	0	0	0	0	0	0	0	0	0	0	0	0	0	0	0	0	0	0	0	0	0	0	0	0	0	0	0	0	0	0	0	0	0	0	0	0	6.257	0	0	0	0	0	0	0	1.173	0	0	0	0.429	0	0	0	0	0	0	0	0	0	0	0	0	0	0	0	0	0	0	0
1997	WEST3	9.807	0	0	0	0	0	0.085	0	0	0.003	0	0	0	0	0	0	0	0	0	0	0	0	0	0	0	0	0	0	0	0	0	0	0	0	0	0	0	0	0	0	0	0	0	0	0	0	0	0	0	0	9.702	0	0	0	0	0	0	0	0	0	0	0	0	0	0	0	0	0	0	0	0.001	0	0	0	0	0	0.016	0	0	0	0	0
1998	WEST3	8.083	0	0	0	0	0	0	0	0	0	0	0	0	0	0	0	0	0	0	0	0	0	0.008	0	0	0	0	0	0	0	0	0	0	0	0	0	0	0	0	0	0	0	0	0.008	0	0	0	0	0	0	8.053	0	0	0	0	0	0	0	0.006	0	0	0	0	0	0	0	0	0	0	0	0	0	0	0	0	0	0.008	0	0	0	0	0
1999	WEST3	9.789	0	0	0	0	0	0	0	0.037	0	0	0	0	0	0	0	0	0	0	0	0	0	0.169	0	0	0	0	0	0	0	0	0	0	0	0	0	0.024	0	0	0	0.094	0	0	0.011	0	0	0	0	0	0	9.405	0	0	0	0	0.01	0	0.002	0.011	0	0	0	0.002	0	0	0	0	0	0	0	0	0	0	0	0	0	0.024	0	0	0	0	0
2000	WEST3	11.297	0	0	0	0	0	0	0	0	0	0	0	0	0	0	0	0	0	0	0	0	0	0	0	0	0	0	0	0	0	0	0	0	0	0	0	0	0	0	0	0	0	0	0	0	0	0	0	0	0	11.297	0	0	0	0	0	0	0	0	0	0	0	0	0	0	0	0	0	0	0	0	0	0	0	0	0	0	0	0	0	0	0
2001	WEST3	8.41	0	0	0	0	0	0.027	0	0.088	0.003	0.008	0	0	0	0	0	0	0	0	0	0	0.042	0.507	0	0	0	0	0	0	0	0	0	0	0	0	0	0	0	0	0	0.002	0	0	0	0	0	0	0	0	0	7.621	0	0	0	0	0	0.002	0	0	0	0	0	0	0	0	0	0	0	0	0	0	0.086	0	0	0	0	0.024	0	0	0	0	0
2002	WEST3	6.068	0	0	0	0	0	0	0	0	0	0	0	0	0	0	0	0	0	0	0	0	0	0	0	0	0	0	0	0	0	0	0	0	0	0	0	0	0	0	0	0	0	0	0	0	0	0	0	0	0	6.068	0	0	0	0	0	0	0	0	0	0	0	0	0	0	0	0	0	0	0	0	0	0	0	0	0	0	0	0	0	0	0
2003	WEST3	10.593	0	0	0	0	0	0	0	0	0	0	0	0	0	0	0	0	0	0	0	0	0	0.006	0	0	0	0	0	0	0	0	0	0	0	0	0	0.013	0	0	0	0	0.004	0	0	0	0	0	0	0	0	10.56	0	0	0	0	0	0	0	0	0	0	0	0.006	0	0	0	0	0	0	0	0	0.001	0	0	0	0	0	0	0	0	0	0.003
2004	WEST3	4.729	0	0	0	0	0	0	0	0	0	0	0	0	0	0	0	0	0	0	0	0	0	0	0	0	0	0	0	0	0	0	0	0	0	0	0	0	0	0	0	0	0	0	0	0	0	0	0	0	0	4.729	0	0	0	0	0	0	0	0	0	0	0	0	0	0	0	0	0	0	0	0	0	0	0	0	0	0	0	0	0	0	0
2005	WEST3	5.437	0	0	0	0	0	0.106	0	0.517	0	0	0	0	0	0	0	0	0	0	0	0	0	1.162	0	0	0	0	0	0	0	0	0	0	0	0	0	0	0	0	0	0.613	0	0	0	0	0.326	0	0	0	0	0.852	0	0.093	0	0	0	1.364	0	0	0	0	0.15	0.18	0	0	0	0	0	0	0	0	0	0	0	0	0	0	0	0	0	0	0.074
2007	WEST3	49.07	0.623	0	0	0	0	15.691	0	0.478	0	0	0	0	0	0	0	0.16	0	0	0.003	0	0	0.259	0	0.001	0	0	0	0	0	0	0	0	0	0	0	1.065	0	0	0	1.423	0.516	0	0	0	0.163	0	0	0	0	0	0	0	0	0	0	22.829	0	0	0	0	0.09	0.007	0	0	0	0	0	0	0	0	0.259	0	0	0	0	0	0	0	0	0	5.503
2008	WEST3	4.243	0	0	0	0	0	0	0	0	0	0	0	0	0	0	0	0	0	0	0	0	0	0	0	0	0	0	0	0	0	0	0	0	0	0	0	0	0	0	0	0	0	0	0	0	0	0	0	0	0	4.243	0	0	0	0	0	0	0	0	0	0	0	0	0	0	0	0	0	0	0	0	0	0	0	0	0	0	0	0	0	0	0
1990	WEST4	17.82	0	0	0	0	0	0	0	0	0	0	0	0	0	0	0	0	0	0	0	0	0	0	0	0	0	0	0	0	0	0	0	0	0	16.066	0	0	0	0	0	0	0	0	0	0	0	0	0	0	0	0	0	0	0	0	0	0	0	0	0	0	0	1.754	0	0	0	0	0	0	0	0	0	0	0	0	0	0	0	0	0	0	0
1991	WEST4	1.486	0	0	0	0	0	0	0	0	0	0	0	0	0	0	0	0	0	0	0	0	0	0	0	0	0	0	0	0	0	0	0	0	0	0.179	0	0	0	0	0	0	0	0	0	0	0	0	0	0	0	0	0	0	0	0	0	0	0	0	0	0	0	1.307	0	0	0	0	0	0	0	0	0	0	0	0	0	0	0	0	0	0	0
1992	WEST4	9.321	0.005	0	0	0	0	0	0	0	0	0	0	0	0	0	0	0	0	0	0	0	0	0.023	0	0	0	0	0	0	0	0	0	0	0	6.673	0	0	0	0	0	0	0	0	0	0	0	0	0	0	0.057	0	0	0	0	0	0.005	0	0	0	0	0	0	1.302	0	0	0	0	0	0	0	0	0.655	0	0.297	0	0	0.024	0	0	0	0	0.28
1993	WEST4	7.586	0	0	0	0	0	0	0	0	0	0	0	0	0	0	0	0	0	0	0	0	0	0.417	0	0	0	0	0	0	0	0	0	0	0	5.803	0	0	0	0	0	0	0	0	0	0	0	0	0	0	0	0.081	0	0	0	0	0.009	0	0.002	0	0	0	0	0.815	0	0	0	0	0	0	0	0	0.175	0	0.031	0	0	0.253	0	0	0	0	0
1994	WEST4	45.335	0	0	0	0	0	0	0	0	0	0	0	0	0	0	0	0	0	0	0	0	0	0	0	0	0	0	0	0	0	0	0	0	0	44.155	0	0	0	0	0	0	0	0	0	0	0	0	0	0	0.03	0	0	0	0	0	0	0	0	0	0	0	0	1.15	0	0	0	0	0	0	0	0	0	0	0	0	0	0	0	0	0	0	0
1995	WEST4	15.31	0	0	0	0	0	0	0	0.03	0	0.013	0	0	0	0.001	0	0	0.002	0	0	0	0	2.357	0	0	0	0	0	0	0	0	0	0	0	0	0	0.005	0	0	0	0	0	0	0	0	0.325	0	0	0	0	0	0	0	0.012	0	0.005	0	0.041	12.228	0	0	0	0.246	0	0	0	0	0	0	0	0	0.005	0	0.032	0	0	0.008	0	0	0	0	0
1996	WEST4	17.663	0	0	0	0	0	0	0	0	0	0	0	0	0	0	0	0	0	0	0	0	0	0	0	0	0	0	0	0	0	0	0	0	0	0	0	0	0	0	0	0	0	0	0	0	0	0	0	0	0.007	0	0	0	0	0	0	0	0	17.334	0	0	0	0.322	0	0	0	0	0	0	0	0	0	0	0	0	0	0	0	0	0	0	0
1997	WEST4	0	0	0	0	0	0	0	0	0	0	0	0	0	0	0	0	0	0	0	0	0	0	0	0	0	0	0	0	0	0	0	0	0	0	0	0	0	0	0	0	0	0	0	0	0	0	0	0	0	0	0	0	0	0	0	0	0	0	0	0	0	0	0	0	0	0	0	0	0	0	0	0	0	0	0	0	0	0	0	0	0	0
1998	WEST4	0.446	0	0	0	0	0	0	0	0	0	0	0	0	0	0	0	0	0	0	0	0	0	0.002	0	0	0	0	0	0	0	0	0	0	0	0	0	0	0	0	0	0	0	0	0	0	0	0	0	0	0	0.297	0	0	0	0	0	0	0	0.147	0	0	0	0	0	0	0	0	0	0	0	0	0	0	0	0	0	0	0	0	0	0	0
1999	WEST4	0.456	0	0	0	0	0	0	0	0.027	0	0	0	0	0	0	0	0	0	0	0	0	0	0.155	0	0	0	0	0	0	0	0	0	0	0	0	0.001	0	0	0	0	0.004	0	0	0	0	0	0	0	0	0	0	0	0	0.031	0	0.037	0	0.064	0.071	0	0	0	0	0	0	0	0	0	0	0	0	0	0	0	0.001	0	0.065	0	0	0	0	0
2000	WEST4	0	0	0	0	0	0	0	0	0	0	0	0	0	0	0	0	0	0	0	0	0	0	0	0	0	0	0	0	0	0	0	0	0	0	0	0	0	0	0	0	0	0	0	0	0	0	0	0	0	0	0	0	0	0	0	0	0	0	0	0	0	0	0	0	0	0	0	0	0	0	0	0	0	0	0	0	0	0	0	0	0	0
2001	WEST4	1.056	0	0	0	0	0	0	0	0.003	0.027	0	0	0	0	0	0	0	0	0	0	0	0	0.112	0	0.003	0	0	0	0	0	0	0	0	0	0	0	0	0	0	0	0	0	0	0	0	0	0	0	0	0	0.865	0	0	0	0	0	0.037	0	0	0	0	0	0.001	0	0	0	0	0	0	0	0	0	0	0	0	0	0.008	0	0	0	0	0
2002	WEST4	0	0	0	0	0	0	0	0	0	0	0	0	0	0	0	0	0	0	0	0	0	0	0	0	0	0	0	0	0	0	0	0	0	0	0	0	0	0	0	0	0	0	0	0	0	0	0	0	0	0	0	0	0	0	0	0	0	0	0	0	0	0	0	0	0	0	0	0	0	0	0	0	0	0	0	0	0	0	0	0	0	0
2003	WEST4	11.755	0	0	0	0	0	0	0	0.042	0	0	0	0	0	0	0	0	0	0	0	0	0	0.009	0	0	0	0	0	0	0	0	0	0	0	0	0	0.002	0	0	0	0	0	0	0	0	0	0	0	0	0	11.419	0	0	0	0	0	0	0	0	0	0	0	0.006	0	0	0	0	0	0	0	0	0.011	0	0	0	0	0	0	0	0	0	0.266
2004	WEST4	3.142	0	0	0	0	0	0	0	0	0	0	0	0	0	0	0	0	0	0	0	0	0	0	0	0	0	0	0	0	0	0	0	0	0	0	0	0	0	0	0	0	0	0	0	0	0	0	0	0	0	3.142	0	0	0	0	0	0	0	0	0	0	0	0	0	0	0	0	0	0	0	0	0	0	0	0	0	0	0	0	0	0	0
2005	WEST4	7.4	0	0	0	0	0	0	0	0	0	0	0	0	0	0	0	0	0	0	0.002	0	0	2.998	0	0	0	0	0	0	0.063	0	0	0	0	0	0	0.002	0	0	0	0	0	0	0	0	0.163	0	0	0	0	0.024	0	0.343	0	0	0.01	3.377	0	0.003	0	0	0	0.208	0	0	0	0	0	0	0	0	0.01	0	0	0	0	0.164	0	0	0	0	0.033
2007	WEST4	87.985	0.963	0	0	0	0	25.247	0	0.252	4.281	0	0	0	0	0	0	1.514	0	0	0.048	0	0	2.512	0	0	0	0	0	0	20.05	0	0	0	0	0	0	0.022	0	0	0	0.226	0	0	0	0	1.464	0	0	0	0	0.189	0	0	0.012	0	0	5.626	0	0.252	9.919	0	0.25	0.003	0	0.113	0	0	0	0	0	0	1.026	0	0	0	0	0	0	0	0	0	14.016
2008	WEST4	23.323	0	0	0	0	0	0	0	0	0	0	0	0	0	0	0	0	0	0	0	0	0	0	0	0	0	0	0	0	0	0	0	0	0	0	0	0	0	0	0	0	0	0	0	0	0	0	0	0	0	23.323	0	0	0	0	0	0	0	0	0	0	0	0	0	0	0	0	0	0	0	0	0	0	0	0	0	0	0	0	0	0	0
