Year	site	total	APRA	ARGL	ARHA	ARIS1	ARLO	ARNE	ARPA	ARPU	ARTE	ARWR	ASNU	ASTE	ASTE1	ASTR1	ASWO	BAAB	BAMU	BOCU	BOER	CABA	CACH	CAWR	CHCO	CHIN	CHST	COCO	CRAN	CRCR	CRMI	CRPT	CRYP1	DAPU	DAWR	DEPI	DIWI	DRCU	ENDE	ERAB	ERAN	ERDI	ERIA1	ERIO1	ERLE	ERPU	ERRO	ERTE	ERTR	ESME	EUAL	EUMC	EVNU	GAPI	GIFL	GILI1	GILI2	GSDL1	HAGR	HODR	HYFL	IPLO	IVAM	LARE	LEER	LEFE	LEGO	LELA	LEPI1	LESQ1	LEVI	LIBI	LIVE	LONE	LUCO	MAFE	MAPI	MEAL	MENT1	MEPU	MILI	MUAR	MUPO	NAHI	OEAL	OENA1	OENO1	OEPR	PAIN	PENA	PHAC1	PHCO	PLMU	PLPA	POPA	PSDL1	PSTA	RANE	SAKA	SCAR	SCBR	SELE	SELO	SOOL	SPCC	SPHA1	SPIN	SPOR1	SPSA	SPSU	SPVEG	STEX	STPA	TOAN	UKFO1	UKFO2	UKGR1	UKGS1	VEWR	VUOC	XASA
1990	BASN	156.562	0	0	0	0	1.609	0	0	0	0	0	0	0.543	0	0	0	0	0.077	0	141.65	0	0	0	0	0	0	0	0	0	0	0	0	0	0	0	0	0	0	0	0	0	0	0	0	0.07	0	0	0	0	0	0	0	0	0	0	0	0	0	0	0	0	0	0	0.56	0	0	0	0	0	0	0	0	0	0	0	0	0	0	0	0	0.953	0	0	0	0	0	0	0	0	0	0	0	0	0	0	0	0	0.01	0	0.688	0	0	0	0	0	0	0	0	0.054	10.348	0	0	0	0	0	0	0	0	0	0
1991	BASN	129.841	0	0	0	0	0	0	0	0	0	0.469	0	0	0	0	0	0	0.001	0	123.44	0	0	0	0	0	0	0	0	0	0	0	0	0	0	0	0	0	0	0	0	0	0	0	0	0	0	0	0	0	0	0	0	0	0	0	0	0	0	0	0	0	0	0	0	0	0	0	0	0	0	0	0	0	0	0	0	0	0	0	0	0	0	0	0	0	0	0	0	0	0	0	0	0	0	0	0	0	0	0	0.371	0	0	0	0	0	0	0	0	0.045	5.515	0	0	0	0	0	0	0	0	0	0
1992	BASN	114.088	0	0	0	0	0	0	0	0	0	0.239	0	0	0	0	0	0	0	0	108.278	0	0	0	0	0	0	0	0	0	0	0	0	0	0	0	0	0	0	0	0	0	0	0	0	0.049	0	0	0	0	0	0	0	0	0	0	0	0	0	0	0	0	0	0	0	0	0	0.007	0	0	0	0	0	0	0	0	0	0	0	0	0	0.149	0	0	0	0	0	0	0	0	0	0	0	0	0	0	0	0	0	0	0.485	0	0	0	0	0	0	0	0	0.059	4.822	0	0	0	0	0	0	0	0	0	0
1993	BASN	112.391	0	0	0	0	0	0	0	0	0	0.125	0	0	0	0	0	0	0	0	99.013	0	0	0	0	0	0	0	0	0	0	0	0	0	0	0.171	0	0	0	0	0	0	0	0	0	0.099	0	0	0	0	0	0	0	0	0	0	0	3.667	0	0	0	0	0	0	1.68	0	0	0.256	0	0	0	0	0	0	0	0	0	0	0	0	0	0.311	0	0	0	0	0	0	0	0	0	0	0	0	0	0	0	0	0	0	0.196	0	0	0	0	0	0	0	0	0.047	6.826	0	0	0	0	0	0	0	0	0	0
1994	BASN	131.592	0	0	0	0	0	0	0	0	0	0	0	0	0	0	0	0	0	0	128.09	0	0	0	0	0	0	0	0	0	0	0	0	0	0	0	0	0	0	0	0	0	0	0	0	0.028	0	0	0	0	0	0	0	0	0	0	0	0	0	0	0	0	0	0	0	0	0	0	0	0	0	0	0	0	0	0	0	0	0	0	0	0.039	0	0	0	0	0	0	0	0	0	0	0	0	0	0	0	0	0	0	0.047	0	0	0	0	0	0	3.388	0	0	0	0	0	0	0	0	0	0	0	0	0
1995	BASN	104.338	0	0	0	0	0	0	0	0	0	0	0	0.95	0	0	0	0	0	0	90.019	0	0	0	0	0.024	0.02	0	0	0	0	0	0.482	0	0	0.409	0	0	0	0.005	0	0.008	0	0	0	0	0	0	0.038	0	0	0	0	0	0	0	0	0	0	0	0	0	0	0	0	0	0	7.276	0	0	0	0	0	0	0	4.554	0	0	0	0	0	0	0	0	0	0	0	0.081	0	0.178	0	0	0	0	0	0	0	0	0	0	0.08	0	0	0	0	0	0	0.159	0	0.05	0	0	0	0	0	0	0.005	0	0	0	0
1996	BASN	72.466	0	0	0	0.153	0	0	0	0	0	0	0.178	0.169	0	0	0	0	0.012	0	71.731	0	0	0	0	0	0	0	0	0	0	0	0.022	0	0	0.001	0	0	0	0	0	0	0	0	0	0	0	0	0	0	0	0	0	0	0	0	0	0.005	0	0	0	0	0	0	0	0	0	0.044	0	0	0	0	0	0	0	0	0	0	0	0	0	0	0	0	0	0	0	0	0	0	0	0	0	0	0	0	0	0	0	0	0.133	0	0	0	0	0	0	0	0	0.018	0	0	0	0	0	0	0	0	0	0	0
1997	BASN	134.822	0	0	0	0	0	0	0	0	0	0	0.003	0	0	0	0	0	0	0	134.677	0	0	0	0	0	0	0	0	0	0	0	0	0	0	0	0	0	0	0	0	0	0	0	0	0	0	0	0	0	0	0	0	0	0	0	0	0	0	0	0	0	0	0	0	0	0	0	0	0	0	0	0	0	0	0	0	0	0	0	0	0	0	0	0	0	0	0	0	0	0	0	0	0	0	0	0	0	0	0	0.142	0	0	0	0	0	0	0	0	0	0	0	0	0	0	0	0	0	0	0	0
1998	BASN	182.083	0	0	0	0.015	0	0	0	0	0	0	0	0.003	0	0	0	0	0	0	181.934	0	0	0	0	0	0	0	0	0	0	0	0.025	0.003	0	0	0	0	0	0	0	0	0	0	0	0	0	0	0.003	0	0	0	0	0	0	0	0	0.01	0	0	0	0	0	0	0	0	0	0.025	0	0	0.018	0	0	0	0	0	0	0	0	0	0	0.016	0	0	0	0.018	0	0	0	0	0	0	0	0	0	0	0	0	0	0	0.004	0	0	0	0	0	0	0.008	0	0.001	0	0	0	0	0	0	0	0	0	0	0
1999	BASN	222.546	0	0	0	0.067	0	0	0	0	0	0	0.438	0.162	0	0.003	0	0	0.002	0	217.453	0	0	0	0	0	0.02	0	0	0	0.202	0	0.854	0.023	0	0.301	0	0	0	0.005	0	0.016	0	0	0	0	0	0	0.033	0	0	0	0	0	0	0	0	0.037	0	0	0	0	0	0	0	0	0	0.061	0.002	0	0.078	0	0	0	0	2.602	0	0	0	0	0	0.112	0	0.008	0	0	0	0.018	0	0.009	0	0.017	0	0	0	0	0	0	0	0	0.005	0	0	0	0	0	0	0	0	0.018	0	0	0	0	0	0	0	0	0	0	0
2000	BASN	153.856	0	0	0	0.031	0	0	0	0	0	0	0	0	0	0	0	0	0	0	153.775	0	0	0	0	0	0	0	0	0	0	0	0	0	0	0	0	0	0	0	0	0	0	0	0	0	0	0	0	0	0	0	0	0	0	0	0	0	0	0	0	0	0	0	0	0	0	0	0	0	0	0	0	0	0	0	0	0	0	0	0	0.001	0	0	0	0	0	0	0	0	0	0	0.034	0	0	0	0	0	0	0	0.015	0	0	0	0	0	0	0	0	0	0	0	0	0	0	0	0	0	0	0	0
2001	BASN	263.779	0	0	0	0.287	0	0	0	0	0	0	0	0.04	0	0	0	0	0.003	0	257.078	0	0	0	0	0.002	0	0	0	0	0.01	0	1.332	0	0	1.017	0	0	0	0.05	0	0.072	0	0	0	0	0	0	0.027	0	0	0	0	0	0	0	0	0.065	0	0	0	0	0	0	0	0	0	1.114	0	0	0.146	0.002	0	0	0	2.277	0	0	0	0	0	0.003	0	0	0	0	0	0.037	0	0.013	0.042	0	0	0	0	0	0	0.136	0	0	0	0	0	0	0	0	0	0	0	0	0	0	0	0	0	0	0.026	0	0	0	0
2002	BASN	161	0	0	0	0	0	0	0	0	0	0	0	0	0	0	0	0	0	0	160.999	0	0	0	0	0	0	0	0	0	0	0	0	0	0	0	0	0	0	0	0	0	0	0	0	0	0	0	0	0	0	0	0	0	0	0	0	0	0	0	0	0	0	0	0	0	0	0	0	0	0	0	0	0	0	0	0	0	0	0	0	0.001	0	0	0	0	0	0	0	0	0	0	0	0	0	0	0	0	0	0	0	0	0	0	0	0	0	0	0	0	0	0	0	0	0	0	0	0	0	0	0
2003	BASN	307.223	0	0	0	0	0	0	0	0	0	0	0	0	0	0	0	0	0	0	307.175	0	0	0	0	0	0	0	0	0	0	0	0.003	0	0	0.004	0	0	0	0	0	0	0	0	0	0	0	0	0	0	0	0	0	0	0	0	0	0.014	0	0	0	0	0	0	0	0	0	0	0.004	0	0	0	0	0	0	0	0	0	0	0	0	0	0	0	0	0	0	0	0	0	0	0	0	0	0	0	0	0	0	0	0.023	0	0	0	0	0	0	0	0	0	0	0	0	0	0	0	0	0	0	0	0
2004	BASN	112.847	0	0	0	0	0	0	0	0	0	0	0	0	0	0	0	0	0	0	112.847	0	0	0	0	0	0	0	0	0	0	0	0	0	0	0	0	0	0	0	0	0	0	0	0	0	0	0	0	0	0	0	0	0	0	0	0	0	0	0	0	0	0	0	0	0	0	0	0	0	0	0	0	0	0	0	0	0	0	0	0	0	0	0	0	0	0	0	0	0	0	0	0	0	0	0	0	0	0	0	0	0	0	0	0	0	0	0	0	0	0	0	0	0	0	0	0	0	0	0	0
2005	BASN	87.674	0	0	0	0	0	0	0	0	0	0	0.133	0.663	0	0	2.783	0	0	0	71.298	0	0	0	0	0	0	0	0	0	0	0	2.128	0	0	3.385	0	0	0	0.007	0	0.014	0	0	0	0	0	0	0.045	0	0	0	0	0	0	0	0	0	0	0	0	0	0	0	0	0	0	3.892	0	0	0	0	0	0	0	1.952	0	0	0	0	0	0.072	0	0	0.187	0	0	0.722	0	0.001	0.249	0	0	0	0	0	0	0	0	0	0.143	0	0	0	0	0	0	0	0	0	0	0	0	0	0	0	0	0	0	0	0
2006	BASN	99.924	0	0	0	0	0	0	0	0	0	0	0	0	0	0	0	0	0	0	99.924	0	0	0	0	0	0	0	0	0	0	0	0	0	0	0	0	0	0	0	0	0	0	0	0	0	0	0	0	0	0	0	0	0	0	0	0	0	0	0	0	0	0	0	0	0	0	0	0	0	0	0	0	0	0	0	0	0	0	0	0	0	0	0	0	0	0	0	0	0	0	0	0	0	0	0	0	0	0	0	0	0	0	0	0	0	0	0	0	0	0	0	0	0	0	0	0	0	0	0	0
2007	BASN	174.169	0	0	0	0	0	0	0	0	0	0	1.286	74.056	0	0	0	0	0.41	0	73.864	0	0	0	0	0	0	0.008	0	0	0	0	0.656	0	0	0.696	0	0	0	0.004	0	0.008	0	0	0	0	0	0	0.001	0.006	0	0	0	0	0	0	0	0.124	0	0	0	0	0	0	0	0	0.008	9.897	0	0	0	0	0	0	0	3.579	0	0	0	0	0.638	0	0	0.072	0.006	0	0	0	0	0	0.222	0	0	7.763	0	0	0	0.054	0	0	0	0	0	0	0	0	0	0	0	0	0	0	0	0	0	0	0	0	0.811	0	0
2008	BASN	157.785	0	0	0	0	0	0	0	0	0	0	0	0	0	0	0	0	0	0	157.785	0	0	0	0	0	0	0	0	0	0	0	0	0	0	0	0	0	0	0	0	0	0	0	0	0	0	0	0	0	0	0	0	0	0	0	0	0	0	0	0	0	0	0	0	0	0	0	0	0	0	0	0	0	0	0	0	0	0	0	0	0	0	0	0	0	0	0	0	0	0	0	0	0	0	0	0	0	0	0	0	0	0	0	0	0	0	0	0	0	0	0	0	0	0	0	0	0	0	0	0
1990	BASN1	278.436	0	0	0	0	0	0	0	0	0	16.305	0	2.969	0	0	0	0	0.077	0	243.174	0	0	0	0	0	0	0	0	0	0	0	0	0	0	0	0	0	0	0	0	0	0	0	0	0.204	0	0	0	0	0	0	0	0	0	0	0	0	0	0	0	0	0	0	0	0	0	0	0	0	0	0	0	0	0	0	0	0	0	0	0	0	4.268	0	0	0	0	0	0	0	0	0	0	0	0	0	0	0	0	0	0	0	0	0	0	0	0	0	0	6.254	5.185	0	0	0	0	0	0	0	0	0	0
1991	BASN1	207.308	0	0	0	0	0	0	0	0	0	15.624	0	0	0	0	0	0	0	0	184.493	0	0	0	0	0	0	0	0	0	0	0	0	0	0	0	0	0	0	0	0	0	0	0	0	0.29	0	0	0	0	0	0	0	0	0	0	0	0	0	0	0	0	0	0	0	0	0	0.001	0	0	0	0	0	0	0	0	0	0	0	0	0	0	1.601	0	0	0	0	0	0	0	0	0	0	0	0	0	0	0	0	0	0.053	0	0	0	0	0	0	0	0	0.034	5.212	0	0	0	0	0	0	0	0	0	0
1992	BASN1	205.378	0	0	0	0	0	0	0	0	0	5.073	0	0	0	0	0	0	0	0	189.097	0	0	0	0	0	0	0	0	0	0	0	0	0	0	0	0	0	0	0	0	0	0	0	0	0.068	0	0	0	0	0	0	0	0	0	0	0	0.005	0	0	0	0	0	0	0	0	0	0	0	0	0	0	0	0	0	0	0	0	0	0	0	0	6.169	0	0	0	0	0	0	0	0	0	0	0	0	0	0	0	0	0	0.079	0	0	0	0	0	0	0	0	0.002	4.885	0	0	0	0	0	0	0	0	0	0
1993	BASN1	252.243	0	0	0	0	0	0	0	0	0	10.551	0	0	0	0	0	0	0	0	225.244	0	0	0	0	0	0	0	0	0	0	0	0	0	0	0.095	0	0	0	0	0	0	0	0	0	0.135	0	0	0	0	0	0	0	0	0	0	0	1.202	0	0	0	0	0	0	0	0	0	0.064	0	0	0	0	0	0	0	0	0	0	0	0	0	0.015	10.954	0	0	0	0	0	0	0	0	0	0	0	0	0	0	0	0	0	0.009	0	0	0	0	0	0	0	0	0	3.974	0	0	0	0	0	0	0	0	0	0
1994	BASN1	213.732	0	0	0	7.136	0	0	0	0	0	0	0	0	0	0	0	0	0	0	194.596	0	0	0	0	0	0	0	0	0	0	0	0	0	0	0	0	0	0	0	0	0	0	0	0	0.073	0	0	0	0	0	0	0	0	0	0	0	0	0	0	0	0	0	0	0	0	0	0	0	0	0	0	0	0	0	0	0	0	0	0	0	0	9.654	0	0	0	0	0	0	0	0	0	0	0	0	0	0	0	0	0	0	0	0	0	0	0	0	2.273	0	0	0	0	0	0	0	0	0	0	0	0	0
1995	BASN1	125.617	0	0	0	0.46	0	0	0	0	0	0	0	1.919	0	0	0	0	0.002	0	111.925	0	0	0.467	0	0.022	0	0	0	0	0	0	0.874	0	0	0.32	0	0	0	0.009	0	0.009	0	0	0	0	0	0.032	0	0	0	0	0	0	0	0	0	0.06	0	0	0	0	0	0	0	0	0	3.218	0	0	0	0	0	0.005	0	0.489	0	0	0	0	0	0	5.335	0	0	0	0	0.05	0	0.402	0	0	0	0	0	0	0	0	0	0	0.001	0	0	0	0	0	0	0.013	0	0.005	0	0	0	0	0	0	0	0	0	0	0
1996	BASN1	121.869	0	0	0	0.783	0	0	0	0	0	0	0.061	0.029	0	0	0	0	0.011	0	100.895	0	0	0	0	0	0	0	0	0	0	0	0.097	0	0	0	0	0	0	0.01	0	0	0	0	0	0	0	0	0	0	0	0	0	0	0	0	0	0.005	0	0	0	0	0	0	0.56	0	0	0.429	0.031	0	0	0	0	0	0	0	0	0	0	0	0	0	18.89	0	0	0	0	0	0	0	0	0	0	0	0	0	0	0	0	0	0.002	0	0	0	0	0	0	0	0	0.054	0	0	0	0	0	0.012	0	0	0	0	0
1997	BASN1	236.799	0	0	0	0.096	0	0	0	0	0	0	0	0	0	0.003	0	0	0	0	230.147	0	0	0	0	0	0	0	0	0	0	0	0	0	0	0	0	0	0	0	0	0	0	0	0	0	0	0	0	0	0	0	0	0	0	0	0	0	0	0	0	0	0	0	0	0	0	0	0	0	0	0	0	0	0	0	0	0	0	0	0	0.037	6.511	0	0	0	0	0	0	0	0	0	0	0	0	0	0	0	0	0	0.005	0	0	0	0	0	0	0	0	0	0	0	0	0	0	0	0	0	0	0	0
1998	BASN1	347.58	0	0	0	0	0	0.479	0	0	0	0	0.027	0.013	0	0	0	0	0	0	342.524	0	0	0	0	0	0	0	0	0	0	0	0.005	0.001	0	0.001	0	0	0	0	0	0	0	0	0	0	0	0	0	0	0	0	0	0	0	0	0	0.032	0	0	0	0	0	0	0.56	0	0	0.006	0	0	0.013	0	0	0	0	0	0	0	0	0	0	0	3.885	0	0	0	0	0	0	0	0	0	0	0	0	0	0	0	0	0	0.002	0	0	0	0	0	0	0	0	0.032	0	0	0	0	0	0	0	0	0	0	0
1999	BASN1	317.265	0	0	0	0	0	0.393	0	0	0	0	0.054	0.171	0	0	0	0	0.02	0	301.918	0	0	0	0	0	0.05	0	0	0	0	0	0.871	0.005	0	0.145	0	0	0	0.022	0	0.003	0	0	0	0	0	0	0.004	0	0	0	0	0	0	0	0	0.005	0	0	0	0	0	0	0.56	0	0	0.197	0	0	0.065	0	0	0	0	0.163	0	0	0.002	0	0.407	0.04	12.029	0.003	0.012	0	0	0	0	0.102	0	0	0	0	0	0	0	0	0	0	0	0	0	0	0	0	0	0	0	0.002	0	0.022	0	0	0	0	0	0	0	0	0
2000	BASN1	261.974	0	0	0	0	0	0	0	0	0	0	0	0	0	0	0	0	0	0	252.904	0	0	0	0	0	0	0	0	0	0	0	0	0	0	0	0	0	0	0	0	0	0	0	0	0	0	0	0	0	0	0	0	0	0	0	0	0	0	0	0	0	0	0	0	0	0	0	0	0	0	0	0	0	0	0	0	0	0	0	0	0	9.07	0	0	0	0	0	0	0	0	0	0	0	0	0	0	0	0	0	0	0	0	0	0	0	0	0	0	0	0	0	0	0	0	0	0	0	0	0	0
2001	BASN1	303.427	0	0	0	0.094	0	0	0	0	0	0	0.027	0.072	0	0	0	0	0.003	0	300.846	0	0	0	0	0	0	0	0	0	0	0	0.348	0	0	0.963	0	0	0	0.075	0	0.006	0	0	0	0	0	0	0	0	0	0	0	0	0	0	0	0	0	0	0	0	0	0	0	0	0	0.128	0	0	0.046	0	0	0	0	0.814	0	0	0	0	0	0	0	0	0	0	0	0	0	0.005	0	0	0	0	0	0	0	0	0	0	0	0	0	0	0	0	0	0	0	0	0	0	0	0	0	0	0	0	0	0	0
2002	BASN1	189.721	0	0	0	0	0	0	0	0	0	0	0	0	0	0	0	0	0	0	170.714	0	0	0	0	0	0	0	0	0	0	0	0	0	0	0	0	0	0	0	0	0	0	0	0	0	0	0	0	0	0	0	0	0	0	0	0	0	0	0	0	0	0	0	0	0	0	0	0	0	0	0	0	0	0	0	0	0	0	0	0	0	19.007	0	0	0	0	0	0	0	0	0	0	0	0	0	0	0	0	0	0	0	0	0	0	0	0	0	0	0	0	0	0	0	0	0	0	0	0	0	0
2003	BASN1	335.039	0	0	0	0	0	0	0	0	0	0	0	0	0	0	0	0	0	0	308.965	0	0	0	0	0	0	0	0	0	0	0	0.003	0	0	0.001	0	0	0	0	0	0	0	0	0	0	0	0	0	0	0	0	0	0	0	0	0	0.018	0	0	0	0	0	0	0	0	0	0	0	0	0	0	0	0	0	0	0	0	0	0	0	0	26.051	0	0	0	0	0	0	0.001	0	0	0	0	0	0	0	0	0	0	0	0	0	0	0	0	0	0	0	0	0	0	0	0	0	0	0	0	0	0	0
2004	BASN1	122.107	0	0	0	0	0	0	0	0	0	0	0	0	0	0	0	0	0	0	112.357	0	0	0	0	0	0	0	0	0	0	0	0	0	0	0	0	0	0	0	0	0	0	0	0	0	0	0	0	0	0	0	0	0	0	0	0	0	0	0	0	0	0	0	0	0	0	0	0	0	0	0	0	0	0	0	0	0	0	0	0	0	9.75	0	0	0	0	0	0	0	0	0	0	0	0	0	0	0	0	0	0	0	0	0	0	0	0	0	0	0	0	0	0	0	0	0	0	0	0	0	0
2005	BASN1	109.712	0	0	0	0	0	0	0	0	0	0	0.345	0.265	0	0.589	0	0	0	0	99.452	0	0	0.467	0	0	0	0	0	0	0	0	1.238	0	0	2.774	0	0	0	0	0	0.136	0	0	0	0	0	0	0.004	0	0	0	0	0	0	0	0	0.023	0	0	0	0	0	0	0	0	0	2.153	0	0	0.018	0	0	0	0	1.302	0	0	0	0	0.475	0	0	0	0	0	0	0.424	0	0.001	0	0	0	0	0	0	0	0	0	0	0	0	0	0	0	0	0	0	0	0.005	0	0.041	0	0	0	0	0	0	0	0	0
2006	BASN1	105.719	0	0	0	0	0	0	0	0	0	0	0	0	0	0	0	0	0	0	92.381	0	0	0	0	0	0	0	0	0	0	0	0	0	0	0	0	0	0	0	0	0	0	0	0	0	0	0	0	0	0	0	0	0	0	0	0	0	0	0	0	0	0	0	0	0	0	0	0	0	0	0	0	0	0	0	0	0	0	0	0	0	13.338	0	0	0	0	0	0	0	0	0	0	0	0	0	0	0	0	0	0	0	0	0	0	0	0	0	0	0	0	0	0	0	0	0	0	0	0	0	0
2007	BASN1	212.455	0	0	0	0	0	0	0	0	0	0	4.254	77.606	0	0	0	0	0.451	0	107.304	0	0	0	0	0	0.04	0	0	0	0	0	0.282	0	0	0.861	0	0	0	0.11	0	0	0	0	0	0	0	0	0	0	0	0	0	0	0	0	0	0.065	0	0	0	0	0	0	0	0	0	9.923	0	0.001	0.004	0	0	0	0	3.253	0	0	0	0	1.56	0	0	0.043	0	0	0	0	0	0.005	0.025	0	0	6.468	0	0	0	0	0	0	0	0	0	0	0	0	0	0	0	0.2	0	0	0	0	0	0	0	0	0	0	0
2008	BASN1	196.269	0	0	0	0	0	0	0	0	0	0	0	0	0	0	0	0	0	0	188.507	0	0	0	0	0	0	0	0	0	0	0	0	0	0	0	0	0	0	0	0	0	0	0	0	0	0	0	0	0	0	0	0	0	0	0	0	0	0	0	0	0	0	0	0	0	0	0	0	0	0	0	0	0	0	0	0	0	0	0	0	0.006	7.702	0	0	0	0	0	0	0	0	0	0	0	0	0	0	0	0	0	0	0	0	0	0	0	0	0	0	0.054	0	0	0	0	0	0	0	0	0	0	0
1990	BASN2	457.203	0	0	0	0	0	0	0	0	0	1.332	0	1.77	0	0	0	0	0.009	0	419.313	0	0	0	0	0	0	0	0	0	0	0	0	0	0	0	0	0	0	0	0	0	0	0	0	0.342	0	0.032	0	0	0	0	0	0	0	0	0	0	0	0	0	0	0	0	0	0	0	0	0	0	0	0	0	0	0	0	0	0	0	0	0	0	22.875	0	0	0	0	0	0	0	0	0	0	0	0	0	0	0	0	0	0	0	0	0	0	0	0	0	0	0.054	11.476	0	0	0	0	0	0	0	0	0	0
1991	BASN2	333.713	0	0	0	0	0	0	0	0	0	0.575	0	0	0	0	0	0	0	0	298.037	0	0	0	0	0	0	0	0	0	0	0	0	0	0	0	0	0	0	0	0	0	0	0	0	0.178	0	0	0	0	0	0	0	0	0	0	0	0	0	0	0	0	0	0	0	0	0	0	0	0	0	0	0	0	0	0	0	0	0	0	0	0	22.792	0	0	0	0	0	0	0	0	0	0	0	0	0	0	0	0	0	0	0	0	0	0	0	0	0	0	0.054	12.077	0	0	0	0	0	0	0	0	0	0
1992	BASN2	365.422	0	0	0	0	0	0	0	0	0	1.437	0	0	0	0	0	0	0	0	330.307	0	0	0	0	0	0	0	0	0	0	0	0	0	0	0	0	0	0	0	0	0	0	0	0	0.042	0	0	0	0	0	0	0	0	0	0	0	0	0	0	0	0	0	0	0	0	0	0	0	0	0	0	0	0	0	0	0	0	0	0	0	0	25.96	0	0	0	0	0	0	0	0	0	0	0	0	0	0	0	0	0	0	0	0	0	0	0	0	0	0	0.027	7.649	0	0	0	0	0	0	0	0	0	0
1993	BASN2	295.018	0	0	0	0	0	0	0	0.326	0	3.564	0	0.005	0	0	0	0	0	0	282.652	0	0	0	0	0	0	0	0	0	0	0	0	0	0	0.03	0	0	0	0	0	0	0	0	0	0	0	0	0	0	0	0	0	0	0	0	0	0.946	0	0	0	0	0	0	1.12	0	0	0.013	0	0	0	0	0	0	0	0	0	0	0	0	0	0	0	0	0	0	0	0	0	0	0	0	0	0	0	0	0	0	0	0	0	0	0	0	0	0	0	0	0	0	6.362	0	0	0	0	0	0	0	0	0	0
1994	BASN2	255.562	0	0	0	2.017	0	0	0	0	0	0	0	0	0	0	0	0	0	0	229.215	0	0	0	0	0	0	0	0	0	0	0	0	0	0	0	0	0	0	0	0	0	0	0	0	0.001	0	0	0	0	0	0	0	0	0	0	0	0	0	0	0	0	0	0	0	0	0	0	0	0	0	0	0	0	0	0	0	0	0	0	0	0	18.648	0	0	0	0	0	0	0	0	0	0	0	0	0	0	0	0	0	0	0	0	0	0	0	0	5.681	0	0	0	0	0	0	0	0	0	0	0	0	0
1995	BASN2	193.621	0	0	0	0.195	0	0	0	0	0.004	0	0	0.361	0	0	0	0	0	0	148.892	0	0	0.467	0	0.011	0	0	0	0	0	0	0.71	0	0	0.171	0	0	0	0.004	0	0.01	0	0	0	0	0	0	0.004	0	0	0	5.75	0	0	0	0	0.101	0	0	0	0	0	0	0	0	0	4.926	0	0	0	0	0	0.048	0	1.138	0	0	0	0	0	0	28.944	0	0	0	0	0.257	0	0.203	0	0	0	0.862	0	0	0	0	0.036	0	0	0	0	0	0	0	0	0.444	0	0.083	0	0	0	0	0	0	0	0	0	0	0
1996	BASN2	155.712	0	0	0	0	0	0	0	0	0	0	0	0.154	0	0	0	0.003	0.003	0	124.202	0	0	0	0	0	0	0	0	0	0	0	0.135	0	0	0	0	0	0	0.001	0	0	0	0	0	0	0	0	0	0	0	0	0	0	0	0	0	0.06	0	0	0	0	0	0	0	0	0	0.126	0	0	0	0	0	0	0	0	0	0	0	0	0	0	30.978	0	0	0	0	0	0	0	0	0	0	0	0	0	0	0	0	0	0	0	0	0	0	0	0	0.011	0	0.027	0	0	0	0	0	0.012	0	0	0	0	0
1997	BASN2	288.331	0	0	0	0	0	0	0	0	0	0	0	0	0	0	0	0	0	0	241.876	0	0	0	0	0	0	0	0	0	0	0	0.002	0.001	0	0	0	0	0	0	0	0	0	0	0	0	0	0	0	0	0	0	0	0	0	0	0	0	0	0	0	0	0	0	0.56	0	0	0	0	0	0	0	0	0	0	0	0	0	0	0	0	0	45.892	0	0	0	0	0	0	0	0	0	0	0	0	0	0	0	0	0	0	0	0	0	0	0	0	0	0	0	0	0	0	0	0	0	0	0	0	0	0
1998	BASN2	433.653	0	0	0	0.038	0	0	0	0	0	0	0.038	0	0	0	0	0	0.001	0	370.046	0	0	0	0	0	0	0	0	0	0	0	0.002	0.005	0	0	0	0	0	0	0	0	0	0.001	0	0	0	0	0	0	0	0	0	0	0	0	0	0.033	0	0	0	0	0	0	0	0	0	0.032	0	0	0.001	0	0	0	0	0	0	0	0	0	0	0	62.573	0	0	0.001	0	0	0	0	0	0	0	0	0	0	0	0	0	0	0	0	0	0	0	0	0	0	0	0.853	0	0	0	0	0.029	0	0	0	0	0	0
1999	BASN2	416.705	0	0	0	0.69	0	0	0	0	0	0	0.033	0.08	0	0	0	0	0.009	0	354.081	0	0	0	0	0	0	0	0	0	0.003	0	0.413	0.001	0	0.186	0	0	0	0.004	0	0.027	0	0	0	0	0	0	0.008	0	0	0	0	0	0	0	0	0.005	0	0	0	0	0	0	0	0	0	0.162	0.001	0	0.013	0	0	0	0	0.488	0	0	0	0	0	0	60.089	0.006	0.012	0	0	0.043	0	0.151	0	0.158	0	0	0	0	0	0	0	0	0	0	0	0	0	0	0	0.032	0	0.001	0	0.009	0	0	0	0	0	0	0	0	0
2000	BASN2	223.858	0	0	0	0.077	0	0	0	0	0	0	0	0	0	0	0	0	0	0	199.437	0	0	0	0	0	0	0	0	0	0	0	0	0.002	0	0	0	0	0	0	0	0	0	0	0	0	0	0	0	0	0	0	0	0	0	0	0	0	0	0	0	0	0	0	0	0	0	0	0	0	0	0	0	0	0	0	0	0	0	0	0	0	24.342	0	0	0	0	0	0	0	0	0	0	0	0	0	0	0	0	0	0	0	0	0	0	0	0	0	0	0	0	0	0	0	0	0	0	0	0	0	0
2001	BASN2	331.117	0	0	0	0	0	0	0	0	0	0	0.135	0.04	0	0	0	0	0.003	0	285.72	0	0	0	0	0	0	0	0	0	0.009	0	1.213	0	0	1.325	0	0	0	0.112	0	0.045	0	0	0	0	0	0	0	0.001	0	0	0	0	0	0	0	0.005	0.195	0	0	0	0	0	0	0	0	0.173	0	0	0.059	0	0	0	0	2.602	0	0	0	0	0	0	32.545	0	0	0	0.01	0	0	0.025	0	0	0	6.9	0	0	0	0	0	0	0	0	0	0	0	0	0	0	0	0	0	0	0	0	0	0	0	0	0	0	0
2002	BASN2	269.643	0	0	0	0	0	0	0	0	0	0	0	0	0	0	0	0	0	0	236.015	0	0	0	0	0	0	0	0	0	0	0	0	0	0	0	0	0	0	0	0	0	0	0	0	0	0	0.032	0	0	0	0	0	0	0	0	0	0	0	0	0	0	0	0	0	0	0	0	0	0	0	0	0	0	0	0	0	0	0	0	0	0	33.596	0	0	0	0	0	0	0	0	0	0	0	0	0	0	0	0	0	0	0	0	0	0	0	0	0	0	0	0	0	0	0	0	0	0	0	0	0	0
2003	BASN2	297.098	0	0	0	0	0	0	0	0	0	0	0	0	0	0	0	0	0	0	263.698	0	0	0	0	0	0	0	0	0	0	0	0.001	0.002	0	0.001	0	0	0	0	0	0	0	0	0	0	0	0	0	0	0	0	0	0	0	0	0	0	0	0	0	0	0	0	0	0	0	0	0	0	0	0	0	0	0	0	0	0	0	0	0	0	33.396	0	0	0	0	0	0	0	0	0	0	0	0	0	0	0	0	0	0	0	0	0	0	0	0	0	0	0	0	0	0	0	0	0	0	0	0	0	0
2004	BASN2	77.072	0	0	0	0	0	0	0	0	0	0	0	0	0	0	0	0	0	0	63.784	0	0	0	0	0	0	0	0	0	0	0	0	0	0	0	0	0	0	0	0	0	0	0	0	0	0	0	0	0	0	0	0	0	0	0	0	0	0	0	0	0	0	0	0	0	0	0	0	0	0	0	0	0	0	0	0	0	0	0	0	0	13.288	0	0	0	0	0	0	0	0	0	0	0	0	0	0	0	0	0	0	0	0	0	0	0	0	0	0	0	0	0	0	0	0	0	0	0	0	0	0
2005	BASN2	95.57	0	0	0	0	0	0	0	0	0	0	0.066	13.2	0	1.537	0	0	0	0	68.702	0	0	0	0	0	0	0	0	0	0	0	1.047	0.001	0	1.821	0	0	0	0.148	0	0.043	0	0	0	0	0	0.537	0.028	0	0	0	0	0	0	0	0	0.092	0	0	0	0	0	0	0	0	0	1.847	0.129	0	0	0	0	0	0	0.814	0	0	0	0	0	0	0	0	0.125	0	0	0.162	0	0	0.091	0	0	5.175	0	0	0	0	0	0	0	0	0	0	0	0	0	0	0	0	0	0.005	0	0	0	0	0	0	0	0	0
2006	BASN2	104.245	0	0	0	0	0	0	0	0	0	0	0	0	0	0	0	0	0	0	101.127	0	0	0	0	0	0	0	0	0	0	0	0	0	0	0	0	0	0	0	0	0	0	0	0	0	0	0	0	0	0	0	0	0	0	0	0	0	0	0	0	0	0	0	0	0	0	0	0	0	0	0	0	0	0	0	0	0	0	0	0	0	3.118	0	0	0	0	0	0	0	0	0	0	0	0	0	0	0	0	0	0	0	0	0	0	0	0	0	0	0	0	0	0	0	0	0	0	0	0	0	0
2007	BASN2	411.603	0	0	0	0	0	0	0	0	0	0	2.163	96.585	0	0	0	0	0.438	0	128.092	0	0	0	0	0	0	0	0	0	0	0	0.685	0	0	0.554	0	0	0	0.366	0	0.063	0	0	0	0	0	19.892	0.008	0	0	0	0	0	0	0	0	0.132	0	0	0	0	0	0	0	0	0	10.552	0	0.041	0	0	0	0	0	0.977	0	0	0.014	0	0	0	0	0.078	0	0	0	0.087	0.043	0	0.113	0	0	148.782	0	0	0	0	0	0	0	0	0	0	0	0	0	0	0	1.938	0	0	0	0	0	0	0	0	0	0	0
2008	BASN2	188.665	0	0	0	0	0	0	0	0	0	0	0	0	0	0	0	0	0	0	185.725	0	0	0	0	0	0	0	0	0	0	0	0	0	0	0	0	0	0	0	0	0	0	0	0	0	0	0	0	0	0	0	0	0	0	0	0	0.005	0	0	0	0	0	0	0	0	0	0	0	0	0	0	0	0	0	0	0	0	0	0	0	0	2.935	0	0	0	0	0	0	0	0	0	0	0	0	0	0	0	0	0	0	0	0	0	0	0	0	0	0	0	0	0	0	0	0	0	0	0	0	0	0
1990	BASN3	418.82	0	0	0	0	0	0	0	0	0	7.376	0	17.214	0	0	0	0	0	0	359.204	0	0	0	0	0	0	0	0	0	0	0	0	0	0	0	0	0	0	0	0	0	0	0	0	0.007	0	0.158	0	0	0	0	0	0	0	0	0	0	0	0	0	0	0	0	0	0	0	0	0	0	0	0	0	0	0	0	0	0	0	0	0	0	34.146	0	0	0	0	0	0	0	0	0	0	0	0	0	0	0	0	0	0	0	0	0	0	0	0	0	0	0.009	0.706	0	0	0	0	0	0	0	0	0	0
1991	BASN3	212.047	0	0	0	0	0	0	0	0	0	2.184	0	0	0	0	0	0	0	0	191.444	0	0	0	0	0	0	0	0	0	0	0	0.001	0	0	0	0	0	0	0	0	0	0	0	0	0.041	0	0	0	0	0	0	0	0	0	0	0	0	0	0	0	0	0	0	0	0	0	0.003	0	0	0	0	0	0	0	0	0	0	0	0	0	0	17.973	0	0	0	0	0	0	0	0	0	0	0	0	0	0	0	0	0	0	0	0	0	0	0	0	0	0	0.001	0.4	0	0	0	0	0	0	0	0	0	0
1992	BASN3	256.91	0	0	0	0	0	0	0	0	0	1.255	0	0	0	0	0	0	0	0	219.792	0	0	0	0	0	0	0	0	0	0	0	0.001	0	0	0	0	0	0	0	0	0	0	0	0	0.012	0	0	0	0	0	0	0	0	0	0	0	0	0	0	0	0	0	0	0	0	0	0	0	0	0	0	0	0	0	0	0	0	0	0	0	0	34.538	0	0	0	0	0	0	0	0	0	0	0	0	0	0	0	0	0	0	0	0	0	0	0	0	0	0	0	1.312	0	0	0	0	0	0	0	0	0	0
1993	BASN3	192.109	0	0	0	0	0	0	0	0	0	4.062	0	0	0	0	0	0	0	0	165.896	0	0	0	0	0	0	0	0	0	0	0	0	0	0	0.089	0	0	0	0	0	0	0	0	0	0.025	0	0	0	0	0	0	0	0	0	0	0	0.912	0	0	0	0	0	0	0	0	0	0	0	0	0	0	0	0	0	0	0	0	0	0	0	0	20.766	0	0	0	0	0	0	0	0	0	0	0	0	0	0	0	0	0	0	0	0	0	0	0	0	0	0	0	0.359	0	0	0	0	0	0	0	0	0	0
1994	BASN3	234.805	0	0	0	2.937	0	0	0	0	0	0	0	0	0	0	0	0	0	0	199.622	0	0	0	0	0	0	0	0	0	0	0	0	0	0	0	0	0	0	0	0	0	0	0	0	0.008	0	0	0	0	0	0	0	0	0	0	0	0	0	0	0	0	0	0	0	0	0	0	0	0	0	0	0	0	0	0	0	0	0	0	0	0	29.711	0	0	0	0	0	0	0	0	0	0	0	0	0	0	0	0	0	0	0	0	0	0	0	0	2.527	0	0	0	0	0	0	0	0	0	0	0	0	0
1995	BASN3	178.558	0	0	0	0.589	0	0	0	0	0	0	0	0.633	0	0	0	0	0	0	141.558	0	0	0	0	0.013	0	0	0	0	0	0	0.363	0	0	3.157	0.082	0	0	0.001	0	0.22	0	0	0	0	0	0.209	0	0	0	0	0	0	0	0	0	0.161	0	0	0	0	0	0	0	0	0	2.292	0	0	0	0	0	0	0	1.789	0	0	0	0	0	0	16.673	0	0	0	0	0.024	0	0.425	0	0	0	10.35	0	0	0	0	0.019	0	0	0	0	0	0	0	0	0	0	0	0	0	0	0	0	0	0	0	0	0	0
1996	BASN3	193.719	0	0	0	0.674	0	0	0	0	0	0	0.109	0.04	0	0	0	0	0.003	0	149.743	0	0	0	0	0	0	0	0	0	0	0	0.061	0	0	0	0.003	0	0	0	0	0	0	0	0	0	0	0.259	0	0	0	0	0	0	0	0	0	0.01	0	0	0	0	0	0	0	0	0	0.146	0.137	0	0	0	0	0	0	0	0	0	0	0	0	0	41.915	0	0	0	0	0	0	0	0	0	0	0	0	0	0	0	0	0	0	0	0	0	0	0	0	0.595	0	0	0	0	0	0	0	0.024	0	0	0	0	0
1997	BASN3	257.152	0	0	0	0.057	0	0	0	0	0	0	0	0.029	0	0.003	0	0	0	0	234.865	0	0	0	0	0	0	0	0	0	0	0	0.001	0	0	0	0	0	0	0	0	0	0	0.001	0	0	0	0.063	0	0	0	0	0	0	0	0	0	0	0	0	0	0	0	0	0	0	0	0	0	0	0	0	0	0	0	0	0	0	0	0	0	0	22.133	0	0	0	0	0	0	0	0	0	0	0	0	0	0	0	0	0	0	0	0	0	0	0	0	0	0	0	0	0	0	0	0	0	0	0	0	0	0
1998	BASN3	386.664	0	0	0	0.12	0	0	0	0	0	0	0	0	0	0	0	0	0	0	364.244	0	0	0	0	0	0	0	0	0	0	0	0.002	0	0	0.001	0	0	0	0	0	0	0	0	0	0	0	0	0	0	0	0	0	0	0	0	0	0.01	0	0	0	0	0	0	0	0	0	0	0	0	0.004	0	0	0	0	0	0	0	0	0	0	0	22.283	0	0	0	0	0	0	0	0	0	0	0	0	0	0	0	0	0	0	0	0	0	0	0	0	0	0	0	0	0	0	0	0	0	0	0	0	0	0
1999	BASN3	420.229	0	0	0	0.738	0	0	0	0	0	0	0.226	0.271	0	0	0	0	0.018	0	378.28	0	0	0	0	0	0.002	0	0	0	0	0	0.31	0.005	0	0.535	0.016	0	0	0.001	0	0.065	0	0	0	0	0	0.284	0	0	0	0	0	0	0	0	0	0	0	0	0	0	0	0	0	0	0	0.166	0	0	0.047	0	0	0	0	0.814	0	0	0	0	0	0	21.383	0.003	0.192	0	0	0.049	0	0.118	0	0.277	0	16.388	0	0	0	0	0	0	0	0	0	0	0	0	0	0	0	0	0	0.041	0	0	0	0	0	0	0	0	0
2000	BASN3	302.035	0	0	0	0	0	0.144	0	0	0	0	0	0.066	0	0	0	0	0	0	275.131	0	0	0	0	0	0	0	0	0	0	0	0	0.001	0	0	0	0	0	0	0	0	0	0	0	0	0	0	0	0	0	0	0	0	0	0	0	0	0	0	0	0	0	0	0	0	0	0	0	0	0	0	0	0	0	0	0	0	0	0	0	0	26.693	0	0	0	0	0	0	0	0	0	0	0	0	0	0	0	0	0	0	0	0	0	0	0	0	0	0	0	0	0	0	0	0	0	0	0	0	0	0
2001	BASN3	320.8	0	0	0	0	0	0	0	0	0	0	0.005	0.016	0	0	0	0	0.003	0	305.192	0	0	0	0	0	0	0	0	0	0	0	0.108	0	0	0.5	0	0	0	0.014	0	0.002	0	0	0	0	0	0	0	0	0	0	0	0	0	0	0	0.014	0	0	0	0	0	0	0	0	0	0.015	0	0	0.059	0	0	0	0	1.301	0	0	0	0	0	0	11.254	0	0.093	0	0	0	0	0.002	0.066	0	0	2.156	0	0	0	0	0	0	0	0	0	0	0	0	0	0	0	0	0	0	0	0	0	0	0	0	0	0	0
2002	BASN3	206.893	0	0	0	0	0	0	0	0	0	0	0	0	0	0	0	0	0	0	196.589	0	0	0	0	0	0	0	0	0	0	0	0	0	0	0	0	0	0	0	0	0	0	0	0	0	0	0	0	0	0	0	0	0	0	0	0	0	0	0	0	0	0	0	0	0	0	0	0	0	0	0	0	0	0	0	0	0	0	0	0	0	10.304	0	0	0	0	0	0	0	0	0	0	0	0	0	0	0	0	0	0	0	0	0	0	0	0	0	0	0	0	0	0	0	0	0	0	0	0	0	0
2003	BASN3	314.363	0	0	0	0	0	0	0	0	0	0	0	0	0	0	0	0	0	0	287.819	0	0	0	0	0	0	0	0	0	0	0	0.001	0	0	0	0	0	0	0	0	0	0	0	0	0	0	0	0	0	0	0	0	0	0	0	0	0	0	0	0	0	0	0	0	0	0	0	0	0	0	0	0	0	0	0	0	0	0	0	0	0	26.543	0	0	0	0	0	0	0	0	0	0	0	0	0	0	0	0	0	0	0	0	0	0	0	0	0	0	0	0	0	0	0	0	0	0	0	0	0	0
2004	BASN3	96.236	0	0	0	0	0	0	0	0	0	0	0	0	0	0	0	0	0	0	69.701	0	0	0	0	0	0	0	0	0	0	0	0	0	0	0	0	0	0	0	0	0	0	0	0	0	0	0	0	0	0	0	0	0	0	0	0	0	0	0	0	0	0	0	0	0	0	0	0	0	0	0	0	0	0	0	0	0	0	0	0	0	26.535	0	0	0	0	0	0	0	0	0	0	0	0	0	0	0	0	0	0	0	0	0	0	0	0	0	0	0	0	0	0	0	0	0	0	0	0	0	0
2005	BASN3	67.925	0	0	0	0	0	0	0	0	0	0	1.021	0.331	0	0	4.241	0	0	0	39.618	0	0	0	0	0	0.01	0	0	0	0	0	0.995	0	0	6.759	0	0	0	0.028	0	0.029	0	0	0	0	0	0	0	0	0	0	0	0	0	0	0	0.014	0.005	0	0	0.013	0	0	0	0	0	0.095	0	0	0	0	0	0	0	1.302	0	0	0	0	0	0	1.1	0	0	0	0	0.087	0	0	1.496	0	0	10.781	0	0	0	0	0	0	0	0	0	0	0	0	0	0	0	0	0	0	0	0	0	0	0	0	0	0	0
2006	BASN3	84.186	0	0	0	0	0	0	0	0	0	0	0	0	0	0	0	0	0	0	84.186	0	0	0	0	0	0	0	0	0	0	0	0	0	0	0	0	0	0	0	0	0	0	0	0	0	0	0	0	0	0	0	0	0	0	0	0	0	0	0	0	0	0	0	0	0	0	0	0	0	0	0	0	0	0	0	0	0	0	0	0	0	0	0	0	0	0	0	0	0	0	0	0	0	0	0	0	0	0	0	0	0	0	0	0	0	0	0	0	0	0	0	0	0	0	0	0	0	0	0	0
2007	BASN3	452.538	0	0	0	0	0	0	0	0	0	0	16.171	70.343	0	0	0	0	0.159	0	108.68	0	0	0	0	0	0	0	0	0	0	0	1.114	0	0	2.262	0	0	0	0.005	0	0.001	0	0	0	0	0	22.986	0.004	0	0	0	0	0	0	0	0	0.165	0.003	0	0	0	0	0	0	0	0.005	10.465	0	0	0.008	0	0	0	0	0.163	0	0	0	0	0	0	0.4	0.072	0.025	0	0	0	0	0	0.431	0	0	219.076	0	0	0	0	0	0	0	0	0	0	0	0	0	0	0	0	0	0	0	0	0	0	0	0	0	0	0
2008	BASN3	207.494	0	0	0	0	0	0	0	0	0	0	0	0	0	0	0	0	0	0	197.967	0	0	0	0	0	0	0	0	0	0	0	0	0	0	0	0	0	0	0	0	0	0	0	0	0	0	0	0	0	0	0	0	0	0	0	0	0	0	0	0	0	0	0	0	0	0	0	0	0	0	0	0	0	0	0	0	0	0	0	0	0	9.527	0	0	0	0	0	0	0	0	0	0	0	0	0	0	0	0	0	0	0	0	0	0	0	0	0	0	0	0	0	0	0	0	0	0	0	0	0	0
1990	BASN4	358.471	0	0	0	0	0	0	0	0	0	14.14	0	20.04	0	0	0	0	0	0	317.497	0	0	0	0	0	0	0	0	0	0	0	0	0	0	0	0	0	0	0	0	0	0	0	0	0	0	0.396	0	0	0	0	0	0	0	0	0	0	0	0	0	0	0	0	0	0	0	0	0	0	0	0	0	0	0	0	0	0	0	0	0	0	0	0	0	0	0	0	0	0	0	0	0	0	0	0	0	0	0	0	1.209	0	0	0	0	0	0	0	0	0	5.174	0	0	0	0	0	0	0	0.015	0	0
1991	BASN4	204.109	0	0	0	0	0	0	0	0	0	3.64	0	0	0	0	0	0	0	0	199.208	0	0	0	0	0	0	0	0	0	0	0	0	0	0	0	0	0	0	0	0	0	0	0	0	0.002	0	0	0	0	0	0	0	0	0	0	0	0	0	0	0	0	0	0	0	0	0	0.001	0	0	0	0	0	0	0	0	0	0	0	0	0	0	0	0	0	0	0	0	0	0	0	0	0	0	0	0	0	0	0	0	0.447	0	0	0	0	0	0	0	0	0	0.811	0	0	0	0	0	0	0	0	0	0
1992	BASN4	217.833	0	0	0	0	0	0	0	0	0	4.102	0	0	0	0	0	0	0	0	213.235	0	0	0	0	0	0	0	0	0	0	0	0	0	0	0	0	0	0	0	0	0	0	0	0	0.012	0	0	0	0	0	0	0	0	0	0	0	0.046	0	0	0	0	0	0	0	0	0	0	0	0	0	0	0	0	0	0	0	0	0	0	0	0	0	0	0	0	0	0	0	0	0	0	0	0	0	0	0	0	0	0	0.297	0	0	0	0	0	0	0	0	0	0.141	0	0	0	0	0	0	0	0	0	0
1993	BASN4	205.254	0	0	0	0	0	0	0	0	0	4.742	0	0.265	0	0	0	0	0	0	197.462	0	0	0	0	0	0	0	0	0	0	0	0	0	0	0.162	0	0	0	0	0	0	0	0	0	0	0	0	0	0	0	0	0	0	0	0	0	1.726	0	0	0	0	0	0	0	0	0	0.064	0	0	0	0	0	0	0	0	0	0	0	0	0	0	0	0	0	0	0	0	0	0	0	0	0	0	0	0	0	0	0	0	0.21	0	0	0	0	0	0	0	0	0	0.623	0	0	0	0	0	0	0	0	0	0
1994	BASN4	185.531	0	0	0	5.658	0	0	0	0	0	0	0	0	0	0	0	0	0	0	179.143	0	0	0	0	0	0	0	0	0	0	0	0	0	0	0	0	0	0	0	0	0	0	0	0	0	0	0	0	0	0	0	0	0	0	0	0	0	0	0	0	0	0	0	0	0	0	0	0	0	0	0	0	0	0	0	0	0	0	0	0	0	0	0	0	0	0	0	0	0	0	0	0	0	0	0	0	0	0	0	0.093	0	0	0	0	0	0	0.637	0	0	0	0	0	0	0	0	0	0	0	0	0
1995	BASN4	118.26	0	0	0	0.308	0	0	0	0	0	0	0	0.535	0	0	0	0	0.001	0	106.047	0	0	0	0	0.007	0	0	0	0	0	0	0.255	0	0	0.46	0	0	0	0	0	0.116	0	0	0	0	0	0.17	0.002	0	0	0	5.75	0	0	0	0	0.014	0	0	0	0	0	0	0	0	0.02	3.195	0	0	0	0	0	0	0	0.488	0	0	0	0	0	0	0	0	0	0	0	0.183	0	0.087	0	0.017	0	0.431	0	0	0	0	0.019	0	0.013	0	0	0	0	0	0	0.142	0	0	0	0	0	0	0	0	0	0	0	0	0
1996	BASN4	110.093	0	0	0	0.997	0	0	0	0	0	0	0.013	0.048	0	0	0	0	0.006	0	108.717	0	0	0	0	0	0	0	0	0	0	0	0.012	0	0	0	0.003	0	0	0.002	0	0	0	0	0	0	0	0.032	0	0	0	0	0	0	0	0	0	0.009	0	0	0	0	0	0	0	0.001	0	0.045	0.043	0	0	0	0	0.005	0	0	0	0	0	0	0	0	0	0	0	0	0	0	0	0	0	0.008	0	0	0	0	0	0	0	0	0.086	0	0	0	0	0	0	0.064	0	0	0	0	0	0	0	0.002	0	0	0	0	0
1997	BASN4	170.517	0	0	0	0.077	0	0	0	0	0	0	0	0.053	0	0.003	0	0	0	0	170.194	0	0	0	0	0	0	0	0	0	0	0	0.001	0	0	0	0	0	0	0.005	0	0	0	0.002	0	0	0	0.032	0	0	0	0	0	0	0	0	0	0.014	0	0	0	0	0	0	0	0	0	0	0	0	0.001	0	0	0	0	0	0	0	0	0	0	0	0	0	0	0	0	0	0	0	0	0	0	0	0	0	0	0	0	0	0.135	0	0	0	0	0	0	0	0	0	0	0	0	0	0	0	0	0	0	0	0
1998	BASN4	252.948	0	0	0	0.144	0	0.383	0	0	0	0	0	0	0	0	0	0	0	0	252.303	0	0	0	0	0	0	0	0	0	0	0	0	0	0	0.001	0	0	0	0	0	0	0	0	0	0	0	0	0	0	0	0	0	0	0	0	0	0.014	0	0	0	0	0	0	0	0	0	0	0	0	0.002	0	0	0	0	0	0	0	0	0	0	0	0	0	0	0	0	0	0	0	0	0	0	0	0	0	0	0	0	0	0.101	0	0	0	0	0	0	0	0	0	0	0	0	0	0	0	0	0	0	0	0
1999	BASN4	304.741	0	0	0	0.383	0	0	0	0	0.005	0	0.268	0	0	0	0	0	0.002	0	300.073	0	0	0	0	0	0	0	0	0	0.01	0	0.041	0	0	0.033	0	0	0	0.002	0	0.002	0	0	0	0	0	0.221	0	0	0	0	0	0	0	0	0	0.01	0	0	0	0	0	0	1.68	0	0	0.032	0.014	0	0.051	0	0	0.01	0	0.163	0	0	0	0	0	0	0	0	0	0	0	0.062	0	0.144	0	0.238	0	1.293	0	0	0	0	0	0	0.004	0	0	0	0	0	0	0	0	0	0	0	0	0	0	0	0	0	0	0	0
2000	BASN4	220.577	0	0	0	0.153	0	0	0	0	0	0	0	0	0	0	0	0	0	0	220.416	0	0	0	0	0	0	0	0	0	0	0	0	0	0	0	0	0	0	0	0	0	0	0	0	0	0	0	0	0	0	0	0	0	0	0	0	0	0	0	0	0	0	0	0	0	0	0	0	0	0	0	0	0	0	0	0	0	0	0	0	0	0	0	0	0	0	0	0	0	0	0	0	0	0	0	0	0	0	0	0.008	0	0	0	0	0	0	0	0	0	0	0	0	0	0	0	0	0	0	0	0
2001	BASN4	226.646	0	0	0	0	0	0	0	0	0	0	0.067	0.035	0	0	0	0	0.007	0	222.394	0	0	0	0	0	0	0	0	0	0	0	0.138	0	0	0.429	0	0	0	0.013	0	0.055	0	0	0	0	0	0.07	0	0.001	0	0	0	0	0	0	0	0.047	0	0	0	0	0	0	0	0	0	0.071	0	0	0.041	0	0	0	0	0.488	0	0	0	0	0	0	0	0	0.007	0	0	0	0	0.123	0.073	0	0	2.587	0	0	0	0	0	0	0	0	0	0	0	0	0	0	0	0	0	0	0	0	0	0	0	0	0	0	0
2002	BASN4	192.432	0	0	0	0	0	0	0	0	0	0	0	0	0	0	0	0	0	0	192.432	0	0	0	0	0	0	0	0	0	0	0	0	0	0	0	0	0	0	0	0	0	0	0	0	0	0	0	0	0	0	0	0	0	0	0	0	0	0	0	0	0	0	0	0	0	0	0	0	0	0	0	0	0	0	0	0	0	0	0	0	0	0	0	0	0	0	0	0	0	0	0	0	0	0	0	0	0	0	0	0	0	0	0	0	0	0	0	0	0	0	0	0	0	0	0	0	0	0	0	0
2003	BASN4	234.325	0	0	0	0	0	0	0	0	0	0	0	0	0	0	0	0	0	0	234.302	0	0	0	0	0	0	0	0	0	0	0	0	0	0	0	0	0	0	0	0	0.002	0	0	0	0	0	0.006	0	0	0	0	0	0	0	0	0	0	0	0	0	0	0	0	0	0	0	0	0	0	0	0	0	0	0	0	0	0	0	0	0	0	0	0	0	0	0	0.014	0	0	0	0	0	0	0	0	0	0	0	0	0.001	0	0	0	0	0	0	0	0	0	0	0	0	0	0	0	0	0	0	0	0
2004	BASN4	89.265	0	0	0	0	0	0	0	0	0	0	0	0	0	0	0	0	0	0	89.265	0	0	0	0	0	0	0	0	0	0	0	0	0	0	0	0	0	0	0	0	0	0	0	0	0	0	0	0	0	0	0	0	0	0	0	0	0	0	0	0	0	0	0	0	0	0	0	0	0	0	0	0	0	0	0	0	0	0	0	0	0	0	0	0	0	0	0	0	0	0	0	0	0	0	0	0	0	0	0	0	0	0	0	0	0	0	0	0	0	0	0	0	0	0	0	0	0	0	0	0
2005	BASN4	74.385	0	0	0	0	0	0	0	0	0	0	0.849	0.292	0	0	0	0	0	0	68.791	0	0	0	0	0	0	0	0	0	0	0	1.221	0	0	0.327	0	0	0	0	0.001	0.021	0	0	0	0	0	0	0	0	0	0	0	0	0	0	0	0	0	0	0	0	0	0	0	0	0	0.396	0.004	0.015	0	0	0	0	0	0.813	0	0	0	0	0	0	0	0	0	0	0	1.396	0	0	0.196	0	0	0	0	0	0	0	0	0	0.063	0	0	0	0	0	0	0	0	0	0	0	0	0	0	0	0	0	0	0	0
2006	BASN4	84.099	0	0	0	0	0	0	0	0	0	0	0	0	0	0	0	0	0	0	84.099	0	0	0	0	0	0	0	0	0	0	0	0	0	0	0	0	0	0	0	0	0	0	0	0	0	0	0	0	0	0	0	0	0	0	0	0	0	0	0	0	0	0	0	0	0	0	0	0	0	0	0	0	0	0	0	0	0	0	0	0	0	0	0	0	0	0	0	0	0	0	0	0	0	0	0	0	0	0	0	0	0	0	0	0	0	0	0	0	0	0	0	0	0	0	0	0	0	0	0	0
2007	BASN4	181.216	0	0	0	0	0	0	0	0	0	0	7.536	29.54	0	0	0	0	0.784	0	85.978	0	0	0	0	0	0	0	0	0	0	0	0.552	0	0	0.204	0	0	0	0.003	0	0	0	0	0	0	0	26.808	0.001	0	0	0	0	0	0	0	0	0.399	0	0	0	0	0	0	0	0	1.572	4.587	0	0	0.004	0	0	0	0	0.489	0	0	0	0	0	0	0	0.076	0	0	0.005	0.001	0	0	0.345	0	0	21.563	0	0	0	0	0	0	0.002	0	0	0	0	0	0	0	0	0	0	0	0	0	0	0	0	0	0.767	0	0
2008	BASN4	160.024	0	0	0	0	0	0	0	0	0	0	0	0	0	0	0	0	0	0	159.957	0	0	0	0	0	0	0	0	0	0	0	0	0	0	0	0	0	0	0	0	0	0	0	0	0	0	0	0	0	0	0	0	0	0	0	0	0	0	0	0	0	0	0	0	0	0	0	0	0	0	0	0	0	0	0	0	0	0	0	0	0	0.067	0	0	0	0	0	0	0	0	0	0	0	0	0	0	0	0	0	0	0	0	0	0	0	0	0	0	0	0	0	0	0	0	0	0	0	0	0	0
1990	IBPE	283.548	0	0	0	0	0	0	0	0	0	0	0	0	0	0	0	0	0	0	274.243	0	0	0	0	0	0	0	0	0	0	0	0	0	0	0	0	0	0	0	0	0	0	0	0	0	0	0	0	0	0	0	0	0	0	0	0	0	0	0	0	0	0	0	0	0	0	0	0	0	0	0	0	0	0	0	0	0	0	0	0	0	0	0	0	0	0	0	0	0	0	0	0	0	0	0	0	0	0	0	0	0	0	0	0	0	0	0	0	0	9.305	0	0	0	0	0	0	0	0	0	0
1991	IBPE	129.728	0	0	0	0	0	0	0	0	0	0	0	0.056	0	0	0	0	0	0	121.811	0	0	0	0	0	0	0	0	0	0	0	0.025	0	0	0.006	0	0	0	0	0	0	0	0	0	0	0	0	0	0	0	0	0	0	0	0	0	0.611	0	0	0	0	0	0	0	0	0	0	0	0	0	0	0	0	0	0	0	0	0	0.006	0	0	0	0	0	0	0	0	0	0	0	0	0	0	0	0	0.032	0	0	0	0	0	0	0	0	0	0	0	0	0	7.181	0	0	0	0	0	0	0	0	0	0
1992	IBPE	111.755	0.002	0	0	0	0	0	0	0	0	1.04	0	0	0	0	0	0	0	0	102.86	0	0	0	0	0	0	0	0	0	0	0	0	0	0	0	0	0	0.715	0	0	0	0	0	0	0	0	0	0	0	0	0	0	0	0	0	0	0	0	0	0	0	0	0	0	0	0	0	0	0	0	0	0	0	0	0	0	0	0	0	0	0	0	0	0	0	0	0	0	0	0	0	0	0	0	0	0	0	0	0	0	0	0	0	0	0	0	0	0	0	7.126	0	0	0	0	0.012	0	0	0	0	0
1993	IBPE	260.275	0.234	0	0	0	0	0	0	0	0	0.894	0	0	0	0	0	0	0	0	248.278	0	0	0	0	0.01	0	0	0	0	0	0	1.021	0	0	1.473	0.103	0	0	0	0	0	0	0.016	0	0	0	0	0	0	0	0	0	0	0	0	0	5.393	0	0	0	0	0	0	0	0	0	0	0	0	0	0	0	0	0	0.326	0	0	0	0	0	0	0	0	0	0	0	0	0	0	0	0	0	0	0	0	0.039	0	0.045	0	0	0	0	0	0	0	0	0	0	0	2.443	0	0	0	0	0	0	0	0	0	0
1994	IBPE	191.971	0	0	0	0	0	0	0	0	0	0.65	0	0	0	0	0	0	0	0	190.059	0	0	0	0	0	0	0	0	0	0	0	0	0	0	0	0	0	0	0	0	0	0	0	0	0	0	0	0	0	0	0	0	0	0	0	0	0	0	0	0	0	0	0	0	0	0	0	0	0	0	0	0	0	0	0	0	0	0	0	0	0	0	0	0	0	0	0	0	0	0	0	0	0	0	0	0	0	0	0	0	0	0	0	0	0	0	0	0	0	1.262	0	0	0	0	0	0	0	0	0	0
1995	IBPE	542.752	1.081	0	0	0	0	0	0	0	0	0	0.045	0	0	0	0	0	0	0	87.364	0	0	0.467	0	0.036	0	0	0	448.035	0	0	0	0	0	3.123	1.113	0	0	0.016	0.001	0	0	0	0	0	0	0	0	0	0	0	0	0	0	0	0	0	0	0	0	0	0	0	0	0.01	0	0	0	0	0	0	0.001	0	0	0.651	0	0	0	0.081	0	0	0	0	0	0	0	0	0	0	0	0	0	0.431	0	0	0.007	0	0	0	0	0	0	0	0	0	0	0.072	0	0	0	0.218	0	0	0	0	0	0	0	0	0
1996	IBPE	72.641	0.001	0	0	0	0	0	0	0	0	0	0	0	0	0	0	0	0	0	72.541	0	0	0	0	0	0	0	0	0	0	0	0	0	0	0	0	0	0	0	0	0	0	0	0	0	0	0	0	0	0	0	0	0	0	0	0	0	0	0	0	0	0	0	0	0.098	0	0	0	0	0	0	0	0	0	0	0	0	0	0	0	0	0	0	0	0	0	0	0	0	0	0	0	0	0	0	0	0	0	0	0	0	0	0	0	0	0	0	0	0	0.001	0	0	0	0	0	0	0	0	0	0
1997	IBPE	117.662	0.048	0	0	0.059	0	0	0	0	0	0	0	0	0	0	0	0	0	0	116.252	0	0	0	0	0	0	0	0	0	0	0	0.719	0	0	0	0.074	0	0	0	0.005	0	0	0	0	0	0	0	0	0	0	0	0	0	0	0	0	0.009	0	0	0	0	0	0	0	0	0	0	0	0	0	0	0	0	0	0.489	0	0	0	0	0	0	0	0	0	0	0	0	0	0	0	0	0	0	0	0	0.005	0	0	0	0	0	0	0	0	0	0.002	0	0	0	0	0	0	0	0	0	0	0	0	0	0
1998	IBPE	168.057	0	0	0	0	0	0.569	0	0	0	0	0	0	0	0	0	0	0	0	167.392	0	0	0	0	0	0	0	0	0	0	0	0.049	0	0	0.004	0.025	0	0	0	0	0	0	0	0	0	0	0	0	0	0	0	0	0	0	0	0	0.009	0	0	0	0	0	0	0	0	0	0	0	0	0	0	0	0	0	0	0	0	0	0	0	0	0	0	0	0	0	0	0	0	0	0	0	0	0	0	0	0	0	0	0	0	0	0	0	0	0	0	0	0.009	0	0	0	0	0	0	0	0	0	0	0
1999	IBPE	153.494	1.003	0	0	0.146	0	0.439	0	0	0	0	0.307	0	0	0	0	0	0	0	139.682	0	0	0	0	0	0	0	0	0	0.031	0	4.371	0	0	2.36	1.715	0	0	0.199	0	0	0	0.007	0	0	0	0	0	0	0	0	0	0	0	0	0	0	0	0	1.2	0	0	0	0	0	0	0	0	0	0	0	0	0	0	1.301	0	0	0.01	0	0	0	0	0.712	0	0	0	0	0	0	0	0.008	0	0	0	0	0	0	0	0	0	0	0	0	0	0	0.003	0	0	0	0	0	0	0	0	0	0	0	0	0	0
2000	IBPE	53.796	0	0	0	0.748	0	0	0	0	0	0	0	0	0	0	0	0	0	0	52.946	0	0	0	0	0	0	0	0	0	0	0	0.1	0	0	0	0	0	0	0	0	0	0	0.001	0	0	0.001	0	0	0	0	0	0	0	0	0	0	0	0	0	0	0	0	0	0	0	0	0	0	0	0	0	0	0	0	0	0	0	0	0	0	0	0	0	0	0	0	0	0	0	0	0	0	0	0	0	0	0	0	0	0	0	0	0	0	0	0	0	0	0	0	0	0	0	0	0	0	0	0	0	0
2001	IBPE	216.371	0.875	0	0	0	0	0	0	0	0	0	0.008	0	0	0.003	0	0	0.002	0	190.052	0	0	0	0	0	0	0	0	0	0.139	0	6.031	0	0	3.58	12.94	0	0	0.196	0.041	0	0	0.016	0	0	0.053	0	0	0	0	0	0	0	0	0	0	0.024	0	0	0	0	0	0	0	0	0	0	0	0	0	0.011	0	0	0	0.488	0	0	0	0	0	0	0	0.186	0	0	0	0	0	0	0	0	0	1.725	0	0	0	0	0	0	0	0	0	0	0	0.001	0	0	0	0	0	0	0	0	0	0	0	0	0	0	0
2002	IBPE	127.531	0.051	0	0	0	0	0	0	0	0	0	0	0	0	0	0	0	0	0	127.1	0	0	0	0	0	0	0	0	0	0	0	0.223	0	0	0	0.145	0	0	0	0	0	0	0	0	0	0	0	0	0	0	0	0	0	0	0	0	0.01	0	0	0	0	0	0	0	0	0	0	0	0	0	0	0	0	0	0	0	0	0	0	0	0	0	0	0	0	0	0	0	0	0	0	0	0	0	0	0	0	0	0	0	0	0	0	0	0.002	0	0	0	0	0	0	0	0	0	0	0	0	0	0	0
2003	IBPE	211.473	0.013	0	0	0	0	0	0	0	0	0	0.107	0	0.027	0	0	0	0	0	207.295	0	0	0	0	0	0	0	0	0	0	0	3.406	0	0	0.499	0.094	0	0	0.006	0	0	0	0	0	0	0.01	0	0	0	0	0	0	0	0	0	0	0.005	0	0	0	0	0	0	0	0	0	0	0	0	0	0	0	0	0	0	0	0	0	0	0	0	0	0.011	0	0	0	0	0	0	0	0	0	0	0	0	0	0	0	0	0	0	0	0	0	0	0	0	0	0	0	0	0	0	0	0	0	0	0	0	0
2004	IBPE	67.65	0	0	0	0	0	0	0	0	0	0	0	0	0	0	0	0	0	0	67.65	0	0	0	0	0	0	0	0	0	0	0	0	0	0	0	0	0	0	0	0	0	0	0	0	0	0	0	0	0	0	0	0	0	0	0	0	0	0	0	0	0	0	0	0	0	0	0	0	0	0	0	0	0	0	0	0	0	0	0	0	0	0	0	0	0	0	0	0	0	0	0	0	0	0	0	0	0	0	0	0	0	0	0	0	0	0	0	0	0	0	0	0	0	0	0	0	0	0	0	0
2005	IBPE	66.999	0.577	0	0	0	0	0	0	0	0	0	0.266	0	0	0	0	0	0	0	28.885	0	0	0	0	0	0	0	0	0	0.242	0	11.537	0	0	8.8	13.858	0	0	0.044	0	0	0	0	0	0	0	0	0	0	0	0	0	0	0	0	0	0	0	0	0	0	0	0	0	0	0	0	0	0	0	0	0	0	0	0.488	0	0	0	0	0	0	0	0.521	0	0	0	0	0	0	0	0	0	1.294	0	0	0	0.475	0	0	0	0	0	0	0	0	0.012	0	0	0	0	0	0	0	0	0	0	0	0	0	0
2006	IBPE	59.583	0	0	0	0	0	0	0	0	0	0	0	0	0	0	0	0	0	0	59.583	0	0	0	0	0	0	0	0	0	0	0	0	0	0	0	0	0	0	0	0	0	0	0	0	0	0	0	0	0	0	0	0	0	0	0	0	0	0	0	0	0	0	0	0	0	0	0	0	0	0	0	0	0	0	0	0	0	0	0	0	0	0	0	0	0	0	0	0	0	0	0	0	0	0	0	0	0	0	0	0	0	0	0	0	0	0	0	0	0	0	0	0	0	0	0	0	0	0	0	0
2007	IBPE	177.641	6.954	0	0	0	0	0	0	0	0	0	0.464	0	0	0	0	0	0	0	110.293	0	0	0	0	0	0	0	0	0	0	0	0.101	0	0	0.068	54.954	0	0	0	0	0	0	0	0	0	0	0	0	0	0	0	0	0.098	0	0	0	0.281	0	0	1.2	0	0	0	0	0	0	0	0	0	0	0	0	0	0	0.163	0	0	0	0	0	0	0	0.413	0.024	0	0	0	0	0	0.017	0	0	2.587	0	0	0	0	0	0	0	0	0	0	0	0	0.024	0	0	0	0	0	0	0	0	0	0	0	0	0	0
2008	IBPE	120.508	0	0	0	0	0	0	0	0	0	0	0	0	0	0	0	0	0	0	120.505	0	0	0	0	0	0	0	0	0	0	0	0.003	0	0	0	0	0	0	0	0	0	0	0	0	0	0	0	0	0	0	0	0	0	0	0	0	0	0	0	0	0	0	0	0	0	0	0	0	0	0	0	0	0	0	0	0	0	0	0	0	0	0	0	0	0	0	0	0	0	0	0	0	0	0	0	0	0	0	0	0	0	0	0	0	0	0	0	0	0	0	0	0	0	0	0	0	0	0	0	0
1990	IBPE1	71.034	0	0	0	0	0	0	0	0	0	7.475	0	0	0	0	0	0	0	0	47.851	0	0	0	0	0	0	0	0	0	0	0	0	0	0	0	0	0	0	0	0	0	0	0	0	0.074	0	0	0	0	0	0	0	0	0	0	0	0	0	0	0	0	0	0	0	0	0	0	0	0	0	0	0	0	0	0	0	0	0	0	0	0	0	0	0	0	0	0	0	0	0	0	0	0	0	0	0	0	0	0	0	0	0	0	0	0	0	0	0	0	15.634	0	0	0	0	0	0	0	0	0	0
1991	IBPE1	104.205	0	0	0	0	0	0	0	0	0	3.901	0	0	0	0	0	0	0	0	40.88	0	0	0	0	0	0	0	0	0	0	0	0.195	0	0	0	0.016	0	0	0	0	0	0	0	0	0.02	0	0	0	0	0	0	0	0	0	0	0	0.254	0	0	0	0	0	0	0	0	0	0	0	0	0	0	0	0	0	0	0	0	0	0	0	0	0	0	0	0	0	0	0	0	0	0	0	0	0	0	0.031	0	0	0	0	0	0	0	0	0	0	0	0	0	58.908	0	0	0	0	0	0	0	0	0	0
1992	IBPE1	31.125	0.007	0	0	0	0	0	0	0	0	4.046	0	0	0	0	0	0	0	0	18.596	0	0	0	0	0	0	0	0	0	0	0	0.008	0	0	0	0	0	0.452	0	0	0	0	0	0	0.024	0	0	0	0	0	0	0	0	0	0	0	0	0	0	0	0	0	0	0	0	0	0	0	0	0	0	0.007	0	0	0	0	0	0	0	0	0	0	0	0	0	0	0	0	0	0	0	0	0	0	0	0.245	0	0	0	0	0	0	0	0	0	0	0	0	0	7.74	0	0	0	0	0	0	0	0	0	0
1993	IBPE1	102.556	0.316	0	0	0	0	0	0	0	0	1.849	0	0	0	0	0	0	0	0	69.264	0	0	0	0	0	0	0	0	0	0	0	3.05	0	0	0.386	0.19	0	0	0	0	0	0	0.005	0	0.02	0	0	0	0	0	0	0	0	0	0	0	11.072	0	0	0	0	0	0	0	0	0	0	0	0	0	0	0	0	0	0.488	0	0	0	0.012	0	0	0	0	0	0	0	0	0	0	0	0	0	0	0	0	0.971	0	0.334	0	0	0	0	0	0	0	0	0	0	0	14.599	0	0	0	0	0	0	0	0	0	0
1994	IBPE1	77.728	0	0	0	0	0	0	0	0	0	0.679	0	0	0	0	0	0	0	0	67.375	0	0	0	0	0	0	0	0	0	0	0	0	0	0	0	0	0	0	0	0	0	0	0	0	0.001	0	0	0	0	0	0	0	0	0	0	0	0	0	0	0	0	0	0	0	0	0	0	0	0	0	0	0	0	0	0	0	0	0	0	0	0	0	0	0	0	0	0	0	0	0	0	0	0	0	0	0.006	0	0	0	0	0	0	0	0	0	0	0	0	0	9.667	0	0	0	0	0	0	0	0	0	0
1995	IBPE1	962.571	0.838	0	0	0	0	0	0	0.065	0	0	0.186	0.013	0	0	0	0	0	0	38.422	0	0	0	0	0.036	0	0	0	911.883	0	0	0	0	0	1.176	4.696	0	0	0.01	0.021	0	0	0	0	0	0	0	0	0	0	0	0	0	0	0	0	0.005	0	0	0	0	0	0	0	0	0	0	0	0	0	0	0.077	0	0	0	0	0	0	0.023	0	0	0	0.038	0	0	0	0	0	0	0	0	0	0	0	0	0.129	0	0.003	0	0	0	0	0	0	0	0	4.557	0	0.009	0	0.293	0	0.077	0.005	0	0	0	0	0	0.009
1996	IBPE1	23.356	0	0	0	0	0	0	0	0	0	0	0	0	0	0	0	0	0	0	22.424	0.004	0	0	0	0	0	0	0	0	0	0	0.002	0	0	0	0.003	0	0	0	0	0	0	0	0	0	0	0	0	0	0	0	0	0	0	0	0	0	0	0	0.6	0	0	0	0	0	0	0	0	0	0	0	0	0	0	0	0	0	0	0	0	0	0	0	0	0	0	0	0	0	0	0	0	0	0	0	0	0	0	0	0	0	0	0	0	0	0	0.163	0	0.054	0.106	0	0	0	0	0	0	0	0	0	0
1997	IBPE1	53.651	0.026	0	0	0	0	0	0	0	0	0	0	0	0	0	0	0	0	0	52.376	0	0	0	0	0	0	0	0	0	0	0	0.675	0	0	0	0.333	0	0	0	0	0	0	0.003	0	0	0	0	0	0	0	0	0	0	0	0	0	0.009	0	0	0	0	0	0	0	0	0	0	0	0	0	0	0	0	0	0.163	0	0	0	0	0	0	0	0	0	0	0	0	0	0	0	0	0	0	0	0	0.021	0	0.021	0	0	0	0	0	0	0	0.024	0	0	0	0	0	0	0	0	0	0	0	0	0	0
1998	IBPE1	52.347	0	0	0	0	0	0	0	0	0	0	0	0	0	0	0	0	0	0	52.313	0	0	0	0	0	0	0	0	0	0	0	0.021	0	0	0	0	0	0	0	0	0	0	0.008	0	0	0	0	0	0	0	0	0	0	0	0	0	0.005	0	0	0	0	0	0	0	0	0	0	0	0	0	0	0	0	0	0	0	0	0	0	0	0	0	0	0	0	0	0	0	0	0	0	0	0	0	0	0	0	0	0	0	0	0	0	0	0	0	0	0	0	0	0	0	0	0	0	0	0	0	0	0
1999	IBPE1	26.476	0.636	0	0	0	0	0	0	0	0	0	0	0	0	0	0	0	0.054	0	11.585	0	0	0	0	0	0	0	0	0	0.017	0	4.034	0	0	0.267	7.845	0	0	0.227	0	0	0	0.124	0	0	0	0	0.004	0	0	0	0	0	0	0	0	0.129	0	0	0	0	0	0	0	0	0	0	0	0	0	0.027	0	0	0	0	0	0	0.001	0	0	0	0	1.496	0	0	0	0	0	0	0	0.03	0	0	0	0	0	0	0	0	0	0	0	0	0	0	0	0	0	0	0	0	0	0	0	0	0	0	0	0	0
2000	IBPE1	13.123	0	0	0	0	0	0	0	0	0	0	0	0	0	0	0	0	0	0	12.897	0	0	0	0	0	0	0	0	0	0.005	0	0.145	0	0	0.003	0.016	0	0	0	0	0	0	0	0	0	0.001	0	0	0	0	0	0	0	0	0	0	0.009	0	0	0	0	0	0	0	0	0	0	0	0	0	0	0	0	0	0	0	0	0	0	0	0	0	0	0	0	0	0	0	0	0	0	0	0	0	0	0.005	0	0.042	0	0	0	0	0	0	0	0	0	0	0	0	0	0	0	0	0	0	0	0	0	0
2001	IBPE1	48.71	0.109	0	0	0	0	0	0	0	0	0	0	0	0	0	0	0	0	0	43.163	0	0	0	0	0	0	0	0	0	0	0	1.406	0	0	1.077	2.33	0	0	0.05	0.13	0	0	0	0	0	0	0	0	0	0	0	0	0	0	0	0	0.386	0	0	0	0	0	0	0	0	0	0	0	0	0	0	0	0	0	0	0	0	0.001	0	0	0	0	0.044	0	0	0	0	0	0	0	0	0	0	0	0	0.011	0	0.003	0	0	0	0	0	0	0	0	0	0	0	0	0	0	0	0	0	0	0	0	0	0
2002	IBPE1	24.934	0.013	0	0	0	0	0	0	0	0	0	0	0	0	0	0	0	0	0	24.55	0	0	0	0	0	0	0	0	0	0	0	0.345	0.001	0	0	0.009	0	0	0	0	0	0	0	0	0	0	0	0	0	0	0	0	0	0	0	0	0	0	0	0	0	0	0	0	0	0	0	0	0	0	0	0	0	0	0	0	0	0	0	0	0	0	0.006	0	0	0	0	0	0	0	0	0	0	0	0	0.01	0	0	0	0	0	0	0	0	0	0	0	0	0	0	0	0	0	0	0	0	0	0	0	0
2003	IBPE1	82.593	0.029	0	0	0	0	0	0	0	0	0	0	0.003	0.003	0	0	0	0	0	79.923	0	0	0	0	0	0	0	0	0	0	0	2.357	0	0	0.224	0	0	0	0.015	0	0	0	0	0	0	0.013	0	0	0	0	0	0	0	0	0	0	0.025	0	0	0	0	0	0	0	0	0	0	0	0	0	0.001	0	0	0	0	0	0	0	0	0	0	0	0	0	0	0	0	0	0	0	0	0	0	0	0	0	0	0	0	0	0	0	0	0	0	0	0	0	0	0	0	0	0	0	0	0	0	0	0	0
2004	IBPE1	12.003	0	0	0	0	0	0	0	0	0	0	0	0	0	0	0	0	0	0	12.003	0	0	0	0	0	0	0	0	0	0	0	0	0	0	0	0	0	0	0	0	0	0	0	0	0	0	0	0	0	0	0	0	0	0	0	0	0	0	0	0	0	0	0	0	0	0	0	0	0	0	0	0	0	0	0	0	0	0	0	0	0	0	0	0	0	0	0	0	0	0	0	0	0	0	0	0	0	0	0	0	0	0	0	0	0	0	0	0	0	0	0	0	0	0	0	0	0	0	0	0
2005	IBPE1	32.217	0.188	0	0	0	0	0	0	0	0	0	0.292	0	0.027	0	0	0	0	0	10.39	0	0	0	0	0	0	0	0	0	0.017	0	9.699	0	0	4.889	0.66	0	0	0.003	0	0	0	0	0	0	0.012	0	0	0	0	0	0	0	0	0	0	0.129	0	0	0	0	0	0	0	0	0	0	0	0	0	0	0	0	0	2.604	0	0	0	0	0	0	0	0.768	0	0	0	0	0	0	0	0	0	1.725	0	0	0.03	0.23	0.052	0.5	0	0	0	0	0	0	0	0	0	0	0	0	0	0.002	0	0	0	0	0	0	0
2006	IBPE1	9.155	0	0	0	0	0	0	0	0	0	0	0	0	0	0	0	0	0	0	9.155	0	0	0	0	0	0	0	0	0	0	0	0	0	0	0	0	0	0	0	0	0	0	0	0	0	0	0	0	0	0	0	0	0	0	0	0	0	0	0	0	0	0	0	0	0	0	0	0	0	0	0	0	0	0	0	0	0	0	0	0	0	0	0	0	0	0	0	0	0	0	0	0	0	0	0	0	0	0	0	0	0	0	0	0	0	0	0	0	0	0	0	0	0	0	0	0	0	0	0	0
2007	IBPE1	101.065	6.893	0	0	0	0	0	0	0	0	0	0.371	0	0	0	0	0	0.012	0	41.447	0	0	0	0	0	0	0	0	0	0	0	0.14	0	0	0.208	34.579	0	0	0	0	0	0	0	0	0	0	0	0	0	0	0	0	0.049	0	0	0	0.137	0	0	3	0	0	0	0	0	0	0	0	0.001	0	0	0.031	0	0	0.651	0	0	0	0	0	0	0	2.535	0	0	0	0	0	0	0.207	0	0	9.919	0	0	0.034	0	0	0.81	0	0	0	0	0	0	0	0	0	0	0	0	0	0.041	0	0	0	0	0	0	0
2008	IBPE1	47.11	0	0	0	0	0	0	0	0	0	0	0	0	0	0	0	0	0	0	47.095	0	0	0	0	0	0	0	0	0	0	0	0.006	0	0	0	0	0	0	0	0	0	0	0	0	0	0	0	0	0	0	0	0	0	0	0	0	0.009	0	0	0	0	0	0	0	0	0	0	0	0	0	0	0	0	0	0	0	0	0	0	0	0	0	0	0	0	0	0	0	0	0	0	0	0	0	0	0	0	0	0	0	0	0	0	0	0	0	0	0	0	0	0	0	0	0	0	0	0	0	0	0
1990	IBPE2	157.018	0	0	0	0	0	0	0	0	0	4.42	0	0	0	0	0	0	0	0	148.445	0	0	0	0	0	0	0	0	0	0	0	0	0	0	0	0	0	0	0	0	0	0	0	0	0.03	0	0	0	0	0	0	0	0	0	0	0	0	0	0	0	0	0	0	0	0	0	0	0	0	0	0	0	0	0	0	0	0	0	0	0	0	0	0	0	0	0	0	0	0	0	0	0	0	0	0	0	0	0	0	0	0	0	0	0	0	0	0	0	0	4.123	0	0	0	0	0	0	0	0	0	0
1991	IBPE2	116.049	0	0	0	0	0	0	0	0	0	4.94	0	0	0	0	0	0	0	0	98.628	0	0	0	0	0	0	0	0	0	0	0	0.338	0	0	0	0	0	0	0	0	0	0	0	0	0.066	0	0	0	0	0	0	0	0	0	0	0	0.724	0	0	0	0	0	0	0	0	0	0	0	0	0	0	0	0	0	0	0	0	0	0	0	0	0	0	0	0	0.001	0	0	0	0	0	0	0	0	0	0.043	0	0	0	0	0	0	0	0	0	0	0	0	0	11.309	0	0	0	0	0	0	0	0	0	0
1992	IBPE2	40.96	0.009	0	0	0	0	0	0	0	0	3.445	0	0	0	0	0	0	0	0	35.104	0	0	0	0	0	0	0	0	0	0	0	0.005	0	0	0	0.099	0	0	0	0	0	0	0	0	0.012	0.005	0	0	0	0	0	0	0	0	0	0	0	0	0	0	0	0	0	0	0	0	0	0	0	0	0	0	0	0	0	0	0	0	0	0	0	0	0	0	0	0	0	0	0	0	0	0	0	0	0	0.391	0	0	0	0	0	0	0	0	0	0	0	0	0	1.89	0	0	0	0	0	0	0	0	0	0
1993	IBPE2	104.964	0.421	0	0	0	0	0	0	0	0	0.504	0	0.053	0	0	0	0	0	0	84.019	0	0	0	0	0.001	0	0	0	0	0	0	1.585	0	0	0.885	1.005	0	0	0	0	0	0	0.041	0	0.003	0	0	0	0	0	0	0	0	0	0	0	9.189	0	0	0	0	0	0	0	0	0	0	0	0	0	0	0	0	0	0	0	0	0	0.012	0	0	0	0	0	0	0	0	0	0	0	0	0	0	0	0	1.154	0	0.199	0	0	0	0	0	0	0	0	0	0	0	5.893	0	0	0	0	0	0	0	0	0	0
1994	IBPE2	112.704	0	0	0	0	0	0	0	0	0.466	2.256	0	0	0	0	0	0	0	0	107.303	0	0	0	0	0	0	0	0	0	0	0	0	0	0	0	0	0	0	0	0	0	0	0	0	0.002	0	0	0	0	0	0	0	0	0	0	0	0	0	0	0	0	0	0	0	0	0	0	0	0	0	0	0	0	0	0	0	0	0	0	0	0	0	0	0	0	0	0	0	0	0	0	0	0	0	0	0.008	0	0	0	0	0	0	0	0	0	0	0	0	0	2.669	0	0	0	0	0	0	0	0	0	0
1995	IBPE2	654.404	1.135	0	0	0	0	0	0	0	0	0	0.265	0.04	0	0	0	0	0	0	33.286	0	0	0	0	0.014	0	0	0	609.93	0	0	2.126	0	0	4.403	1.534	0	0	0	0.017	0	0	0	0	0	0	0	0	0	0	0	0	0	0	0	0	0.009	0	0	0	0	0	0	0	0	0	0	0	0	0	0	0.002	0	0	0.326	0	0	0	0.029	0	0	0	0	0.199	0	0	0	0	0	0	0	0	0.863	0	0	0.092	0	0	0	0	0	0	0	0	0	0	0	0	0.014	0	0.099	0	0.021	0	0	0	0	0	0	0
1996	IBPE2	42.218	0	0	0	0.419	0	0	0	0	0	0	0	0	0	0	0	0	0	0	41.679	0.002	0	0	0	0	0	0	0	0	0	0	0.002	0	0	0	0.102	0	0	0	0	0	0	0	0	0	0	0	0	0	0	0	0	0	0	0	0	0.014	0	0	0	0	0	0	0	0	0	0	0	0	0	0	0	0	0	0	0	0	0	0	0	0	0	0	0	0	0	0	0	0	0	0	0	0	0	0	0	0	0	0	0	0	0	0	0	0	0	0	0	0	0	0	0	0	0	0	0	0	0	0	0
1997	IBPE2	65.941	0.038	0	0	0.046	0	0	0	0	0	0	0	0	0	0	0	0	0	0	64.485	0	0	0	0	0	0	0	0	0	0	0	1.142	0	0	0.006	0.025	0	0	0	0	0	0	0.007	0	0	0	0	0	0	0	0	0	0	0	0	0	0.005	0	0	0	0	0	0	0	0	0.001	0	0	0	0	0	0	0	0	0.163	0	0	0	0	0	0	0	0	0	0	0	0	0	0	0	0	0	0	0	0	0.023	0	0	0	0	0	0	0	0	0	0	0	0	0	0	0	0	0	0	0	0	0	0	0	0
1998	IBPE2	61.839	0	0	0	0.289	0	0	0.065	0	0	0	0	0	0	0	0	0	0.003	0	61.12	0	0	0	0	0	0	0	0	0	0	0	0.276	0	0	0.037	0	0	0	0	0	0	0	0.001	0	0	0	0	0	0	0	0	0	0	0	0	0	0.041	0	0	0	0	0	0	0	0	0	0	0	0	0.001	0	0	0	0	0	0	0	0	0	0	0	0	0	0	0	0	0	0	0	0	0	0	0	0	0	0	0	0.006	0	0	0	0	0	0	0	0	0	0	0	0	0	0	0	0	0	0	0	0	0	0
1999	IBPE2	50.793	1.476	0	0	0	0	0	0	0	0	0	0	0	0	0	0	0	0.052	0	42.394	0	0	0	0	0	0	0	0	0	0	0	3.669	0	0	1.129	1.081	0	0	0.065	0.016	0	0	0.12	0	0	0	0	0	0	0	0	0	0	0	0	0	0	0	0	0	0	0	0	0	0	0	0	0	0	0	0.005	0	0	0	0	0	0	0	0	0	0	0	0.484	0	0	0	0	0	0	0	0	0	0	0	0	0.017	0.177	0.012	0	0	0	0	0	0	0	0	0	0	0	0	0	0	0.096	0	0	0	0	0	0	0
2000	IBPE2	12.921	0	0	0	0	0	0	0	0	0	0	0	0	0	0	0	0	0	0	12.764	0	0	0	0	0	0	0	0	0	0	0	0.153	0	0	0	0	0	0	0	0	0	0	0	0	0	0	0	0	0	0	0	0	0	0	0	0	0	0	0	0	0	0	0	0	0	0	0	0.004	0	0	0	0	0	0	0	0	0	0	0	0	0	0	0	0	0	0	0	0	0	0	0	0	0	0	0	0	0	0	0	0	0	0	0	0	0	0	0	0	0	0	0	0	0	0	0	0	0	0	0	0
2001	IBPE2	47.145	0.241	0	0	0	0	0	0	0	0	0	0.053	0	0	0.011	0	0	0	0	39.293	0	0	0	0	0	0	0	0	0	0	0	2.265	0	0	2.104	1.561	0	0	0.435	0.028	0	0	0	0	0	0	0	0	0	0	0	0	0	0	0	0	0.776	0	0	0	0	0	0	0	0	0	0	0	0	0	0	0	0	0	0.326	0	0	0.002	0	0	0	0	0.029	0	0	0	0	0	0	0	0	0	0	0	0	0.001	0	0.01	0	0	0	0	0	0	0	0	0	0	0	0	0	0	0.01	0	0	0	0	0	0	0
2002	IBPE2	50.752	0.088	0	0	0.299	0	0	0	0	0	0	0	0	0	0	0	0	0	0	49.923	0	0	0	0	0	0	0	0	0	0	0	0.3	0	0	0	0.113	0	0	0	0	0	0	0	0	0	0	0	0	0	0	0	0	0	0	0	0	0.005	0	0	0	0	0	0	0	0	0	0	0	0	0	0	0	0	0	0	0	0	0	0	0	0	0	0.007	0	0	0	0	0	0	0	0	0	0	0	0	0.017	0	0	0	0	0	0	0	0	0	0	0	0	0	0	0	0	0	0	0	0	0	0	0	0
2003	IBPE2	70.941	0.041	0	0	0.197	0	0	0	0	0	0	0	0	0	0	0	0	0	0	67.912	0	0	0	0	0	0	0	0	0	0	0	2.455	0	0	0.265	0.033	0	0	0.001	0	0	0	0	0	0	0.028	0	0	0	0	0	0	0	0	0	0	0.009	0	0	0	0	0	0	0	0	0	0	0	0	0	0	0	0	0	0	0	0	0	0	0	0	0	0	0	0	0	0	0	0	0	0	0	0	0	0	0	0	0	0	0	0	0	0	0	0	0	0	0	0	0	0	0	0	0	0	0	0	0	0	0
2004	IBPE2	8.603	0	0	0	0	0	0	0	0	0	0	0	0	0	0	0	0	0	0	8.603	0	0	0	0	0	0	0	0	0	0	0	0	0	0	0	0	0	0	0	0	0	0	0	0	0	0	0	0	0	0	0	0	0	0	0	0	0	0	0	0	0	0	0	0	0	0	0	0	0	0	0	0	0	0	0	0	0	0	0	0	0	0	0	0	0	0	0	0	0	0	0	0	0	0	0	0	0	0	0	0	0	0	0	0	0	0	0	0	0	0	0	0	0	0	0	0	0	0	0	0
2005	IBPE2	29.373	0.501	0	0	0	0	0	0	0	0	0	0.027	0	0	0	0	0	0	0	10.648	0	0	0	0	0	0	0	0	0	0.095	0	9.62	0	0	4.965	2.359	0	0	0.026	0.01	0	0	0	0	0	0.005	0	0	0	0	0	0	0	0	0	0	0.015	0	0	0	0	0	0	0	0	0	0	0	0	0	0	0	0	0	0.326	0	0	0	0	0	0	0	0.582	0	0	0	0	0	0	0	0	0	0	0	0	0.01	0	0.049	0	0	0	0	0	0	0	0	0	0	0	0	0	0	0.135	0	0	0	0	0	0	0
2006	IBPE2	26.429	0	0	0	0.683	0	0	0	0	0	0	0	0	0	0	0	0	0	0	25.746	0	0	0	0	0	0	0	0	0	0	0	0	0	0	0	0	0	0	0	0	0	0	0	0	0	0	0	0	0	0	0	0	0	0	0	0	0	0	0	0	0	0	0	0	0	0	0	0	0	0	0	0	0	0	0	0	0	0	0	0	0	0	0	0	0	0	0	0	0	0	0	0	0	0	0	0	0	0	0	0	0	0	0	0	0	0	0	0	0	0	0	0	0	0	0	0	0	0	0	0
2007	IBPE2	82.465	5.377	0	0	0	0	0	0	0	0	0	0	0	0	0	0	0	0	0	69.768	0	0	0	0	0	0	0	0	0	0.002	0	0.133	0	0	1.054	3.3	0	0	0	0	0	0	0	0	0	0	0	0	0	0	0	0	0	0	0	0	0	0	0	0	0	0	0	0	0	0	0	0	0	0	0	0	0	0	0	0	0	0	0	0	0	0	0.617	0.012	0	0	0	0	0	0.034	0	0	1.725	0	0	0	0	0	0.06	0	0	0	0	0	0	0	0	0	0.018	0	0	0	0.365	0	0	0	0	0	0	0
2008	IBPE2	50.23	0	0	0	0	0	0	0	0	0	0	0	0	0	0	0	0	0	0	50.211	0	0	0	0	0	0	0	0	0	0	0	0.01	0	0	0	0	0	0	0	0	0	0	0	0	0	0	0	0	0	0	0	0	0	0	0	0	0.009	0	0	0	0	0	0	0	0	0	0	0	0	0	0	0	0	0	0	0	0	0	0	0	0	0	0	0	0	0	0	0	0	0	0	0	0	0	0	0	0	0	0	0	0	0	0	0	0	0	0	0	0	0	0	0	0	0	0	0	0	0	0	0
1990	IBPE3	197.512	0	0	0	0	0	0	0	0	0	22.719	0	0	0	0	0	0	0	0	163.172	0	0	0	0	0	0	0	0	0	0	0	0	0	0	0	0	0	0	0	0	0	0	0	0	0	0	0	0	0	0	0	0	0	0	0	0	0	0	0	0	0	0	0	0	0	0	0	0	0	0	0	0	0	0	0	0	0	0	0	0	0	0	0	0	0	0	0	0	0	0	0	0	0	0	0	0	0	0	0	0	0	0	0	0	0	0	0	0	0	11.621	0	0	0	0	0	0	0	0	0	0
1991	IBPE3	208.936	0	0	0	0	0	0	0	0	0	6.111	0	0	0	0	0	0	0	0	157.729	0	0	0	0	0	0	0	0	0	0	0	0.227	0	0	0	0.075	0	0	0	0	0	0	0	0	0.008	0.004	0	0	0	0	0	0	0	0	0	0	0.881	0	0	0	0	0	0	0	0	0	0	0	0	0	0	0	0	0	0	0	0	0	0.023	0	0	0	0	0	0	0.01	0	0	0	0	0	0	0	0	0	0.076	0	0	0	0	0	0	0	0	0	0	0	0	0.009	43.783	0	0	0	0	0	0	0	0	0	0
1992	IBPE3	110.34	0.001	0	0	0	0	0	0	0	0	3.562	0	0	0	0	0	0	0	0	84.782	0	0	0	0	0	0	0	0	0	0	0	0.002	0	0	0.001	0.016	0	0.782	0	0	0	0	0	0	0	0	0	0	0	0	0	0	0	0	0	0	0	0	0	0	0	0	0	0	0	0	0	0	0	0	0	0	0	0	0	0	0	0	0	0	0	0	0	0	0	0	0	0	0	0	0	0	0	0	0	0.226	0	0	0	0	0	0	0	0	0	0	0	0	0	20.941	0	0	0	0.001	0.026	0	0	0	0	0
1993	IBPE3	181.14	0.272	0	0	0	0	0	0	0	0	5.103	0	0.067	0	0	0	0	0	0	145.315	0	0	0	0	0.002	0	0	0	0	0	0	1.785	0	0	1.676	0.82	0	0	0	0	0	0	0.077	0	0.001	0	0	0	0	0	0	0	0	0	0	0	9.629	0	0	0	0	0	0	0	0	0	0.032	0	0	0	0	0	0	0	0.489	0	0	0	0.012	0	0	0	0	0	0	0	0	0	0	0	0	0	0.863	0	0	0.536	0	0.087	0	0	0	0	0.031	0.021	0	0	0	0	0.088	14.234	0	0	0	0	0	0	0	0	0	0
1994	IBPE3	146.914	0	0	0	0	0	0	0	0	0	0.597	0	0	0	0	0	0	0	0	142.788	0	0	0	0	0	0	0	0	0	0	0	0	0	0	0	0	0	0	0	0	0	0	0	0	0	0	0	0	0	0	0	0	0	0	0	0	0	0	0	0	0	0	0	0	0	0	0	0	0	0	0	0	0	0	0	0	0	0	0	0	0	0	0	0	0	0	0	0	0	0	0	0	0	0	0	0.01	0	0	0	0	0	0	0	0	0	0	0	0	0	3.519	0	0	0	0	0	0	0	0	0	0
1995	IBPE3	763.392	2.262	0	0	0.098	0.39	0	0	0	0	0	0.544	0	0	0	0	0	0	0	66.261	0	0	0	0	0.049	0.024	0	0	689.748	0	0	0	0	0	1.872	0.697	0	0	0.006	0.134	0	0	0	0	0	0	0	0	0	0	0	0	0	0	0	0	0	0	0	0	0	0	0	0	0	0	0	0	0	0	0	0.014	0	0	0.325	0	0	0	0	0	0	0	0.008	0.025	0	0	0	0	0	0	0	0	0	0	0	0.123	0	0.002	0	0	0	0	0	0	0	0	0.068	0	0.272	0	0.322	0	0.148	0	0	0	0	0	0	0
1996	IBPE3	56.515	0.005	0	0	0.364	0	0	0	0	0	0	0	0	0	0	0	0	0	0	56.078	0.004	0	0	0	0	0	0	0	0	0	0	0.024	0	0	0	0.012	0	0	0	0	0	0	0	0	0	0	0	0	0	0	0	0	0	0	0	0	0.009	0	0	0	0	0	0	0	0	0	0	0	0	0	0	0	0	0	0	0	0	0	0	0	0	0	0	0	0	0	0	0	0	0	0	0	0	0	0	0.002	0	0	0	0	0	0	0	0	0	0	0.017	0	0	0	0	0	0	0	0	0	0	0	0	0
1997	IBPE3	56.792	0.074	0	0	0.02	0	0	0	0	0	0	0.027	0	0	0.003	0	0	0.001	0	55.964	0	0	0	0	0	0	0	0	0	0	0	0.248	0	0	0.022	0.073	0	0	0	0	0	0	0.128	0	0	0.01	0	0	0	0	0	0	0	0	0	0	0.014	0	0	0	0	0	0	0	0	0	0.004	0	0	0	0	0	0	0	0.163	0	0	0	0	0	0	0	0	0	0	0	0	0	0	0	0	0	0	0	0	0.011	0	0.006	0	0.001	0	0	0	0	0	0.023	0	0	0	0	0	0	0	0	0	0	0	0	0	0
1998	IBPE3	97.908	0	0	0	0	0	0	0	0	0	0	0	0	0	0	0	0	0	0	97.629	0	0	0	0	0	0	0	0	0	0	0	0.12	0.001	0	0.018	0	0	0	0	0	0	0	0.073	0	0	0	0	0	0	0	0	0	0	0	0	0	0.05	0	0	0	0	0	0	0	0	0	0	0	0	0	0	0	0	0	0	0	0	0	0	0	0	0	0	0	0	0	0	0	0	0	0	0	0	0	0	0	0	0.002	0	0	0	0	0	0	0	0	0	0	0.015	0	0	0	0	0	0	0	0	0	0	0
1999	IBPE3	81.219	1.07	0	0	0	0	0	0	0	0	0	0.013	0	0	0	0	0	0.025	0	68.386	0	0	0	0	0	0	0	0	0	0	0	3.466	0	0	2.569	1.443	0	0	0.113	0	0	0	0.517	0	0	0	0	0	0	0	0	0	0	0	0	0	0	0	0	1.8	0	0	0	0	0	0	0	0	0	0.018	0	0	0	0	1.301	0.014	0	0.002	0	0	0	0	0.432	0	0	0	0	0	0	0	0	0	0	0	0	0.004	0	0	0	0	0	0	0	0	0	0	0	0	0	0	0	0	0.046	0	0	0	0	0	0	0
2000	IBPE3	53.289	0	0	0	0	0	0	0	0	0	0	0	0	0	0	0	0	0	0	53.07	0	0	0	0	0	0	0	0	0	0	0	0.212	0.001	0	0	0	0	0	0	0	0	0	0	0	0	0.002	0	0	0	0	0	0	0	0	0	0	0	0	0	0	0	0	0	0	0	0	0	0	0	0	0	0	0	0	0	0	0	0	0	0	0	0	0	0	0	0	0	0	0	0	0	0	0	0	0	0	0	0.004	0	0	0	0	0	0	0	0	0	0	0	0	0	0	0	0	0	0	0	0	0	0
2001	IBPE3	116.472	0.541	0	0	0	0	0	0	0	0	0	0.003	0.059	0	0.003	0	0	0	0	103.765	0	0	0	0	0	0	0	0	0	0.007	0	5.035	0	0	4.118	0.661	0	0	0.296	0.44	0	0	0	0	0	0.005	0	0	0	0	0	0	0	0	0	0	0	0	0	0.6	0	0	0	0	0	0	0	0	0	0	0.003	0	0	0	0.813	0	0	0	0	0	0	0	0.063	0	0	0	0	0	0	0	0	0	0	0	0	0	0	0.002	0	0	0	0	0	0	0	0	0	0	0	0	0	0	0.058	0	0	0	0	0	0	0
2002	IBPE3	105.53	0.067	0	0	0	0	0	0	0	0	0	0	0	0	0	0	0	0	0	104.921	0	0	0	0	0	0	0	0	0	0	0	0.428	0	0	0.006	0.092	0	0	0	0	0	0	0	0	0	0	0	0	0	0	0	0	0	0	0	0	0.015	0	0	0	0	0	0	0	0	0	0	0	0	0	0	0	0	0	0	0	0	0	0	0	0	0	0	0	0	0	0	0	0	0	0	0	0	0	0	0.001	0	0	0	0	0	0	0	0	0	0	0	0	0	0	0	0	0	0	0	0	0	0	0	0
2003	IBPE3	151.688	0.038	0	0	0	0	0	0	0	0	0	0.013	0	0.109	0	0	0	0	0	147.992	0	0	0	0	0	0	0	0	0	0	0	2.498	0	0	0.297	0.086	0	0	0.002	0	0	0	0	0	0	0.006	0	0	0	0	0	0	0	0	0	0	0.014	0	0	0.6	0	0	0	0	0	0	0	0	0	0	0	0	0	0	0	0	0	0	0	0	0	0	0	0	0	0	0	0	0	0	0	0	0	0	0	0	0	0	0	0	0	0	0	0	0	0	0	0	0	0	0	0	0.033	0	0	0	0	0	0	0
2004	IBPE3	50.805	0	0	0	0	0	0	0	0	0	0	0	0	0	0	0	0	0	0	50.805	0	0	0	0	0	0	0	0	0	0	0	0	0	0	0	0	0	0	0	0	0	0	0	0	0	0	0	0	0	0	0	0	0	0	0	0	0	0	0	0	0	0	0	0	0	0	0	0	0	0	0	0	0	0	0	0	0	0	0	0	0	0	0	0	0	0	0	0	0	0	0	0	0	0	0	0	0	0	0	0	0	0	0	0	0	0	0	0	0	0	0	0	0	0	0	0	0	0	0	0
2005	IBPE3	35.238	0.681	0	0	0	0	0	0	0	0	0	0	0	0	0	0	0	0	0	0.553	0	0	0	0	0	0.15	0	0.013	0	0.008	0	10.024	0	0	16.652	6.27	0	0	0.027	0	0	0	0	0	0	0.005	0	0	0	0	0	0	0	0	0	0	0.023	0	0	0	0	0	0	0	0	0	0	0	0	0	0	0	0	0	0.489	0	0	0	0	0	0	0	0.259	0	0	0	0	0	0	0	0	0	0	0	0	0.011	0	0	0	0	0	0	0	0	0	0	0	0	0	0	0	0	0.073	0	0	0	0	0	0	0
2006	IBPE3	23.288	0	0	0	0	0	0	0	0	0	0	0	0	0	0	0	0	0	0	23.288	0	0	0	0	0	0	0	0	0	0	0	0	0	0	0	0	0	0	0	0	0	0	0	0	0	0	0	0	0	0	0	0	0	0	0	0	0	0	0	0	0	0	0	0	0	0	0	0	0	0	0	0	0	0	0	0	0	0	0	0	0	0	0	0	0	0	0	0	0	0	0	0	0	0	0	0	0	0	0	0	0	0	0	0	0	0	0	0	0	0	0	0	0	0	0	0	0	0	0	0
2007	IBPE3	101.615	4.393	0	0	0	0	0	0	0	0	0	0.225	0	0	0	0	0	0	0	78.867	0	0	0	0	0	0	0	0	0	0.032	0	0.089	0	0	1.432	12.423	0	0	0.005	0	0	0	0	0	0	0	0	0	0	0	0	0	0	0	0	0	0	0.003	0	1.2	0	0	0	0	0	0	0	0	0	0	0	0	0	0	0.814	0	0	0	0	0	0	0	0.9	0	0	0	0	0	0	1.078	0	0	0	0	0	0.098	0	0	0	0	0	0	0	0	0	0	0	0	0	0	0	0	0.056	0	0	0	0	0	0	0
2008	IBPE3	103.667	0	0	0	0	0	0	0	0	0	0	0	0	0	0	0	0	0	0	103.649	0	0	0	0	0	0	0	0	0	0	0	0.015	0	0	0.003	0	0	0	0	0	0	0	0	0	0	0	0	0	0	0	0	0	0	0	0	0	0	0	0	0	0	0	0	0	0	0	0	0	0	0	0	0	0	0	0	0	0	0	0	0	0	0	0	0	0	0	0	0	0	0	0	0	0	0	0	0	0	0	0	0	0	0	0	0	0	0	0	0	0	0	0	0	0	0	0	0	0	0	0	0
1990	IBPE4	190.481	0	0	1.321	0	0	0	0	0	0	6.825	0	0	0	0	0	0	0	0	174.027	0	0	0	0	0	0	0	0	0	0	0	0	0	0	0	0	0	0	0	0	0	0	0	0	0.023	0	0	0	0	0	0	0	0	0	0	0	0	0	0	0	0	0	0	0	0	0	0	0	0	0	0	0	0	0	0	0	0	0	0	0	0	0	0	0	0	0	0	0	0	0	0	0	0	0	0	0	0	0	0	0	0	0	0	0	0	0	0	0	0	8.285	0	0	0	0	0	0	0	0	0	0
1991	IBPE4	166.809	0	0	0	0	0	0	0	0	0	4.29	0	0.08	0	0	0	0	0	0	144.296	0	0	0	0	0	0	0	0	0	0	0	0.054	0	0	0.001	0.025	0	0	0	0	0	0	0	0	0.01	0	0	0	0	0	0	0	0	0	0	0	2.207	0	0	0	0	0	0	0	0	0	0	0	0	0	0	0	0	0	0	0	0	0	0.244	0	0	0	0	0	0	0.051	0	0	0	0	0	0	0	0	0	0.011	0	0	0	0	0	0	0	0	0	0	0	0	0	15.54	0	0	0	0	0	0	0	0	0	0
1992	IBPE4	108.046	0.002	0	0.711	0	0	0	0	0	0	1.463	0	0	0	0	0	0	0	0	102.583	0	0	0	0	0	0	0	0	0	0	0	0	0	0	0	0	0	2.363	0	0	0	0	0	0	0	0	0	0	0	0	0	0	0	0	0	0	0	0	0	0	0	0	0	0	0	0	0	0	0	0	0	0	0	0	0	0	0	0	0	0	0	0	0	0	0	0	0	0	0	0	0	0	0	0	0	0.098	0	0	0	0	0	0	0	0	0	0	0	0	0	0.801	0	0	0	0	0.025	0	0	0	0	0
1993	IBPE4	218.977	0.21	0	0	0	0	0	0	0	7.207	3.689	0	0.04	0	0	0	0	0	0	194.886	0	0	0.467	0	0	0	0	0	0	0	0	0.536	0	0	0.698	0.117	0	0	0.003	0	0	0	0.01	0	0	0	0	0	0	0	0	0	0	0	0	0	9.102	0	0	0	0	0	0	0	0	0.001	0.013	0	0	0	0	0	0	0	0.163	0	0	0	0	0	0	0	0	0.056	0	0	0	0	0	0	0	0	0	0	0	0.408	0	0.267	0	0	0	0	0	0	0	0	0	0	0	1.104	0	0	0	0	0	0	0	0	0	0
1994	IBPE4	220.993	0	0	0	0	0	0	0	0	0	0.718	0	0	0	0	0	0	0	0	219.506	0	0	0	0	0	0	0	0	0	0	0	0	0	0	0	0	0	0	0	0	0	0	0	0	0	0	0	0	0	0	0	0	0	0	0	0	0	0	0	0	0	0	0	0	0	0	0	0	0	0	0	0	0	0	0	0	0	0	0	0	0	0	0	0	0	0	0	0	0	0	0	0	0	0	0	0.001	0	0	0	0	0	0	0	0	0	0	0	0	0	0.768	0	0	0	0	0	0	0	0	0	0
1995	IBPE4	443.109	1.215	0	0	0.358	0	0	0	0	0	0	0.122	0	0	0	0	0	0	0	87.96	0	0	0	0	0.049	0	0	0	334.332	0	0	3.259	0	0	3.713	6.567	0	0	0.095	0.04	0	0	0	0	0	0	0	0	0	0	0	0	0	0	0	0	1.147	0	0.018	0	0	0	0	0	0	0	0.491	0	0	0	0	0	0	0	0.651	0	0	0	0.102	0	0	0	0.021	0	0	0	0	0	0	0	0	0	0.431	0	0.01	0.034	0	0	0	0	0	0	0	0	0	0	0.03	0	0	0	0.265	2	0.168	0.017	0.014	0	0	0	0	0
1996	IBPE4	42.684	0	0	0	0	0	0	0	0	0	0	0	0	0	0	0	0	0.001	0	42.024	0	0	0	0	0	0	0	0	0	0	0	0.005	0	0	0	0.02	0	0	0	0	0	0	0	0	0	0	0	0	0	0	0	0	0	0	0	0	0.032	0	0	0.6	0	0	0	0	0	0	0	0	0	0	0	0	0	0	0	0	0	0	0	0	0	0	0	0	0	0	0	0	0	0	0	0	0	0	0	0.002	0	0	0	0	0	0	0	0	0	0	0	0	0	0	0	0	0	0	0	0	0	0	0	0
1997	IBPE4	113.473	0.046	0	0	0	0	0	0	0	0	0	0.027	0	0	0	0	0	0	0	112.546	0	0	0	0	0	0	0	0	0	0	0	0.443	0	0	0.013	0.04	0	0	0	0	0	0	0	0	0	0	0	0	0	0	0	0	0	0	0	0	0.01	0	0	0	0	0	0	0	0	0.005	0	0	0	0.001	0	0	0	0	0.326	0	0	0	0	0	0	0	0	0	0	0	0	0	0	0	0	0	0	0	0	0.006	0	0.01	0	0	0	0	0	0	0	0	0	0	0	0	0	0	0	0	0	0	0	0	0	0
1998	IBPE4	198.873	0	0	0	0	0	0	0.081	0	0	0	0	0	0	0	0	0	0.003	0	198.434	0	0	0	0	0	0	0	0	0	0	0	0.067	0	0	0.012	0.165	0	0	0	0	0	0	0.001	0	0	0	0	0	0	0	0	0	0	0	0	0	0.023	0	0	0	0	0	0	0	0	0	0	0	0	0	0	0	0	0	0	0	0	0	0	0	0	0	0	0	0	0	0	0	0	0	0	0	0	0	0	0.029	0	0	0	0	0	0	0	0	0	0	0	0	0	0	0	0	0	0.058	0	0	0	0	0	0
1999	IBPE4	146.071	1.376	0	0	0	0	0	0	0	0	0	0.069	0	0	0	0	0	0.053	0	129.822	0	0	0	0	0	0	0	0	0	0.025	0	4.11	0	0	3.53	3.127	0	0	0.105	0.01	0	0	0.228	0	0	0	0	0	0	0	0	0	0	0	0	0	0	0	0.001	1.8	0	0	0	0	0	0	0.051	0	0	0	0.004	0	0	0	0.651	0	0	0.005	0	0	0	0	0.759	0.031	0	0	0	0	0	0	0.008	0	0	0	0	0.008	0	0.031	0	0	0	0	0	0	0	0	0	0	0	0	0	0	0.267	0	0	0	0	0	0	0
2000	IBPE4	60.533	0.001	0	0	0	0	0.065	0	0	0	0	0	0	0	0	0	0	0.003	0	59.916	0	0	0	0	0	0	0	0	0	0	0	0.151	0	0	0	0.387	0	0	0	0	0	0	0	0	0	0.005	0	0	0	0	0	0	0	0	0	0	0.005	0	0	0	0	0	0	0	0	0	0	0	0	0	0	0	0	0	0	0	0	0	0	0	0	0	0	0	0	0	0	0	0	0	0	0	0	0	0	0	0	0	0	0	0	0	0	0	0	0	0	0	0	0	0	0	0	0	0	0	0	0	0	0
2001	IBPE4	240.463	0.266	0	0	0	0	0	0	0	0	0	0.054	0	0	0	0	0	0	0	229.238	0	0	0	0	0	0	0	0	0	0.008	0	2.504	0	0	3.09	4.463	0	0	0.149	0.128	0	0	0.002	0	0	0	0	0	0	0	0	0	0	0	0	0	0.518	0	0	0	0	0	0	0	0	0	0.006	0	0	0	0	0	0	0	0	0	0	0	0	0	0	0	0.025	0	0	0	0	0	0	0	0	0	0	0	0	0	0	0	0	0	0	0	0	0	0	0	0	0	0	0	0	0	0.012	0	0	0	0	0	0	0
2002	IBPE4	221.737	0.113	0	0	0	0	0	0	0	0	0	0	0	0.016	0	0	0	0	0	221.015	0	0	0	0	0	0	0	0	0	0	0	0.255	0	0	0	0.3	0	0	0	0	0	0	0	0	0	0	0	0	0	0	0	0	0	0	0	0	0.005	0	0	0	0	0	0	0	0	0	0	0	0	0	0	0	0	0	0	0	0	0	0	0	0	0	0.016	0	0	0	0	0	0	0	0	0	0	0	0	0.015	0	0	0	0	0	0	0	0	0	0	0	0	0	0	0	0	0.002	0	0	0	0	0	0	0
2003	IBPE4	313.858	0.034	0	0	0	0	0	0	0	0	0	0	0	0.006	0	0	0	0	0	309.301	0	0	0	0	0	0	0	0	0	0	0	2.862	0	0	0.956	0.058	0	0	0.005	0	0	0	0	0	0	0.004	0	0	0	0	0	0	0	0	0	0	0.01	0	0	0.6	0	0	0	0	0	0	0	0	0	0	0	0	0	0	0	0	0	0	0	0	0	0	0	0	0	0	0	0	0	0	0	0	0	0	0	0	0	0	0	0	0	0	0	0	0	0	0	0	0	0	0	0	0.022	0	0	0	0	0	0	0
2004	IBPE4	85.945	0	0	0	0	0	0	0	0	0	0	0	0	0	0	0	0	0	0	85.945	0	0	0	0	0	0	0	0	0	0	0	0	0	0	0	0	0	0	0	0	0	0	0	0	0	0	0	0	0	0	0	0	0	0	0	0	0	0	0	0	0	0	0	0	0	0	0	0	0	0	0	0	0	0	0	0	0	0	0	0	0	0	0	0	0	0	0	0	0	0	0	0	0	0	0	0	0	0	0	0	0	0	0	0	0	0	0	0	0	0	0	0	0	0	0	0	0	0	0	0
2005	IBPE4	91.467	0.992	0	0	0	0	0	0	0	0	0	0.611	0	0	0	0	0	0.018	0	52.385	0	0	0.467	0	0	0	0	0	0	0.018	0	17.83	0	0	13.386	1.65	0	0	0.007	0	0	0	0	0	0	0	0	0	0	0	0	0	0	0	0	0	0.142	0	0	0.6	0	0	0	0	0	0	0.013	0	0.001	0	0	0	0	0	1.138	0	0	0.006	0	0	0	0	0.874	0	0	0	0	0	0	1.12	0	0	0	0	0	0.01	0	0	0.02	0	0	0	0	0	0	0	0	0	0	0	0	0	0.179	0	0	0	0	0	0	0
2006	IBPE4	61.279	0	0	0	0	0	0	0	0	0	0	0	0	0	0	0	0	0	0	61.279	0	0	0	0	0	0	0	0	0	0	0	0	0	0	0	0	0	0	0	0	0	0	0	0	0	0	0	0	0	0	0	0	0	0	0	0	0	0	0	0	0	0	0	0	0	0	0	0	0	0	0	0	0	0	0	0	0	0	0	0	0	0	0	0	0	0	0	0	0	0	0	0	0	0	0	0	0	0	0	0	0	0	0	0	0	0	0	0	0	0	0	0	0	0	0	0	0	0	0	0
2007	IBPE4	136.736	18.523	0	0	0	0	0	0	0	0	0	0.398	0	0	0	0	0	0	0	96.388	0	0	0	0	0	0	0	0	0	0	0	0.049	0	0	6.315	11.523	0	0	0.001	0	0	0	0	0	0	0	0	0	0	0	0	0	0.01	0	0	0	0.23	0	0	0	0	0	0	0	0	0	0	0	0	0	0	0.061	0	0	0.163	0	0	0	0.058	0	0	0	0.146	0	0	0	0	0	0	0.017	0	0	2.587	0	0	0.016	0	0	0.052	0	0	0	0	0	0	0	0	0	0	0	0	0	0.199	0	0	0	0	0	0	0
2008	IBPE4	132.766	0	0	0	0	0	0	0	0	0	0	0	0	0	0	0	0	0	0	132.73	0	0	0	0	0	0	0	0	0	0	0	0.017	0	0	0	0	0	0	0	0	0	0	0	0	0	0	0	0	0	0	0	0	0	0	0	0	0.019	0	0	0	0	0	0	0	0	0	0	0	0	0	0	0	0	0	0	0	0	0	0	0	0	0	0	0	0	0	0	0	0	0	0	0	0	0	0	0	0	0	0	0	0	0	0	0	0	0	0	0	0	0	0	0	0	0	0	0	0	0	0	0
1990	SUMM	528.171	0	0	0	0	0.519	0	0	0	0	0	0	0	0	0	0	0	0	0	527.647	0	0	0	0	0	0	0	0	0	0	0	0	0	0	0	0	0	0	0	0	0	0	0	0	0.005	0	0	0	0	0	0	0	0	0	0	0	0	0	0	0	0	0	0	0	0	0	0	0	0	0	0	0	0	0	0	0	0	0	0	0	0	0	0	0	0	0	0	0	0	0	0	0	0	0	0	0	0	0	0	0	0	0	0	0	0	0	0	0	0	0	0	0	0	0	0	0	0	0	0	0
1991	SUMM	151.691	0	0	0	0	0	0	0	0	0	0	0	0	0	0	0	0	0	0	151.686	0	0	0	0	0	0	0	0	0	0	0	0	0	0	0	0	0	0	0	0	0	0	0	0	0	0	0	0	0	0	0	0	0	0	0	0	0.005	0	0	0	0	0	0	0	0	0	0	0	0	0	0	0	0	0	0	0	0	0	0	0	0	0	0	0	0	0	0	0	0	0	0	0	0	0	0	0	0	0	0	0	0	0	0	0	0	0	0	0	0	0	0	0	0	0	0	0	0	0	0	0
1992	SUMM	196.294	0	0	0	0	0.128	0	0	0	0	0	0	0	0	0	0	0	0	0	195.752	0	0	0	0	0	0	0	0	0	0	0	0.001	0	0	0	0	0	0	0	0	0	0	0	0	0.001	0	0	0	0.065	0	0	0	0	0	0	0	0.344	0	0	0	0	0	0	0	0	0	0	0	0	0	0	0	0	0.003	0	0	0	0	0	0	0	0	0	0	0	0	0	0	0	0	0	0	0	0	0	0	0	0	0	0	0	0	0	0	0	0	0	0	0	0	0	0	0	0	0	0	0	0	0	0
1993	SUMM	306.508	0	0	0	0	0	0	0	0	0	0.211	0	0	0	0	0	0	0	0	301.252	0	0	0	0	0	0	0	0	0	0	0	0	0	0	0	0	0	0	0	0	0	0	0	0	0.001	0	0	0	0.167	0	0	0	0	0	0	0	2.345	0.353	0	0	0	0	0	0	0	0	0	0	0	0.649	0	0	1.084	0.446	0	0	0	0	0	0	0	0	0	0	0	0	0	0	0	0	0	0	0	0	0	0	0	0	0	0	0	0	0	0	0	0	0	0	0	0	0	0	0	0	0	0	0	0	0	0
1994	SUMM	234.159	0	0.136	0	0	0	0	0	0	0	0	0	0	0	0	0	0	0	0	234.023	0	0	0	0	0	0	0	0	0	0	0	0	0	0	0	0	0	0	0	0	0	0	0	0	0	0	0	0	0	0	0	0	0	0	0	0	0	0	0	0	0	0	0	0	0	0	0	0	0	0	0	0	0	0	0	0	0	0	0	0	0	0	0	0	0	0	0	0	0	0	0	0	0	0	0	0	0	0	0	0	0	0	0	0	0	0	0	0	0	0	0	0	0	0	0	0	0	0	0	0
1995	SUMM	228.454	0	0	0	0	0.22	0	0	0	0	0	0	0	0	0	0	0	0	0	187.009	0	0	1.401	0	0	0.04	0	0	8.283	0.015	0	0	0	0	0.046	0	0	0	0	0	0.076	0	0	0	0	0	0	0	18.267	0	0	0	0	0	0	0	0.097	0.674	0	0	0	0	0	0	0	0	0.253	0	0	2.214	0.013	0	0.029	2.54	0.326	0	0	0	0	0	0	0	0	0	0	0	0.149	0	0	0	0	0	6.038	0	0	0	0	0.562	0	0	0	0.028	0	0	0	0	0	0	0	0	0	0	0	0.174	0	0	0	0	0	0
1996	SUMM	169.213	0	0	0	0.156	0	0	0	0	0	0	0	0	0	0	0	0	0	0	167.894	0	0	0	0	0	0	0	0	0	0	0	0	0	0	0	0	0	0	0	0	0	0	0	0	0	0	0	0	0.05	0	0	0	0	0	0	0	0	0	0	0	0	0	0	0	0	0	0	0.267	0	0	0	0	0.819	0	0	0	0	0	0	0	0	0	0	0	0	0	0	0	0	0	0	0	0	0	0	0	0	0	0	0	0	0	0	0	0	0	0	0	0	0	0	0	0	0.027	0	0	0	0	0	0
1997	SUMM	256.453	0	0	0	0.165	0	0	0	0	0	0	0	0	0	0.053	0	0	0	0	256.1	0	0	0	0	0	0	0	0	0	0	0	0.038	0	0	0	0	0	0	0	0	0	0	0	0	0	0	0	0	0.001	0	0	0	0	0	0	0	0.069	0	0	0	0	0	0	0	0	0	0	0	0	0.003	0	0	0.024	0	0	0	0	0	0	0	0	0	0	0	0	0	0	0	0	0	0	0	0	0	0	0	0	0	0	0	0	0	0	0	0	0	0	0	0	0	0	0	0	0	0	0	0	0	0	0
1998	SUMM	490.954	0	0	0	0	0	0	0	0.7	0	0	0	0	0	0	0	0	0	0	476.652	0	0	0	0	0	0.02	0	0	0	0	0	0	0	0	0.006	0	0	0	0	0	0	0	0	0	0	0	0	0	5.123	0	0	0	0	0	0.01	0	0.009	0.003	0	0	0	0	0	0	0	0	0.002	0	0	0.074	0	0	0	0.158	0.814	0	0	0	0	1.085	0	0	0	0	0	0	0	0	0	0	0	0	6.037	0.009	0	0	0	0.252	0	0	0	0	0	0	0	0	0	0	0	0	0	0	0	0	0	0	0	0	0	0
1999	SUMM	361.716	0	0	0	0.519	0	0	0	0	0	0	0.027	0	0	0	0	0	0	0	266.884	0	1.397	3.267	0	0	1.531	0	0	0	0.481	0	0	0	0	0.012	0	0	0	0.021	0	0.496	0	0	0	0	0	0	0	36.753	0	0	0	0	0.204	0	0	0.079	0.315	0	0	0	0.062	0	0	0	0	0.023	0.553	0	0.578	1.082	0	0.077	1.613	0.976	0	0	0	0	9.916	0	0	0	0	0	0	0.237	0	0	0	0	0	33.637	0	0	0	0.976	0	0	0	0	0	0	0	0	0	0	0	0	0	0	0	0	0	0	0	0	0	0	0
2000	SUMM	231.691	0	0	0	0.259	0	0	0	0	0	0	0	0	0	0	0	0	0	0	230.894	0	0	0	0	0	0	0	0	0	0	0	0.001	0	0	0	0	0	0	0	0	0	0	0	0	0	0	0	0	0.104	0	0	0	0	0	0	0	0	0	0	0	0	0	0	0	0	0	0	0.002	0	0	0	0	0	0	0	0	0	0	0	0	0	0	0	0	0	0	0	0	0	0	0	0	0.431	0	0	0	0	0	0	0	0	0	0	0	0	0	0	0	0	0	0	0	0	0	0	0	0	0	0	0
2001	SUMM	265.746	0	0	0	0.691	0	0	0	0	0	0	0	0	0	0	0	0	0	0	180.91	0	0	0.467	0	0	0.832	0	0	0	0.118	0	0.153	0	0	0.23	0	0	0	0.094	0	0.852	0	0	0	0	0	0	0	31.833	0	0	0	0	0	0.344	0	0	0.052	0	0	0	0.012	0	0	0	0	0.151	0	0	0.546	1.66	0	0.251	2.579	4.23	0	0	0	0	14.855	0	0	0	0	0	0	0.062	0	0	0.241	0	0	24.151	0	0	0	0.339	0	0	0	0	0.093	0	0	0	0	0	0	0	0	0	0	0	0	0	0	0	0	0	0
2002	SUMM	161.387	0	0	0	0	0	0	0	0	0	0	0	0	0	0	0	0	0	0	161.071	0	0	0	0	0	0	0	0	0	0	0	0	0	0	0	0	0	0	0	0	0	0	0	0	0	0	0.032	0	0	0	0	0	0	0	0	0	0.069	0	0	0	0	0	0	0	0	0	0	0	0	0	0	0	0.208	0	0	0	0	0	0	0	0	0	0	0	0	0	0	0	0	0	0	0	0	0	0	0	0	0	0	0	0	0	0	0	0	0	0	0	0	0	0	0	0	0.007	0	0	0	0	0	0
2003	SUMM	156.552	0	0	0	0	0	0	0	0	0	0	0	0	0	0	0	0	0	0	137.694	0	0	0	0	0	0.684	0	0	0	0	0	0.071	0	0	0.052	0	0	0	0.006	0	0.07	0	0	0	0	0	0.013	0	2.942	0	0	0	0	0	0.003	0	0.142	0.019	0	0	0	0	0	0	0	0	0	0.317	0	0	0.146	0	0	0.058	1.464	0	0	0	0	2.089	0	0	0	0	0	0	0	0	0	0	0	0	10.782	0	0	0	0	0	0	0	0	0	0	0	0	0	0	0	0	0	0	0	0	0	0	0	0	0	0	0
2004	SUMM	43.336	0	0	0	0	0	0	0	0	0	0	0	0	0	0	0	0	0	0	43.336	0	0	0	0	0	0	0	0	0	0	0	0	0	0	0	0	0	0	0	0	0	0	0	0	0	0	0	0	0	0	0	0	0	0	0	0	0	0	0	0	0	0	0	0	0	0	0	0	0	0	0	0	0	0	0	0	0	0	0	0	0	0	0	0	0	0	0	0	0	0	0	0	0	0	0	0	0	0	0	0	0	0	0	0	0	0	0	0	0	0	0	0	0	0	0	0	0	0	0	0
2005	SUMM	228.095	0	0	0	0	0	0	0	0	0	0	0	0	0	0	0	0	0	0	89.523	0	0	11.199	0	0	10.33	0	0	0	0.052	1.004	0.727	0	0	2.969	0	0	0	0.004	0	0.116	0	0	0	0	0	1.579	0	66.194	0	0	0	0	0	0.044	0	0	0.656	0	0	0	0	0	0	0	0	0.028	0.277	0	20.204	0.681	0	2.457	0.086	2.928	0	0	0	0	2.442	0	0	0	0	0	0	0	0	0	0.017	0	0	11.645	0	0	0	2.713	0	0.22	0	0	0	0	0	0	0	0	0	0	0	0	0	0	0	0	0	0	0	0	0
2006	SUMM	126.522	0	0	0	0	0	0	0	0	0	0	0	0	0	0	0	0	0	0	126.522	0	0	0	0	0	0	0	0	0	0	0	0	0	0	0	0	0	0	0	0	0	0	0	0	0	0	0	0	0	0	0	0	0	0	0	0	0	0	0	0	0	0	0	0	0	0	0	0	0	0	0	0	0	0	0	0	0	0	0	0	0	0	0	0	0	0	0	0	0	0	0	0	0	0	0	0	0	0	0	0	0	0	0	0	0	0	0	0	0	0	0	0	0	0	0	0	0	0	0	0
2007	SUMM	316.443	0	0	0	0	0	0	0	0	0	0	0	0	0	0	0	0	0	0	122.806	0	0	0	0	0	0.052	0	0	0	0.01	4.1	0.013	0	0	0.15	0.742	0	0	0.006	0	0.021	0	0	1.34	0	0	2.873	0	4.106	0	0.051	0	0	0	0.008	0	0.219	0.382	0	0	0	2.18	0	0	0	0	0	8.629	0	0.252	0.22	0	109.193	1.065	1.464	0	0	0	0	9.904	0	0	0	0	0	0	0.062	0	0	2.272	0	0	42.695	0	0	0	1.628	0	0	0	0	0	0	0	0	0	0	0	0	0	0	0	0	0	0	0	0	0	0	0
2008	SUMM	309.215	0	0	0	0	0	0	0	0	0	0	0	0	0	0	0	0	0	0	156.773	0	0	0	0	0	0.002	0	0	0	0	0	0.047	0	0	0	0	0	0	0	0	0	0	0	123.44	0	0	0	0	0.027	0	0	0	0	0	0	0	0.018	0.014	0	0	0	0	0	0	0	0	0	0	0	0	0	0	0	0	0	0	0	0	0	0	0	0	0	0	0	0	0	0	0	0	0	0	28.894	0	0	0	0	0	0	0	0	0	0	0	0	0	0	0	0	0	0	0	0	0	0	0	0	0	0	0
1990	SUMM1	631.889	0	0	0	0	0	0	0	0	0	0	0	0	0	0	0	0	0	0	557.37	0	0	0	0	0	0	0	0	0	0	0	0	0	0	0	0	0	0	0	0	0	0	0	0	0	0	0	0	0	0	0	0	0	0	0	0	0	0	0	0	0	0	0	0	0	0	0	0	0	0	0	0	3.44	0.029	0	0	0	0	0	0	0	71.006	0	0	0	0	0	0	0	0	0	0	0	0	0	0	0	0	0	0	0	0	0	0	0	0	0	0	0.027	0	0	0	0	0.017	0	0	0	0	0	0
1991	SUMM1	368.971	0	0	0	0	0	0	0	0	0	0	0	0	0	0	0	0	0	0	333.098	0	0	0	0	0	0	0	0	0	0	0	0	0	0	0	0	0	0	0	0	0	0	0	0.68	0	0	0	0	0.031	0	0	0	0	0	0	0	0.009	0	0	0	0	0	0	0	0	0	0.004	0	0	0	0	0	0	0	0	0	0	0	0	0	0	35.149	0	0	0	0	0	0	0	0	0	0	0	0	0	0	0	0	0	0	0	0	0	0	0	0	0	0	0	0	0	0	0	0	0	0	0	0	0	0
1992	SUMM1	261.739	0	0	0	0	0	0	0	0	0	0	0	0	0	0	0	0	0	0	234.082	0	0	0	0	0	0	0	0	0	0	0	0.002	0	0	0	0	0	0	0	0	0	0	0	0	0	0	0	0	0.03	0	0	0	0	0	0	0	0.005	0	0	0	0	0	0	0	0	0	0.002	0	0	0.049	0	0	0	0	0	0	0	0	0	0	0	27.569	0	0	0	0	0	0	0	0	0	0	0	0	0	0	0	0	0	0	0	0	0	0	0	0	0	0	0	0	0	0	0	0	0	0	0	0	0	0
1993	SUMM1	361.19	0	0	0	0	0	0	0	0	0	0	0	0	0	0	0	0	0	0	327.656	0	0	0	0	0	0	0	0	0	0	0	0	0	0	0.081	0	0	0	0	0	0	0	0	0	0	0	0	0	0.671	0	0	0	0	0	0	0	7.95	0.646	0	0	0	0	0	0	0	0	0	0	0	0.015	0	0	0	0.072	0	0	0	0	0	0	0	24.099	0	0	0	0	0	0	0	0	0	0	0	0	0	0	0	0	0	0	0	0	0	0	0	0	0	0	0	0	0	0	0	0	0	0	0	0	0	0
1994	SUMM1	199.861	0	0	0	0	0	0	0	0	0	0	0	0	0	0	0	0	0	0	175.282	0	0	0	0	0	0	0	0	0	0	0	0	0	0	0	0	0	0	0	0	0	0	0	0	0	0	0	0	0	0	0	0	0	0	0	0	0	0	0	0	0	0	0	0	0	0	0	0	0	0	0	0	0	0	0	0	0	0	0	0	0	24.579	0	0	0	0	0	0	0	0	0	0	0	0	0	0	0	0	0	0	0	0	0	0	0	0	0	0	0	0	0	0	0	0	0	0	0	0	0	0
1995	SUMM1	235.081	0	0	0	0	0	0	0	0	0	0	0	0	0	0	0	0	0	0	163.541	0	0	1.867	0	0	0	0	0	6.777	0	0	0	0	0	0.12	0	0	0	0.01	0	0.603	0	0	0	0	0.01	0.385	0.001	24.794	0	0	0	0	0	0	0	1.965	0.295	0	0	0	0	0	0	0	0	0.213	0	0	5.575	0	0	0.36	0.433	3.416	0	0.072	0.038	0	0	0	18.295	0	0	0	0	0.937	0	0	0	0	0	1.294	0	0	0	0	2.557	0	0	0	1.4	0	0	0	0	0.042	0	0	0	0	0	0	0.081	0	0	0	0	0	0
1996	SUMM1	197.919	0	0	0	0	0	0	0	0	0	0	0	0	0	0	0	0	0	0	169.874	0	0	0	0	0	0	0	0	0	0	0	0	0	0	0.001	0	0	0	0	0	0	0	0	0	0	0	0.379	0	0.448	0	0	0	0	0	0	0	0	0	0	0	0	0	0	0	0	0	0	0.407	0	0	0	0	3.445	0	0	0	0	0	0	0	0	23.024	0	0	0	0	0	0	0	0	0	0	0	0	0	0	0	0	0	0	0	0.037	0	0	0	0	0	0	0	0	0	0	0	0.292	0.012	0	0	0	0	0
1997	SUMM1	259.457	0	0	0	0	0	0	0	0	0	0	0	0	0	0	0	0	0	0	230.702	0	0	0	0	0	0	0	0	0	0	0	0.003	0	0	0	0	0	0	0	0	0	0	0	1.36	0	0	0	0	0	0	0	0	0	0	0	0	0.005	0	0	0	0	0	0	0	0	0	0	0.001	0	0	0	0	0	0	0	0	0	0	0	0	0	27.386	0	0	0	0	0	0	0	0	0	0	0	0	0	0	0	0	0	0	0	0	0	0	0	0	0	0	0	0	0	0	0	0	0	0	0	0	0	0
1998	SUMM1	444.521	0	0	0	0	0	0	0	0	0	0	0	0	0	0	0	0	0	0	398.578	0	0	0	0	0	0	0	0	0	0	0	0.008	0	0	0.003	0	0	0	0	0	0	0	0	0	0	0	0	0	3.527	0	0	0	0	0	0.031	0.022	0.084	0.008	0	0	0	0	0	0	0	0	0	0	0	0.051	0	0	0	0.058	4.553	0	0	0.034	0	0	0	23.972	0	0	0	0	0	0	0	0	0	0	6.038	0	0	0	0	0.554	0	0	0	0	0	0	0	0	0	0	0	0	0	7	0	0	0	0	0	0	0	0
1999	SUMM1	357.404	0	0	0	0	0	0	0	0	0	0	0	0	0	0	0	0	0	0	242.538	0	1.397	0	0.008	0	0.25	0	0	0	0.14	0	0.158	0	0	0.585	0	0	0	0.022	0	2.624	0	0	1.36	0	0	0	0	46.65	0	0	0	0	0.304	0	0	0.763	0.084	0	0	0	0.176	0	0	0	0	0.005	0.724	0	0.4	4.567	0	0.077	1.6	2.603	0	0	0.802	0	0.746	0	17.897	0	0	0	0	0.012	0	0	0	0	0	28.463	0	0	0	1.318	0	0	0	0	0.13	0	0	0	0	0	0	0	0	0.001	1	0	0	0	0	0	0	0	0
2000	SUMM1	234.248	0	0	0	0	0	0	0	0	0	0	0	0	0	0	0	0	0	0	215.403	0	0	0	0	0	0	0	0	0	0	0	0	0	0	0	0	0	0	0	0	0	0	0	0	0	0	0	0	1.584	0	0	0	0	0	0	0	0	0	0	0	0	0	0	0	0	0	0	0	0	0	0	0	0	0	0	0	0	0	0	0	0	12.821	0	0	0	0	0	0	0	0	0	0	0	0	0	0	0	0	0	0	0	0	0	0	0	0	0	0	0	4.44	0	0	0	0	0	0	0	0	0	0
2001	SUMM1	298.554	0	0	0	0	0	0	0	0	0	0	0	0	0	0	0	0	0	0	202.742	0	12.571	0.467	0	0	0	0	0	0	0.134	0	0.206	0	0	1.347	0	0	0	0.086	0	0.563	0	0	1.36	0	0.001	0	0	27.813	0	0	0	0	0	0.286	0	0.028	0.305	0	0	0	0.094	0	0	0	0	0.355	0	0	0.836	3.971	0	0.501	2.835	11.384	0	0	0.25	0	0.217	0	1.909	0	0.598	0	0	0.261	0	0.002	0	0	0	25.445	0	0	0	1.221	0	0	0	0	0.629	0	0	0	0	0	0	0	0	0.137	0	0	0	0	0	0	0	0	0
2002	SUMM1	235.209	0	0	0	0	0	0	0	0	0	0	0	0	0	0	0	0	0	0	225.477	0	0	0	0	0	0	0	0	0	0	0	0	0	0	0	0	0	0	0	0	0	0	0	2.04	0	0	0	0	0	0	0	0	0	0	0	0	0	0	0	0	0	0	0	0	0	0	0	0	0	0	0	0	0.005	0	0	0	0	0	0	0	0	7.687	0	0	0	0	0	0	0	0	0	0	0	0	0	0	0	0	0	0	0	0	0	0	0	0	0	0	0	0	0	0	0	0	0	0	0	0	0	0
2003	SUMM1	187.255	0	0	0	0	0	0	0	0	0	0	0	0	0	0	0	0.051	0	0	148.6	0	0	0	0	0	0.08	0	0	0	0	0	0.102	0	0	0.051	0	0	0	0	0	0.159	0	0	1.36	0	0	0	0	4.351	0	0	0	0	0	0.172	0	0.293	0.036	0	0	0	0	0	0	0	0	0	0.019	0	0	0.283	0	0	0.009	7.969	0	0	0	0	2.008	0	18.927	0	0	0	0	0.02	0	0	0	0	0	1.725	0.023	0	0	1.017	0	0	0	0	0	0	0	0	0	0	0	0	0	0	0	0	0	0	0	0	0	0	0
2004	SUMM1	35.735	0	0	0	0	0	0	0	0	0	0	0	0	0	0	0	0	0	0	26.195	0	0	0	0	0	0	0	0	0	0	0	0	0	0	0	0	0	0	0	0	0	0	0	0	0	0	0	0	0	0	0	0	0	0	0	0	0	0	0	0	0	0	0	0	0	0	0	0	0	0	0	0	0	0	0	0	0	0	0	0	0	9.54	0	0	0	0	0	0	0	0	0	0	0	0	0	0	0	0	0	0	0	0	0	0	0	0	0	0	0	0	0	0	0	0	0	0	0	0	0	0
2005	SUMM1	318.514	0	0	0	0	0	0	0	0	0	0	0	0	0	0	0	0	0	0	118.029	0	0	1.867	0	0	23.857	0	0	0	0	2.308	1.539	0	0	4.791	0	0	0	0.045	0	0.092	0	0	1.36	0	0	0	0	81.996	0	0	0	0	0	0.209	0	0.33	0.046	0	0	0	0.072	1.123	0	0	0	0.224	1.029	0	6.391	1.513	0	0	0.049	6.344	0	0	0.177	0	23.034	0	25.464	0	0	0	0	0.056	0	0	4.371	0	0	6.469	0	0	0	3.568	0	2.161	0	0	0	0	0	0	0	0	0	0	0	0	0	0	0	0	0	0	0	0	0
2006	SUMM1	169.56	0	0	0	0	0	0	0	0	0	0	0	0	0	0	0	0	0	0	142.136	0	0	0	0	0	0	0	0	0	0	0	0	0	0	0	0	0	0	0	0	0	0	0	0	0	0	0	0	0	0	0	0	0	0	0	0	0	0	0	0	0	0	0	0	0	0	0	0	0	0	0	0	0	0	0	0	0	0	0	0	0	27.424	0	0	0	0	0	0	0	0	0	0	0	0	0	0	0	0	0	0	0	0	0	0	0	0	0	0	0	0	0	0	0	0	0	0	0	0	0	0
2007	SUMM1	259.298	0	0	0	0	0	0	0	0	0	0	0	0	0	0	0	0.254	0	0	129.186	0	0	0	0.002	0	0.674	0	0	0	0.01	0.226	0.799	0	0	0.259	0	0	0	0.024	0	0.135	0	0	10.349	0	0.052	0.632	0	9.053	0	0	0	0	0	0.028	0	0.018	0.192	0	0	0	3.695	0	0	0	0	0.206	1.493	0	0.479	0.254	0	15.922	2.088	9.108	0	0	0.002	0	19.873	0	0	0	0	0	0	0	0	0	4.692	0	0	49.593	0	0	0	0	0	0	0	0	0	0	0	0	0	0	0	0	0	0	0	0	0	0	0	0	0	0	0
2008	SUMM1	158.161	0	0	0	0	0	0	0	0	0	0	0	0	0	0	0	0	0	0	129.64	0	0	0	0	0	0.016	0	0	0	0	0	0.137	0	0	0	0	0	0	0	0	0.001	0	0	26.077	0	0	0	0	0.056	0	0	0	0	0	0	0	0.078	0	0	0	0	0	0	0	0	0	0	0	0	0	0	0	0	0	0	0	0	0	0	0	0	0	0	0	0	0	0	0	0	0	0	0	2.156	0	0	0	0	0	0	0	0	0	0	0	0	0	0	0	0	0	0	0	0	0	0	0	0	0	0	0
1990	SUMM2	403.929	0	0	0	0	0	0	0	0	0	0	0	0	0	0	0	0	0	0	395.663	0	0	0	0	0	0	0	0	0	0	0	0	0	0	0	0	0	0	0	0	0	0	0	0	0	0	0	0	0	0	0	0	0	0	0	0	0	0	0	0	0	0	0	0	0	0	0.038	0	0	0	0	0	7.381	0	0	0	0	0	0	0	0	0	0	0	0	0	0	0	0	0	0	0	0	0	0	0	0	0	0	0	0	0	0	0	0	0	0	0	0	0.847	0	0	0	0	0	0	0	0	0	0
1991	SUMM2	296.023	0	0	0	0	0	0	0	0	0	0	0	0	0	0	0	0	0	0	295.943	0	0	0	0	0	0	0	0	0	0	0	0	0	0	0	0	0	0	0	0	0	0	0	0	0.002	0	0	0	0.037	0	0	0	0	0	0	0	0	0	0	0	0	0	0	0	0	0	0	0	0	0	0	0	0	0	0	0	0	0	0.041	0	0	0	0	0	0	0	0	0	0	0	0	0	0	0	0	0	0	0	0	0	0	0	0	0	0	0	0	0	0	0	0	0	0	0	0	0	0	0	0	0
1992	SUMM2	261.049	0	0	0	0	0.008	0	0	0	0	0	0	0	0	0	0	0	0	0	246.119	0	0	0	0	0	0	0	0	0	0	0	0.087	0	0	0	0	0	0	0	0	0	0	0	0	0.003	0	0	0	0.04	0	0	0	0	0	0	0	0.014	0	0	0	0	0	0	0	0	0	0	0	0	0.028	0	0	1.735	0	0	0	0.021	0	0	0	0	0	0	0	0	0	0	0	0	0	0	0	0	0	0	0	0	0	0	0	12.038	0	0	0	0	0	0	0	0	0.956	0	0	0	0	0	0	0	0	0	0
1993	SUMM2	326.518	0	0	0	0	0	0	0	0	0.637	0	0	0	0	0	0	0	0	0	305.705	0	0	0	0	0	0	0	0	0	0	0	0	0	0	0	0	0	0	0	0	0	0	0	0	0	0	0	0	0.561	0	0	0	0	0	0	0	7.285	2.26	0	0	0	0	0	0	0	0	0	0	0	0.111	0	0	1.253	0.032	0	0	0	0	0	0	0	0	0	0	0	0	0	0	0	0	0	0	0	0	0	0	0	0	0	0	8.321	0	0	0	0	0	0	0	0	0.353	0	0	0	0	0	0	0	0	0	0
1994	SUMM2	297.764	0	0	0	0	0	0	0	0	0	0	0	0	0	0	0	0	0	0	292.173	0	0	0	0	0	0	0	0	0	0	0	0	0	0	0	0	0	0	0	0	0	0	0	0	0.001	0	0	0	0	0	0	0	0	0	0	0	0	0	0	0	0	0	0	0	0	0	0	0	0	0	0	0	0	0	0	0	0	0	0	0	0	0	0	0	0	0	0	0	0	0	0	0	0	0	0	0	0	0	0	0	5.048	0	0	0	0	0	0.542	0	0	0	0	0	0	0	0	0	0	0	0	0
1995	SUMM2	236.476	0	0	0	0	0	0	0	0	0	0	0	0	0	0	0	0	0	0	191.47	0	0	0	0	0	0	0	0	0	0	0	0	0	0	1.304	0	0	0	0	0	0.228	0	0	0	0	0	0	0	22.3	0	0	0	0	0	0	0	0.303	0.25	0	0	0	0	0	0	0	0	0.055	0	0	9.245	0.004	0	1.147	0.821	1.138	0	0.081	0.119	0	0	0	0	0	0	0	0	0	0	0	0	0	0	6.9	0	0	0	0	1.081	0	0	0	0.019	0	0	0	0	0.011	0	0	0	0	0	0	0	0	0	0	0	0	0
1996	SUMM2	188.055	0	0	0	0	0	0	0	0	0	0	0	0	0	0	0	0	0	0	180.441	0	0	0	0	0	0	0	0	0	0	0	0	0	0	0	0	0	0	0	0	0	0	0	0	0	0	0	0	0.692	0	0	0	0	0	0	0	0	0	0	0	0	0	0	0	0	0	0	0.277	0	0	0	0	5.275	0	0	0	0	0	0	0	0	0	0	0	0	0	0	0	0	0	0	0	0	0	0	0	0	0	0	0	0	0.08	0	0	0	0.012	0	0	0	0	0	0	0	1.277	0.001	0	0	0	0	0
1997	SUMM2	230.393	0	0	0	0	0	0	0	0	0	0	0	0	0	0	0	0	0	0	230.145	0	0	0	0.011	0	0	0	0	0	0	0	0.002	0	0	0	0	0	0	0	0	0	0	0	0	0	0	0	0	0.016	0	0	0	0	0	0	0	0.009	0.003	0	0	0	0	0	0	0	0	0	0	0	0.012	0	0	0.192	0	0	0	0	0	0	0	0	0	0	0	0	0	0	0	0	0	0	0	0	0	0	0	0	0	0	0	0	0	0	0	0	0	0	0	0	0	0	0	0	0	0	0	0.003	0	0	0
1998	SUMM2	494.039	0	0	0	0	0	0	0	0	0	0	0	0	0	0	0	0	0	0	487.731	0	0	0	0	0	0	0	0	0	0	0	0.008	0	0	0.117	0	0	0	0	0	0	0	0.001	0.68	0	0	0	0	1.592	0	0	0	0	0	0.03	0.003	0.061	0	0	0	0	0	0	0	0	0	0	0	0	0.073	0	0	0	0.081	0.651	0	0	0.175	0	1.357	0	0	0	0	0	0	0	0	0	0.002	0	0	1.293	0	0	0	0	0.184	0	0	0	0	0	0	0	0	0	0	0	0	0	0	0	0	0	0	0	0	0	0
1999	SUMM2	372.789	0	0	0	0	0	0	0	0	0	0	0	0	0	0	0	0	0	0	293.578	0	1.397	3.734	0.011	0	0.75	0	0	0	0.062	0	0.044	0	0	0.995	0	0.002	0	0.006	0	1.487	0	0	0	0	0	0.032	0	27.752	0	0	0	0	0.258	0	0	0.083	0.024	0	0	0	0.106	0	0	0	0	0.016	0.415	0	0.612	0.8	0	0.275	1.411	1.463	0	0.076	0.646	0	7.219	0	0	0	0	0	0	0	0	0	0	0.201	0	28.032	0	0	0	1.302	0	0	0	0	0	0	0	0	0	0	0	0	0	0	0	0	0	0	0	0	0	0	0
2000	SUMM2	187.682	0	0	0	0	0	0	0	0	0	0	0	0	0	0	0	0	0	0	187.431	0	0	0	0	0	0	0	0	0	0	0	0	0	0	0.003	0	0	0	0	0	0	0	0	0	0	0	0	0	0.247	0	0	0	0	0	0	0	0	0	0	0	0	0	0	0	0	0	0	0.001	0	0	0	0	0	0	0	0	0	0	0	0	0	0	0	0	0	0	0	0	0	0	0	0	0	0	0	0	0	0	0	0	0	0	0	0	0	0	0	0	0	0	0	0	0	0	0	0	0	0	0	0
2001	SUMM2	299.587	0	0	0	0	0	0	0	0	0	0	0	0	0	0	0	0	0	0	193.023	0	1.397	2.333	0	0	1.01	0	0	0	0.284	0	0.078	0	0.469	2.235	0	0	0	0.042	0	0.974	0	0	0	0	0	0	0	23.152	0	0	0	0	0	0.637	0	0.005	0.28	0	0	0	1.275	0	0	0	0	0.551	0	0	2.19	3.005	0	1.321	2.131	3.904	0	0	0.591	0	27.552	0	0	0	0	0	0	0.012	0	0	0.916	0	0	26.738	0	0	0	2.577	0	0	0	0	0.469	0	0	0	0	0	0	0	0	0.008	0	0	0	0	0.053	0	0	0.375	0
2002	SUMM2	180.004	0	0	0	0	0	0	0	0	0	0	0	0	0	0	0	0	0	0	179.912	0	0	0	0	0	0	0	0	0	0	0	0	0	0	0	0	0	0	0	0	0	0	0	0	0	0	0.032	0	0	0	0	0	0	0	0	0	0	0	0	0	0	0.06	0	0	0	0	0	0	0	0	0	0	0	0	0	0	0	0	0	0	0	0	0	0	0	0	0	0	0	0	0	0	0	0	0	0	0	0	0	0	0	0	0	0	0	0	0	0	0	0	0	0	0	0	0	0	0	0	0	0
2003	SUMM2	177.456	0	0	0	0	0	0	0	0	0	0	0	0	0	0	0	0	0	0	158.257	0	0	0	0	0	1.292	0	0	0	0	0	0.08	0	0	0.094	0	0	0	0.019	0	0.101	0	0	0	0	0	0	0	2.57	0	0	0	0	0	0.041	0	0.019	0.003	0	0	0	0	0	0	0	0	0	0.108	0	0	0.043	0	0	0.06	2.115	0	0.324	0	0	2.185	0	0	0	0	0	0	0	0	0	0.166	0	0	9.919	0	0	0	0	0	0.06	0	0	0	0	0	0	0	0	0	0	0	0	0	0	0	0	0	0	0	0	0
2004	SUMM2	20.384	0	0	0	0	0	0	0	0	0	0	0	0	0	0	0	0	0	0	20.384	0	0	0	0	0	0	0	0	0	0	0	0	0	0	0	0	0	0	0	0	0	0	0	0	0	0	0	0	0	0	0	0	0	0	0	0	0	0	0	0	0	0	0	0	0	0	0	0	0	0	0	0	0	0	0	0	0	0	0	0	0	0	0	0	0	0	0	0	0	0	0	0	0	0	0	0	0	0	0	0	0	0	0	0	0	0	0	0	0	0	0	0	0	0	0	0	0	0	0	0
2005	SUMM2	219.161	0	0	0	0	0	0	0	0	0	0	0	0	0	0	0	0	0	0	69.59	0	0	3.734	0.047	0	15.836	0	0	0	0.005	0	3.302	0	0	8.133	0	0	0	0.421	0	0.43	0	0	0	0	0	0	0	52.654	0	0	0	0	0	0.097	0	0.187	0.139	0	0	0	0.196	1.072	0	0	0	0.057	0.254	0	9.468	0.964	0	1.782	0.72	5.205	0	0	0.295	0	21.976	0	0	0	0	0	0	0.313	0	0	0.823	0	0	17.683	0	0	0	0.298	0	3.48	0	0	0	0	0	0	0	0	0	0	0	0	0	0	0	0	0	0	0	0	0
2006	SUMM2	102.796	0	0	0	0	0	0	0	0	0	0	0	0	0	0	0	0	0	0	102.796	0	0	0	0	0	0	0	0	0	0	0	0	0	0	0	0	0	0	0	0	0	0	0	0	0	0	0	0	0	0	0	0	0	0	0	0	0	0	0	0	0	0	0	0	0	0	0	0	0	0	0	0	0	0	0	0	0	0	0	0	0	0	0	0	0	0	0	0	0	0	0	0	0	0	0	0	0	0	0	0	0	0	0	0	0	0	0	0	0	0	0	0	0	0	0	0	0	0	0	0
2007	SUMM2	340.431	0	0	0	0	0	0	0	0	0	0	0	0	0	0	0	0.085	0	0	160.635	0	0	0	0	0	1.78	0	0	0	0.17	3.236	1.34	0	0	0.198	0	0.001	0	0.429	0	0.016	0	0	0.233	0	0.03	0	0	5.615	0	0.051	0	0	0	0.01	0	0.037	0.887	0	0	0	9.683	0	0	0	0	0	1.415	0	0.013	2.575	0	82.622	4.266	2.44	0	0	0	0	25.937	0	0	0	0	0	0.01	0	0	0	6.653	0	0	28.894	0	0	0	0.57	0	0.6	0	0	0	0	0	0	0	0	0	0	0	0	0	0	0	0	0	0	0	0	0
2008	SUMM2	213.416	0	0	0	0	0	0	0	0	0	0	0	0	0	0	0	0.289	0	0	201.363	0	0	0	0	0	0	0	0	0	0	0	0.115	0	0	0	0	0	0	0.003	0	0	0	0	9.867	0	0	0	0	0.04	0	0	0	0	0	0	0	0.009	0.005	0	0	0	0	0	0	0	0	0	0	0	0	0	0	0	0	0	0	0	0	0	0	0	0	0	0	0	0	0	0	0	0	0	0	1.725	0	0	0	0	0	0	0	0	0	0	0	0	0	0	0	0	0	0	0	0	0	0	0	0	0	0	0
1990	SUMM3	474.634	0	0	0	0	0	0	0	0	0	0	0	0	0	0	0	0	0	0	474.607	0	0	0	0	0	0	0	0	0	0	0	0	0	0	0	0	0	0	0	0	0	0	0	0	0.003	0	0	0	0.006	0	0	0	0	0	0	0	0	0	0	0	0	0	0	0	0	0	0.001	0	0	0	0	0	0	0	0	0	0	0	0	0	0	0	0	0	0	0	0	0	0	0	0	0	0	0	0	0	0	0	0	0	0	0	0	0	0	0	0	0	0	0	0	0	0	0	0.017	0	0	0	0	0
1991	SUMM3	225.738	0	0	0	0	0	0	0	0	0	0	0	0	0	0	0	0	0	0	225.633	0	0	0	0	0	0	0	0	0	0	0	0	0	0	0	0	0	0	0	0	0	0	0	0	0	0	0	0	0.019	0	0	0	0	0	0	0	0	0	0	0	0	0	0	0	0	0	0.017	0	0	0	0	0	0	0	0	0	0	0	0.069	0	0	0	0	0	0	0	0	0	0	0	0	0	0	0	0	0	0	0	0	0	0	0	0	0	0	0	0	0	0	0	0	0	0	0	0	0	0	0	0	0
1992	SUMM3	270.764	0	0	0	0	0	0	0	0	0	0	0	0	0	0	0	0	0	0	269.212	0	0	0	0	0	0	0	0	0	0	0	0	0	0	0	0	0	0	0	0	0	0	0	0	0	0	0	0	0.053	0	0	0	0	0	0	0	0	0.006	0	0	0	0	0	0	0	0	0	0	0	0.035	0	0	1.446	0	0	0	0.012	0	0	0	0	0	0	0	0	0	0	0	0	0	0	0	0	0	0	0	0	0	0	0	0	0	0	0	0	0	0	0	0	0	0	0	0	0	0	0	0	0	0	0
1993	SUMM3	334.715	0	0	0	0	0	0	0	0	0.876	0	0	0	0	0	0	0	0	0	319.945	0	0	0	0	0	0	0	0	0	0	0	0	0	0	0	0	0	0	0	0	0	0	0	0	0	0	0	0	0.373	0	0	0	0	0	0	0	12.862	0.418	0	0	0	0	0	0	0	0	0	0	0	0	0	0	0.241	0	0	0	0	0	0	0	0	0	0	0	0	0	0	0	0	0	0	0	0	0	0	0	0	0	0	0	0	0	0	0	0	0	0	0	0	0	0	0	0	0	0	0	0	0	0	0
1994	SUMM3	331.855	0	0	0	0	0	0	0	0	5.177	0	0	0	0	0	0	0	0	0	326.678	0	0	0	0	0	0	0	0	0	0	0	0	0	0	0	0	0	0	0	0	0	0	0	0	0	0	0	0	0	0	0	0	0	0	0	0	0	0	0	0	0	0	0	0	0	0	0	0	0	0	0	0	0	0	0	0	0	0	0	0	0	0	0	0	0	0	0	0	0	0	0	0	0	0	0	0	0	0	0	0	0	0	0	0	0	0	0	0	0	0	0	0	0	0	0	0	0	0	0	0
1995	SUMM3	178.344	0	0	0	0	0	0	0	0	0	0	0	0	0	0	0	0	0	0	131.897	0	0	1.867	0	0	0.6	0	0	11.295	0.017	0	0	0	0	0.467	0	0.089	0	0.001	0	0.292	0	0	0	0	0.006	0	0	15.327	0	0	0	0	0	0	0	3.59	0.348	0	0	0	0	0	0	0	0	0.051	0	0	6.209	0	0	0.337	1.886	0.813	0	0.055	0	0	0	0	0	0	0	0	0	0.187	0	0	0	0.017	0	0.431	0	0	0	0	2.138	0	0	0	0.313	0	0	0	0	0	0	0	0	0	0	0	0.111	0	0	0	0	0	0
1996	SUMM3	179.003	0	0	0	0	0	0	0	0	0	0	0	0	0	0	0	0.013	0	0	174.002	0	0	0	0	0	0	0	0	0	0	0	0	0	0	0	0	0	0	0	0	0	0	0	0	0	0.001	0	0	0.562	0	0	0	0	0	0	0	0.014	0	0	0	0	0	0	0	0	0	0	0.29	0	0	0	0	3.143	0	0	0	0	0	0	0	0	0	0	0	0	0	0	0	0	0	0	0	0	0	0	0	0	0	0	0	0	0.004	0	0	0	0.035	0	0	0	0	0	0	0	0.903	0.036	0	0	0	0	0
1997	SUMM3	256.784	0	0	0	0	0	0	0	0	0	0	0	0	0	0	0	0.025	0	0	256.705	0	0	0	0	0	0	0	0	0	0	0	0.008	0	0	0	0	0	0	0	0	0	0	0	0	0	0	0	0	0.001	0	0	0	0	0	0	0	0.005	0	0	0	0	0	0	0	0	0	0	0	0	0	0	0	0	0	0	0	0	0	0	0	0	0	0	0	0	0	0	0	0	0.002	0	0	0	0	0	0	0	0	0	0	0	0	0	0	0	0.005	0	0	0	0	0	0	0	0.016	0.017	0	0	0	0	0
1998	SUMM3	496.061	0	0	0	0	0	0	0	0	0	0	0	0	0	0	0	0	0	0	473.6	0	0	0	0	0	0	0	0	0	0	0	1.018	0	0	0.015	0	0	0	0	0	0	0.007	0	0	0	0	0	0	7.188	0	0	0	0	0	0.168	0	0.056	0	0	0	0	0.75	0	0	0	0	0	0	0	0.069	0	0	0	0.072	4.556	0	0	0.14	0	1.492	0	0	0	0	0	0	0	0	0	0.008	0	0	6.469	0	0	0	0	0.418	0	0	0	0	0	0	0	0	0	0	0	0	0	0	0	0	0.035	0	0	0	0	0
1999	SUMM3	353.947	0	0	0	0	0	0	0	0	0	0	0	0	0	0	0	0	0	0	253.881	0	0	2.8	0.001	0	3.932	0	0	0	0.427	0	4.213	0	0	1.289	0	0.023	0	0.001	0	1.843	0	0	0	0	0	0	0	53.563	0	0	0	0	0.276	0	0	1.01	0.192	0	0	0	0.42	0	0	0	0	0.002	0.996	0	0.133	1.266	0	0.395	2.763	0.814	0	0.003	0.343	0.185	3.214	0	0	0	0.156	0	0	0.031	0	0	0	0.213	0	18.544	0	0	0	0.858	0	0	0	0	0	0	0	0	0	0	0	0.001	0	0.159	0	0	0	0	0	0	0	0	0
2000	SUMM3	285.845	0	0	0	0	0	0	0	0	0	0	0	0	0	0	0	0	0	0	285.554	0	0	0	0.015	0	0	0	0	0	0	0	0	0	0	0	0	0	0	0	0	0.002	0	0	0	0	0	0	0	0.274	0	0	0	0	0	0	0	0	0	0	0	0	0	0	0	0	0	0	0	0	0	0	0	0	0	0	0	0	0	0	0	0	0	0	0	0	0	0	0	0	0	0	0	0	0	0	0	0	0	0	0	0	0	0	0	0	0	0	0	0	0	0	0	0	0	0	0	0	0	0	0
2001	SUMM3	355.987	0	0	0	0	0	0	0	0	0	0	0	0	0	0	0	0	0.001	0	273.465	0	25.14	2.334	0	0	0.882	0	0	0	0.205	0.669	0.323	0	0	0.767	0	0.008	0	0.066	0	1.049	0	0	0	0	0	0	0	26.39	0	0	0	0	0	0.214	0	0	0.137	0	0	0	0.264	0	0	0	0	0.117	0	0	0.469	0.545	0	0.126	2.418	1.627	0	0	0.048	0	0.203	0	0	0	0	0	0	0.012	0	0	0.741	0	0.004	17.682	0	0	0	0	0	0	0	0	0.056	0	0	0	0	0	0	0	0	0.025	0	0	0	0	0	0	0	0	0
2002	SUMM3	295.107	0	0	0	0	0	0	0	0	0	0	0	0	0	0	0	0	0	0	294.967	0	0	0	0	0	0	0	0	0	0	0	0	0	0	0	0	0	0	0	0	0	0	0	0	0	0	0	0	0	0	0	0	0	0	0	0	0	0	0	0	0	0.14	0	0	0	0	0	0	0	0	0	0	0	0	0	0	0	0	0	0	0	0	0	0	0	0	0	0	0	0	0	0	0	0	0	0	0	0	0	0	0	0	0	0	0	0	0	0	0	0	0	0	0	0	0	0	0	0	0	0
2003	SUMM3	229.431	0	0	0	0	0	0	0	0	0	0	0	0	0	0	0	0	0	0	205.771	0	0	0	0	0	1.793	0	0	0	0	0	0.245	0	0	0.251	0	0	0	0.003	0	0.267	0	0	0	0	0	0	0	4.374	0	0	0	0	0	0.016	0	0.093	0.003	0	0	0	0	0	0	0	0	0	0.257	0	0	0.034	0	0	0	2.114	0	0.167	0	0	2.252	0	0	0	0	0	0	0.074	0	0	4.35	0	0	7.332	0	0	0	0	0	0	0	0	0	0	0	0	0.001	0	0	0	0	0	0	0	0	0	0	0	0	0.034	0
2004	SUMM3	94.053	0	0	0	0	0	0	0	0	0	0	0	0	0	0	0	0	0	0	94.053	0	0	0	0	0	0	0	0	0	0	0	0	0	0	0	0	0	0	0	0	0	0	0	0	0	0	0	0	0	0	0	0	0	0	0	0	0	0	0	0	0	0	0	0	0	0	0	0	0	0	0	0	0	0	0	0	0	0	0	0	0	0	0	0	0	0	0	0	0	0	0	0	0	0	0	0	0	0	0	0	0	0	0	0	0	0	0	0	0	0	0	0	0	0	0	0	0	0	0	0
2005	SUMM3	285.801	0	0	0	0	0	0	0	0	0	0	0	0	0	0	0	0	0	0	120.052	0	0	8.868	0	0	26.448	0	0	0	0.097	1.113	0.96	0	0	1.42	0	0	0	0.037	0	0.125	0	0	0	0	0	0	0	103.445	0	0	0	0	0	0.019	0	0	0.45	0	0	0	0.14	0	0	0	0	0.157	0.092	0	5.483	0.233	0	0.386	0	2.115	0	0.036	0	0	9.768	0	0	0	0	0	0	0.012	0	0	2.853	0	0	0.862	0	0	0	0	0	0.63	0	0	0	0	0	0	0	0	0	0	0	0	0	0	0	0	0	0	0	0	0
2006	SUMM3	158.085	0	0	0	0	0	0	0	0	0	0	0	0	0	0	0	0	0	0	158.085	0	0	0	0	0	0	0	0	0	0	0	0	0	0	0	0	0	0	0	0	0	0	0	0	0	0	0	0	0	0	0	0	0	0	0	0	0	0	0	0	0	0	0	0	0	0	0	0	0	0	0	0	0	0	0	0	0	0	0	0	0	0	0	0	0	0	0	0	0	0	0	0	0	0	0	0	0	0	0	0	0	0	0	0	0	0	0	0	0	0	0	0	0	0	0	0	0	0	0	0
2007	SUMM3	285.788	0	0	0	0	0	0	0	0	0	0	0	0	0	0	0	0.008	0	0	151.82	0	0	0	0	0	1.118	0	0	0	0.119	2.681	0.389	0	0	0.052	0	0.001	0	0.119	0	0.029	0	0	0.062	0	0	0	0	6.926	0	0	0	0	0	0.013	0	0.179	0.432	0	0	0	3.502	0	0	0	0	0.072	0.747	0	0.397	0.061	0	59.137	1.125	0.978	0	0	0	0	13.376	0	0	0	0	0	0	0	0	0	5.561	0	0	36.658	0	0	0	0.136	0	0.09	0	0	0	0	0	0	0	0	0	0	0	0	0	0	0	0	0	0	0	0	0
2008	SUMM3	242.106	0	0	0	0	0	0	0	0	0	0	0	0	0	0	0	1.143	0	0	209.125	0	0	0	0	0	0.008	0	0	0	0	0	0.023	0	0	0	0	0	0	0	0	0	0	0	8.406	0	0	0	0	0.063	0	0	0	0	0	0	0	0.046	0.003	0	0	0	0	0	0	0	0	0	0	0	0	0	0	0	0	0	0	0	0	0	0	0	0	0	0	0	0	0	0	0	0	0	0	23.289	0	0	0	0	0	0	0	0	0	0	0	0	0	0	0	0	0	0	0	0	0	0	0	0	0	0	0
1990	SUMM4	571.297	0	0	0	0	0	0	0	0	0	0	0	0	0	0	0	0	0	1.656	566.111	0	0	0	0	0	0	0	0	0	0.033	0	0	0	0	0	0	0	0	0	0	0	0	0	0.68	0.004	0	0	0	0.037	0	0	0	0	0	0	0	0	0	0	0	0	0	0	0	0	0	0	0	0	0	0	0	2.671	0.029	0	0	0	0	0	0	0	0	0	0	0	0	0	0	0	0	0	0	0	0	0	0	0	0	0	0	0	0	0	0	0	0	0	0	0	0	0	0	0	0	0.076	0	0	0	0	0
1991	SUMM4	367.659	0	0	0	0	0	0	0	0	0	0	0	0	0	0	0	0	0	2.417	364.971	0	0	0	0	0	0	0	0	0	0	0	0	0	0	0	0	0	0	0	0	0	0	0	0	0	0	0	0	0.004	0	0	0	0	0	0	0	0.041	0	0	0	0	0	0	0	0	0	0.002	0	0	0	0	0	0	0	0	0	0	0	0.089	0	0	0	0	0	0	0	0	0	0	0	0	0	0	0	0	0	0	0	0	0	0	0	0	0	0	0	0	0.135	0	0	0	0	0	0	0	0	0	0	0	0
1992	SUMM4	234.397	0	0	0	0	0	0	0	0	0	0	0	0	0	0	0	0	0	0.727	229.381	0	0	0	0	0	0	0	0	0	0	0	0.009	0	0	0	0	0	0	0	0	0	0	0	4.08	0	0	0	0	0.027	0	0	0	0	0	0	0	0.046	0	0	0	0	0	0	0	0	0	0	0	0	0.004	0	0	0	0	0	0	0.104	0	0	0	0	0	0	0	0	0	0	0	0	0	0	0	0	0	0	0	0	0.019	0	0	0	0	0	0	0	0	0	0	0	0	0	0	0	0	0	0	0	0	0	0
1993	SUMM4	287.472	0	0	0	0	0	0	0	0	21.575	0	0	0	0	0	0	0	0	1.074	242.802	0	0	0	0	0	0	0	0	0	0	0	0	0	0	0.285	0	0	0	0	0	0	0	0	0	0	0	0	0	0.523	0	0	0	0	0	0	0	13.026	0.568	0	0	0	0	0	0	0	0	0	0	0	0.313	0	0	0.482	0.147	0	0	0	0	0	0	0	0	0	0	0	0	0	0	0	0	0	0	0	0	0	0	0	0	0	0	0	6.677	0	0	0	0	0	0	0	0	0	0	0	0	0	0	0	0	0	0
1994	SUMM4	277.74	0	0	0	0	0	0	0	0	16.345	0	0	0	0	0	0	0	0	1.79	258.925	0	0	0	0	0	0	0	0	0	0	0	0	0	0	0	0	0	0	0	0	0	0	0	0.68	0	0	0	0	0	0	0	0	0	0	0	0	0	0	0	0	0	0	0	0	0	0	0	0	0	0	0	0	0	0	0	0	0	0	0	0	0	0	0	0	0	0	0	0	0	0	0	0	0	0	0	0	0	0	0	0	0	0	0	0	0	0	0	0	0	0	0	0	0	0	0	0	0	0	0	0
1995	SUMM4	268.773	0	0	0	0	0	0	0	0	2.649	0	0	0	0	0	0	0	0	0.806	163.474	0	0	1.4	0.074	0	0.2	0	0	5.271	0	2.565	0	0	0	2.784	0	0	0	0.307	0	0.05	0	0	0.68	0	0	0	0	26.289	0	0	0	0	0	0	0	3.263	0.182	0	0	0	0	0	0	0	0	0.89	0	0	5.217	0	0	0.12	1.685	1.626	0	0.322	0.196	0	38.459	0	0	0	0	0	0	0.155	0	0	0	0.231	0	3.019	0	0	0	0	1.034	0	0	0	0.51	0	0	0	0	0	0	0	0	0	0	0	1.37	0	3.945	0	0	0	0
1996	SUMM4	195.726	0	0	0	0	0	0	0	0	1.115	0	0	0	0	0	0	0	0	3.938	185.063	0	0	0	0	0	0	0	0	0	0	0	0	0	0	0	0	0	0	0	0	0	0	0	0.68	0	0	0	0	1.083	0	0	0	0	0	0	0	0	0.003	0	0	0	0	0	0	0	0	0	0.366	0	0	0	0	1.555	0	0	0	0	0	0	0	0	0	0	0	0	0	0	0	0	0	1.714	0	0	0	0	0	0	0	0	0	0	0	0	0	0	0	0	0	0	0	0	0	0	0.209	0	0	0	0	0	0
1997	SUMM4	284.525	0	0	0	0.003	0	0	0	0	0	0	0	0	0	0	0	0	0	0.336	281.476	0	0	0	0	0	0	0	0	0	0	0	0.613	0	0	0	0	0	0	0	0	0	0	0	0	0	0	0	0	0.196	0	0	0	0	0	0	0	0.014	0.003	0	0	0	0.01	0	0	0	0	0	0	0	0.008	0	0	1.084	0	0	0	0	0	0	0	0	0	0	0	0	0	0.012	0	0	0.073	0	0	0	0	0	0	0	0	0	0	0	0	0	0	0	0	0	0	0	0	0	0	0	0.697	0	0	0	0	0	0
1998	SUMM4	457.154	0	0	0	0	0	0	0	0	0	0	0	0	0	0	0	0.001	0	1.253	437.838	0	0	0	0	0	0	0	0	0	0	0	3.568	0	0	0.13	0	0	0	0	0	0	0	0.033	0	0	0	0	0	3.577	0	0	0	0	0	0.226	0	0.014	0.009	0	0	0	0	0	0	0	0	0	0	0	0.061	0	0	0	0.173	1.302	0	0	0.272	0	3.771	0	0	0	0	0	0	0	0	0	0.04	0	0	4.313	0.003	0	0	0	0.395	0	0	0	0	0	0	0	0	0	0	0	0	0	0	0	0.175	0	0	0	0	0	0
1999	SUMM4	385.879	0	0	0	0	0	0	0	0	0	0	0.006	0	0	0	0	0.001	0	0.524	270.228	0	1.397	3.733	0.004	0	4.002	0	0	0	0.164	0	7.691	0	0	3.174	0	0.001	0	0.071	0	0.503	0	0	0	0	0	0.316	0	34.713	0	0	0	0	0.433	0	0	0.675	0.473	0	0	0	0.41	0	0	0	0	0.001	0.233	0	1.413	1.252	0	0.135	0.181	0.163	0	0.268	0.914	0	16.577	0	0	0	0.025	0	0	0.012	0	0	0	1.732	0	20.701	0	0	0	9.726	0	0	0	0	0.093	0	0	0	0	0	0	0	0	0.009	0	0	0	0	0	0	0	3.925	0
2000	SUMM4	202.113	0	0	0	0	0	0	0	0	0	0	0	0	0	0	0	0	0	0.459	201.363	0	0	0	0	0	0	0	0	0	0	0	0	0	0	0	0	0	0	0	0	0	0	0	0	0	0	0	0	0.286	0	0	0	0	0	0	0	0.005	0	0	0	0	0	0	0	0	0	0	0	0	0	0	0	0	0	0	0	0	0	0	0	0	0	0	0	0	0	0	0	0	0	0	0	0	0	0	0	0	0	0	0	0	0	0	0	0	0	0	0	0	0	0	0	0	0	0	0	0	0	0	0
2001	SUMM4	916.253	0	0	0	0	0	0	0	0	0	0	0	0	0	0	0	0	0	0	234.741	0	4.19	0	0	0	2.11	0	0	0	0.039	0	2.25	0	0	3.557	0	0	0	0.419	0	0.441	0	0	0	0	0.001	0	0	28.58	558.022	0	0	0	0	0.389	0	0.014	0.422	0	0	0	0.464	0	0	0	0	0.024	0	0	1.08	1.224	0	0.125	6.232	2.602	0	0.167	0.98	0	15.654	0	0	0	0	0	0	0.025	0	0	1.35	0	0	44.85	0	0	0	0	0	0	0	0	0.462	0	0	0	0	0	0	0	0	0	0	0	0	0	0.053	0	0	5.786	0
2002	SUMM4	218.142	0	0	0	0	0	0	0	0	0	0	0	0	0	0	0	0	0	0	218.012	0	0	0	0	0	0	0	0	0	0	0	0	0	0	0	0	0	0	0	0	0	0	0	0	0	0	0	0	0.012	0	0	0	0	0	0	0	0	0.003	0	0	0	0.064	0	0	0	0	0	0	0	0	0	0	0.005	0	0	0	0	0	0	0	0	0	0	0	0	0	0	0	0	0.033	0	0	0	0	0	0	0	0	0	0	0	0	0	0	0.001	0	0	0	0	0	0	0	0	0	0.012	0	0	0	0	0
2003	SUMM4	186.327	0	0	0	0	0	0	0	0	0	0	0	0	0	0	0	1.271	0	0	153.743	0	0	0	0	0	1.148	0	0	0	0	0	2.705	0	0	0.214	0	0	0	0.019	0	0.087	0	0	0	0	0	0	0	7.836	0	0	0	0	0	0.035	0	0.107	0.005	0	0	0	0.004	0	0	0	0	0	0.098	0	0	0.121	0	0	0.02	2.767	0	0.259	0	0	0.681	0	0	0	0	0	0	0.081	0	0	2.1	0	0	12.506	0	0	0	0	0	0.52	0	0	0	0	0	0	0	0	0	0	0	0	0	0	0	0	0	0	0	0	0
2004	SUMM4	56.59	0	0	0	0	0	0	0	0	0	0	0	0	0	0	0	0	0	0	56.549	0	0	0	0	0	0.012	0	0	0	0	0	0	0	0	0	0	0	0	0	0	0	0	0	0	0	0	0	0	0	0	0	0	0	0	0	0	0	0	0	0	0	0	0	0	0	0	0	0	0	0	0	0	0	0	0	0	0	0.029	0	0	0	0	0	0	0	0	0	0	0	0	0	0	0	0	0	0	0	0	0	0	0	0	0	0	0	0	0	0	0	0	0	0	0	0	0	0	0	0	0	0
2005	SUMM4	417.748	0.03	0	0	0	0	0	0	0	0	0	0	0	0	0	0	0	0	0	75.871	0	1.397	1.867	0	0	57.771	0	0	0	0.079	20.929	0.637	0	0	8.787	0	0	0	0.075	0	0.137	0	0	0	0	0	0	0	176.039	0	0	0	0	0	0.143	0	0.055	0.255	0	0	0	0.47	0	0	0	0	0.811	0.086	0	7.077	1.255	0	3.256	0.435	2.928	0	1.473	0	0	14.374	0	0	0	0	0	0	0.318	0	0	17.454	0	0	17.25	0	0	0	0	0	5.285	0	0	0	0	0	0	0	0	0	0	0	1.204	0	0	0	0	0	0	0	0	0
2006	SUMM4	155.075	0	0	0	0	0	0	0	0	0	0	0	0	0	0	0	0	0	0	155.075	0	0	0	0	0	0	0	0	0	0	0	0	0	0	0	0	0	0	0	0	0	0	0	0	0	0	0	0	0	0	0	0	0	0	0	0	0	0	0	0	0	0	0	0	0	0	0	0	0	0	0	0	0	0	0	0	0	0	0	0	0	0	0	0	0	0	0	0	0	0	0	0	0	0	0	0	0	0	0	0	0	0	0	0	0	0	0	0	0	0	0	0	0	0	0	0	0	0	0	0
2007	SUMM4	239.873	0	0	0	0	0	0	0	0	0	0	0	0	0	0	0	0	0	0	146.291	0	0	0.933	0	0	0.854	0	0	0	0.02	2.385	0.972	0	0	0.597	0	0	0	0.229	0	0	0	0	3.714	0	0	0	0.004	21.342	0	0	0	0	0	0.031	0	0.018	1.9	0	0	0	2.915	0	0	0	0	0.042	2.403	0	0.052	0.49	0	14.695	0.762	7.644	0	0	0.165	0	4.313	0	0	0	0	0	0	0	0	0	4.58	0	0	19.408	0	0	0	0.57	0	1.911	0	0	0	0	0	0	0.633	0	0	0	0	0	0	0	0	0	0	0	0	0	0
2008	SUMM4	260.885	0	0	0	0	0	0	0	0	0	0	0	0	0	0	0	0	0	0	188.681	0	0	0	0	0	0.002	0	0	0	0	0	0.046	0	0	0	0	0	0	0	0	0.002	0	0	59.416	0	0	0	0	0.049	0	0	0	0	0	0	0	0.028	0.011	0	0	0	0	0	0	0	0	0	0	0	0	0	0	0	0	0	0	0	0	0	0	0	0	0	0	0	0	0	0	0	0	0	0	12.506	0	0	0	0	0	0	0	0	0	0	0	0	0.144	0	0	0	0	0	0	0	0	0	0	0	0	0	0
