Year	site	total	ARIS1	ARNE	ARWR	ASAL	ASNU	ASTE	ASTE1	ASTR1	ASWO	BAAB	BAMU	BAPE	CABA	CACH	CAWR	CHCO	CHST	CRAN	CRCR	CRMI	CRPT	CRYP1	CSDL1	DAPU	DEPI	DIWI	DRCU	DYPE	ERAB	ERBE	ERDI	ERIO1	ERPU	ERRO	ERTR	ESME	EUAL	EUMC	GILI1	GSDL1	HAGR	HOMU	IPLO	IVAM	LEER	LEFE	LEGO	LELA	LEPI1	LEVI	LIBI	LONE	MAFE	MELE	MENT1	MILI	MUPO	NAHI	OEAL	OENO1	OEPR	PENA	PHAC1	PHCO	PLPA	RANE	SAKA	SCAR	SCBR	SELE	SELO	SILE	SPOR1	SPVEG	STAR	STEX	UKFO1	UKFO3	UKFO5	UKGR1	UKGS1	VEWR	XAMI
1990	CALI	14.719	0	0	14.545	0	0	0	0	0	0	0	0	0	0	0	0	0	0	0	0	0	0	0	0	0	0	0	0	0	0	0	0	0	0.174	0	0	0	0	0	0	0	0	0	0	0	0	0	0	0	0	0	0	0	0	0	0	0	0	0	0	0	0	0	0	0	0	0	0	0	0	0	0	0	0	0	0	0	0	0	0	0	0	0	0
1991	CALI	19.882	0	0	19.777	0	0	0	0	0	0	0	0	0	0	0	0	0	0	0	0	0	0	0.001	0	0	0	0	0	0	0	0	0	0	0.079	0.001	0	0	0	0	0	0	0	0	0	0	0	0	0	0	0	0	0	0	0	0	0	0	0	0	0	0	0	0.024	0	0	0	0	0	0	0	0	0	0	0	0	0	0	0	0	0	0	0	0	0
1992	CALI	24.931	0	0	24.866	0	0	0	0	0	0	0	0	0	0	0	0	0	0	0.002	0	0	0	0	0.004	0	0	0	0	0	0	0	0	0	0.059	0	0	0	0	0	0	0	0	0	0	0	0	0	0	0	0	0	0	0	0	0	0	0	0	0	0	0	0	0	0	0	0	0	0	0	0	0	0	0	0	0	0	0	0	0	0	0	0	0	0
1993	CALI	20.58	0	0	19.998	0	0	0	0	0	0	0.025	0	0	0	0	0	0	0	0	0	0	0	0	0.094	0	0.016	0	0	0	0	0	0	0	0.075	0	0	0	0	0	0	0	0	0	0	0	0	0	0	0	0	0	0	0	0	0	0	0	0	0	0	0	0	0.001	0	0	0	0	0	0	0	0	0.371	0	0	0	0	0	0	0	0	0	0	0	0
1994	CALI	26.058	0	0	26.056	0	0	0	0	0	0	0	0	0	0	0	0	0	0	0	0	0	0	0	0	0	0	0	0	0	0	0	0	0	0.002	0	0	0	0	0	0	0	0	0	0	0	0	0	0	0	0	0	0	0	0	0	0	0	0	0	0	0	0	0	0	0	0	0	0	0	0	0	0	0	0	0	0	0	0	0	0	0	0	0	0
1995	CALI	62.619	0	0.384	37.856	0	0	0	0	0	0	0	0	0	0	0	0	0	0	0	24.096	0	0	0	0	0.009	0.03	0	0	0	0	0	0	0	0	0.04	0	0	0	0	0	0	0	0	0	0	0	0	0	0	0	0	0	0	0	0	0	0	0	0	0	0	0	0.204	0	0	0	0	0	0	0	0	0	0	0	0	0	0	0	0	0	0	0	0	0
1996	CALI	19.947	8.641	0	11.305	0	0	0	0	0	0	0	0	0	0	0	0	0	0	0	0	0	0	0	0	0	0	0	0	0	0	0	0	0	0	0	0	0	0	0	0	0	0	0	0	0	0	0	0	0	0	0	0	0	0	0	0	0	0	0	0	0	0	0	0	0	0	0	0	0	0	0	0	0.001	0	0	0	0	0	0	0	0	0	0	0
1997	CALI	4.173	0.096	0	3.84	0	0	0	0	0	0	0	0	0	0	0	0	0	0	0	0	0	0	0	0	0.034	0	0	0	0	0	0	0	0	0	0	0	0	0	0	0	0	0	0	0	0	0	0	0	0	0	0	0	0	0	0	0	0	0.179	0	0	0	0	0.024	0	0	0	0	0	0	0	0	0	0	0	0	0	0	0	0	0	0	0	0	0
1998	CALI	5.312	5.256	0	0	0	0	0	0	0	0	0	0	0	0	0	0	0	0	0	0	0	0	0	0	0.016	0	0	0	0	0	0	0	0	0	0	0	0	0	0	0	0	0	0	0	0	0	0	0	0	0	0	0	0	0	0	0	0	0.036	0	0	0	0	0.004	0	0	0	0	0	0	0	0	0	0	0	0	0	0	0	0	0	0	0	0	0
1999	CALI	3.318	0	2.568	0	0	0.016	0	0	0	0	0.028	0	0	0	0	0	0	0	0	0	0	0	0.054	0	0.014	0.009	0	0	0	0.02	0	0	0	0	0	0	0	0	0	0	0	0	0	0	0	0	0	0	0	0	0	0	0	0	0	0	0	0	0	0	0	0	0.609	0	0	0	0	0	0	0	0	0	0	0	0	0	0	0	0	0	0	0	0	0
2000	CALI	0.399	0	0.082	0	0	0	0	0	0	0	0	0	0	0	0	0	0	0	0	0	0	0	0	0	0.005	0	0	0	0	0	0	0	0	0	0	0	0	0	0	0	0	0	0	0	0	0	0	0	0	0	0	0	0	0	0	0	0	0.312	0	0	0	0	0	0	0	0	0	0	0	0	0	0	0	0	0	0	0	0	0	0	0	0	0	0
2001	CALI	0.052	0	0	0	0	0	0	0	0	0	0	0.005	0	0	0	0	0	0	0	0	0	0	0.01	0.002	0.007	0	0	0	0	0	0	0	0	0	0.006	0	0	0	0	0	0	0	0	0	0	0	0	0	0	0	0	0	0	0	0	0	0	0	0	0	0	0	0.022	0	0	0	0	0	0	0	0	0	0	0	0	0	0	0	0	0	0	0	0	0
2002	CALI	0.179	0	0	0	0	0	0	0	0	0	0	0	0	0	0	0	0	0	0	0	0	0	0	0	0	0	0	0	0	0	0	0	0	0	0	0	0	0	0	0	0	0	0	0	0	0	0	0	0	0	0	0	0	0	0	0	0	0.179	0	0	0	0	0	0	0	0	0	0	0	0	0	0	0	0	0	0	0	0	0	0	0	0	0	0
2003	CALI	1.317	0	0	0	0	0	0	0	0	0	0	0	0	0	0	0	0	0	0	0	0	0	0	0	0.012	0.001	0	0	0	0	0	0	0	0	0	0	0	0	0	0	0	0	0	0	0	0	0	0	0	0	0	0	0	0	0	0	0	1.138	0	0	0	0	0.166	0	0	0	0	0	0	0	0	0	0	0	0	0	0	0	0	0	0	0	0	0
2004	CALI	1.116	0	0	0	0	0	0	0	0	0	0	0	0	0	0	0	0	0	0	0	0	0	0	0	0	0	0	0	0	0	0	0	0	0	0	0	0	0	0	0	0	0	0	0	0	0	0	0	0	0	0	0	0	0	0	0	0	1.116	0	0	0	0	0	0	0	0	0	0	0	0	0	0	0	0	0	0	0	0	0	0	0	0	0	0
2005	CALI	1.138	0	0	0	0	0	0	0	0	0	0	0	0	0	0	0	0	0	0	0	0	0	0.303	0.004	0	0.401	0	0	0	0.005	0	0	0	0	0	0	0	0	0	0.003	0	0	0	0	0	0	0	0	0	0	0	0	0	0	0	0	0.027	0.201	0	0	0	0	0.056	0.124	0	0	0	0	0	0	0	0	0	0	0	0.003	0.011	0	0	0	0	0	0	0
2006	CALI	18.286	0	0	0	0	0	0	0	0	0	0	0	0	0	0	0	0	0	0	0	0	0	0	0	0	0	0	0	0	0	0	0	0	0	0	0	0	0	0	0	0	0	0	0	0	0	0	0	0	0	0	0	0	0	0	0	0	18.286	0	0	0	0	0	0	0	0	0	0	0	0	0	0	0	0	0	0	0	0	0	0	0	0	0	0
2007	CALI	24.398	0.168	0	0	0	0	0	0	0	0	1.02	0.349	0	0	0	0	0	0	0	0	0	0	0.155	0.008	0	0.003	0	0	0	0	0	0	0	0	0.001	0	0	0	0	0	0	0	0	0	0	0	0	0	0	0	0	0	0	0.326	0	0	0	22.024	0.014	0	0	0	0	0.008	0	0	0	0	0.1	0	0	0	0	0	0	0	0	0	0	0	0.222	0	0	0
2008	CALI	27.741	0	0	0	0	0	0	0	0	0	0.161	0	0	0	0	0	0	0	0	0	0	0	0	0	0	0	0	0	0	0	0	0	0	0	0	0	0	0	0	0	0	0	0	0	0	0	0	0	0	0	0	0	0	0	0	0	0	27.58	0	0	0	0	0	0	0	0	0	0	0	0	0	0	0	0	0	0	0	0	0	0	0	0	0	0
1990	CALI1	0.165	0	0	0	0	0	0	0	0	0	0	0	0	0	0	0	0	0	0	0	0	0	0	0	0	0	0	0	0	0	0	0	0	0.165	0	0	0	0	0	0	0	0	0	0	0	0	0	0	0	0	0	0	0	0	0	0	0	0	0	0	0	0	0	0	0	0	0	0	0	0	0	0	0	0	0	0	0	0	0	0	0	0	0	0
1991	CALI1	0.087	0	0	0	0	0	0	0	0	0	0	0	0	0	0	0	0	0	0	0	0	0	0	0	0	0	0	0	0	0	0	0	0	0.059	0	0	0	0	0	0	0	0	0	0	0	0	0	0	0	0	0	0	0	0	0	0	0	0	0	0	0	0	0.028	0	0	0	0	0	0	0	0	0	0	0	0	0	0	0	0	0	0	0	0	0
1992	CALI1	0.222	0	0	0	0	0	0	0	0	0	0	0	0	0	0	0	0	0	0	0	0	0	0	0	0	0	0	0	0	0	0	0	0	0.222	0	0	0	0	0	0	0	0	0	0	0	0	0	0	0	0	0	0	0	0	0	0	0	0	0	0	0	0	0	0	0	0	0	0	0	0	0	0	0	0	0	0	0	0	0	0	0	0	0	0
1993	CALI1	0.37	0	0	0	0	0	0	0	0	0	0	0	0	0	0	0	0	0	0	0	0	0	0.016	0.232	0	0	0	0	0	0	0	0	0	0.108	0	0	0	0	0	0	0	0	0	0	0	0	0	0	0.012	0	0	0	0	0	0	0	0	0	0	0	0	0	0.002	0	0	0	0	0	0	0	0	0	0	0	0	0	0	0	0	0	0	0	0	0
1994	CALI1	0.042	0	0	0	0	0	0	0	0	0	0	0	0	0	0	0	0	0	0	0	0	0	0	0	0	0	0	0	0	0	0	0	0	0.042	0	0	0	0	0	0	0	0	0	0	0	0	0	0	0	0	0	0	0	0	0	0	0	0	0	0	0	0	0	0	0	0	0	0	0	0	0	0	0	0	0	0	0	0	0	0	0	0	0	0
1995	CALI1	7.877	0	0	0	0	0	0	0	0	0	0	0	0	0	0	0	0	0.002	0	7.53	0	0	0	0	0.058	0.019	0	0	0	0	0	0	0	0	0.249	0	0	0	0	0	0	0	0	0	0	0	0	0	0.006	0	0	0	0	0	0	0	0	0	0	0	0	0	0.005	0	0	0	0	0	0	0	0	0	0	0.008	0	0	0	0	0	0	0	0	0	0
1996	CALI1	0.019	0.002	0	0	0	0	0	0	0	0	0	0	0	0	0	0	0	0	0	0	0	0	0	0	0.017	0	0	0	0	0	0	0	0	0	0	0	0	0	0	0	0	0	0	0	0	0	0	0	0	0	0	0	0	0	0	0	0	0	0	0	0	0	0	0	0	0	0	0	0	0	0	0	0	0	0	0	0	0	0	0	0	0	0	0
1997	CALI1	0.051	0	0	0	0	0	0	0	0	0	0	0	0	0	0	0	0	0	0	0	0	0	0	0	0.027	0	0	0	0	0	0	0	0	0	0	0	0	0	0	0	0	0	0	0	0	0	0	0	0	0	0	0	0	0	0	0	0	0	0	0	0	0	0.024	0	0	0	0	0	0	0	0	0	0	0	0	0	0	0	0	0	0	0	0	0
1998	CALI1	0.045	0	0	0	0	0	0	0	0	0	0.004	0	0	0	0	0	0	0	0	0	0	0	0	0	0.041	0	0	0	0	0	0	0	0	0	0	0	0	0	0	0	0	0	0	0	0	0	0	0	0	0	0	0	0	0	0	0	0	0	0	0	0	0	0	0	0	0	0	0	0	0	0	0	0	0	0	0	0	0	0	0	0	0	0	0
1999	CALI1	1.376	0	0	0	0	0	0	0	0	0	0	0	0	0	0	0	0	0	0	0	0	0	0.012	0	0.016	0.008	0	0	0	0.037	0	0	0	0	0.005	0	0	0	0	0	0	0	0	0	0	0	0	0	0	0	0	0	0	0	0	0	0	0.424	0	0	0	0	0.874	0	0	0	0	0	0	0	0	0	0	0	0	0	0	0	0	0	0	0	0	0
2000	CALI1	4.74	0	0	0	0	0	0	0	0	0	0	0	0	0	0	0	0	0	0	0	0	0	0	0	0.03	0	0	0	0	0	0	0	0	0	0	0	0	0	0	0	0	0	0	0	0	0.56	0	0	0	0	0	0	0	0	0	0	0	4.15	0	0	0	0	0	0	0	0	0	0	0	0	0	0	0	0	0	0	0	0	0	0	0	0	0	0
2001	CALI1	1.854	0	0	0	0	0.013	0.027	0	0	0	0	0.001	0	0	0	0	0	0	0	0	0.002	0	0.025	0.001	0.029	0.008	0	0	0	0	0	0	0	0	0.173	0	0	0	0	0	0	0	0	0	0	0	0	0	0	0	0.001	0	0	0	0	0	0	1.116	0	0	0	0	0.027	0	0	0.431	0	0	0	0	0	0	0	0	0	0	0	0	0	0	0	0	0	0
2002	CALI1	2.666	0	0	0	0	0	0	0	0	0	0	0	0	0	0	0	0	0	0	0	0	0	0	0	0	0	0	0	0	0	0	0	0	0	0	0	0	0	0	0	0	0	0	0	0	0	0	0	0	0	0	0	0	0	0	0	0	2.666	0	0	0	0	0	0	0	0	0	0	0	0	0	0	0	0	0	0	0	0	0	0	0	0	0	0
2003	CALI1	1.537	0	0	0	0	0	0	0	0	0	0.017	0	0	0	0	0	0	0	0	0	0	0	0.008	0	0.026	0	0	0	0	0.001	0	0	0	0	0	0	0	0	0	0	0	0	0	0	0	0	0	0	0	0	0	0	0	0	0	0	0	1.071	0	0	0	0	0.4	0	0	0	0.014	0	0	0	0	0	0	0	0	0	0	0	0	0	0	0	0	0
2004	CALI1	1.941	0	0	0	0	0	0	0	0	0	0	0	0	0	0	0	0	0	0	0	0	0	0	0	0	0	0	0	0	0	0	0	0	0	0	0	0	0	0	0	0	0	0	0	0	0	0	0	0	0	0	0	0	0	0	0	0	1.941	0	0	0	0	0	0	0	0	0	0	0	0	0	0	0	0	0	0	0	0	0	0	0	0	0	0
2005	CALI1	0.704	0	0	0	0	0	0	0	0	0	0	0	0	0	0	0	0	0	0	0	0	0	0.073	0	0.004	0.009	0	0	0	0	0	0	0	0	0	0	0	0	0	0	0	0	0	0	0	0	0	0	0	0	0	0	0	0	0	0	0	0.368	0	0	0	0	0.25	0	0	0	0	0	0	0	0	0	0	0	0	0	0	0	0	0	0	0	0	0
2006	CALI1	1.607	0	0	0	0	0	0	0	0	0	0	0	0	0	0	0	0	0	0	0	0	0	0	0	0	0	0	0	0	0	0	0	0	0	0	0	0	0	0	0	0	0	0	0	0	0	0	0	0	0	0	0	0	0	0	0	0	1.607	0	0	0	0	0	0	0	0	0	0	0	0	0	0	0	0	0	0	0	0	0	0	0	0	0	0
2007	CALI1	9.257	0	0	0	0	0	0	0	0	0	0.924	0.385	0	0	0	0	0	0	0	0	0	0	0.077	0	0	0.025	0	0	0.049	0	0	0	0	0	0.012	0	0	0	0	0	0	0	0	0	0	0	0	0	0	0	0	0	0	0	0.025	0	0	5.355	0.001	0	0	0	2.291	0.033	0	0	0	0	0.08	0	0	0	0	0	0	0	0	0	0	0	0	0	0	0
2008	CALI1	1.639	0	0	0	0	0	0	0	0	0	0.233	0	0	0	0	0	0	0	0	0	0	0	0	0	0	0	0	0	0	0	0	0	0	0	0	0	0	0	0	0	0	0	0	0	0	0	0	0	0	0	0	0	0	0	0	0	0	1.406	0	0	0	0	0	0	0	0	0	0	0	0	0	0	0	0	0	0	0	0	0	0	0	0	0	0
1990	CALI2	0.018	0	0	0	0	0	0	0	0	0	0	0	0	0	0	0	0	0	0	0	0	0	0	0	0	0	0	0	0	0	0	0	0	0.018	0	0	0	0	0	0	0	0	0	0	0	0	0	0	0	0	0	0	0	0	0	0	0	0	0	0	0	0	0	0	0	0	0	0	0	0	0	0	0	0	0	0	0	0	0	0	0	0	0	0
1991	CALI2	0.061	0	0	0	0	0	0	0	0	0	0	0	0	0	0	0	0	0	0	0	0	0	0	0	0	0	0	0	0	0	0	0	0	0.013	0	0	0	0	0	0	0	0	0	0	0	0	0	0	0	0	0	0	0	0	0	0	0	0	0	0	0	0	0	0	0	0	0	0	0	0.048	0	0	0	0	0	0	0	0	0	0	0	0	0	0
1992	CALI2	0.186	0	0	0.019	0	0	0	0	0	0	0	0	0	0	0	0	0	0	0	0	0	0	0	0.001	0	0	0	0	0	0	0	0	0	0.049	0	0	0	0	0	0	0	0	0	0	0	0	0	0	0	0	0	0	0	0	0	0	0	0	0	0	0	0	0	0	0	0	0	0	0	0.117	0	0	0	0	0	0	0	0	0	0	0	0	0	0
1993	CALI2	0.753	0	0	0	0	0	0	0	0	0	0	0	0	0	0	0	0	0	0	0	0	0	0.008	0.246	0	0.386	0	0	0	0	0	0	0	0.106	0	0	0	0	0	0	0	0	0	0	0	0	0	0	0	0	0	0	0	0	0	0	0	0	0	0	0	0	0.007	0	0	0	0	0	0	0	0	0	0	0	0	0	0	0	0	0	0	0	0	0
1994	CALI2	0.01	0	0	0	0	0	0	0	0	0	0	0	0	0	0	0	0	0	0	0	0	0	0	0	0	0	0	0	0	0	0	0	0	0.01	0	0	0	0	0	0	0	0	0	0	0	0	0	0	0	0	0	0	0	0	0	0	0	0	0	0	0	0	0	0	0	0	0	0	0	0	0	0	0	0	0	0	0	0	0	0	0	0	0	0
1995	CALI2	13.86	0	0	0	0	0	0	0	0	0	0	0	0	0	0	0	0	0	0	12.801	0	0	0	0.001	0.003	0.505	0	0	0	0	0	0.005	0	0	0.266	0.013	0	0	0	0	0	0	0	0	0	0	0	0	0.001	0	0	0	0	0.163	0	0	0	0	0	0	0	0	0.026	0	0.05	0	0	0	0	0.024	0	0	0	0	0	0	0	0	0	0	0	0	0	0.002
1996	CALI2	0.051	0.019	0	0	0	0	0	0	0	0	0	0	0	0	0	0	0	0	0	0	0	0	0	0	0.002	0	0	0	0	0	0	0	0	0	0	0	0	0	0	0	0	0	0	0	0	0	0	0	0	0	0	0	0	0	0	0	0	0	0	0	0	0	0	0	0	0	0	0	0	0.03	0	0	0	0	0	0	0	0	0	0	0	0	0	0
1997	CALI2	0.039	0	0	0	0	0	0	0	0	0	0.017	0	0	0	0	0	0	0	0	0	0	0	0	0	0.015	0	0	0	0	0	0	0	0.001	0	0	0	0	0	0	0	0	0	0	0	0	0	0	0	0	0	0	0	0	0	0	0	0	0	0	0	0	0	0.006	0	0	0	0	0	0	0	0	0	0	0	0	0	0	0	0	0	0	0	0	0
1998	CALI2	0.016	0	0	0	0	0	0	0	0	0	0.002	0	0	0	0	0	0	0	0	0	0	0	0	0	0.005	0	0	0	0	0	0	0	0	0	0	0	0	0	0	0	0	0	0	0	0	0	0	0	0	0	0	0	0	0	0	0	0	0	0	0	0	0	0.009	0	0	0	0	0	0	0	0	0	0	0	0	0	0	0	0	0	0	0	0	0
1999	CALI2	0.891	0	0	0	0	0.003	0	0	0	0	0	0.002	0	0	0	0	0	0	0	0	0	0	0.011	0	0.002	0.327	0	0	0	0.009	0	0	0	0	0.004	0	0	0	0	0	0	0	0	0	0	0	0	0	0	0	0	0	0	0	0	0	0	0	0	0	0	0	0.202	0	0.331	0	0	0	0	0	0	0	0	0	0	0	0	0	0	0	0	0	0	0
2000	CALI2	0	0	0	0	0	0	0	0	0	0	0	0	0	0	0	0	0	0	0	0	0	0	0	0	0	0	0	0	0	0	0	0	0	0	0	0	0	0	0	0	0	0	0	0	0	0	0	0	0	0	0	0	0	0	0	0	0	0	0	0	0	0	0	0	0	0	0	0	0	0	0	0	0	0	0	0	0	0	0	0	0	0	0	0
2001	CALI2	0.204	0	0	0	0	0.027	0	0	0	0	0	0	0	0	0	0	0	0	0	0	0	0	0.009	0.001	0.004	0.066	0	0	0	0	0	0	0	0	0.008	0	0	0	0	0	0	0	0	0	0	0	0	0	0	0	0	0	0	0	0	0	0	0	0	0	0	0	0.004	0.085	0	0	0	0	0	0	0	0	0	0	0	0	0	0	0	0	0	0	0	0
2003	CALI2	0.035	0	0	0	0	0	0	0	0	0	0	0	0	0	0	0	0	0	0	0	0	0	0	0	0.003	0	0	0	0	0	0	0	0	0	0	0	0	0	0	0	0	0	0	0	0	0	0	0	0	0	0	0	0	0	0	0	0	0	0	0	0	0	0.032	0	0	0	0	0	0	0	0	0	0	0	0	0	0	0	0	0	0	0	0	0
2005	CALI2	0.68	0	0	0	0	0	0	0	0	0	0	0	0	0	0	0	0	0	0	0	0	0	0	0	0	0.035	0	0	0	0	0	0.024	0	0	0	0	0	0	0	0	0	0	0	0	0	0	0	0	0	0	0	0	0	0	0	0	0.407	0	0	0	0	0	0.026	0.184	0	0	0	0	0	0.004	0	0	0	0	0	0	0	0	0	0	0	0	0	0
2007	CALI2	13.992	0	0	0	0	0	0.027	0	0	0	0.969	0.34	0	0	0	0	0	0.002	0	0	0.038	0	0.325	0.001	0.001	0.873	0	0	0	0	0	0	0	0	0.006	0	0	0	0	0	0	0.003	0	0	0	0	0	0	0	0	0.055	0	0.048	0	0	0	0	0.009	0.017	0	0	0	0.005	9.879	0	1.294	0	0	0.1	0	0	0	0	0	0	0	0	0	0	0	0	0	0	0
2008	CALI2	0.685	0	0	0	0	0	0	0	0	0	0.085	0	0	0	0	0	0	0	0	0	0	0	0	0	0	0	0	0	0	0	0	0	0	0	0	0	0	0	0	0	0	0	0	0	0	0	0	0	0	0	0	0	0	0	0	0	0	0.6	0	0	0	0	0	0	0	0	0	0	0	0	0	0	0	0	0	0	0	0	0	0	0	0	0	0
1990	CALI3	1.207	0	0	1.152	0	0	0	0	0	0	0	0	0	0	0	0	0	0	0	0	0	0	0	0	0	0	0	0	0	0	0	0	0	0.037	0	0	0	0	0	0	0	0	0	0	0	0	0	0	0	0	0	0	0	0	0	0	0	0	0	0	0	0	0	0	0	0	0	0	0	0.018	0	0	0	0	0	0	0	0	0	0	0	0	0	0
1991	CALI3	1.276	0	0	1.152	0	0	0	0	0	0	0	0	0	0	0	0	0	0	0	0	0	0	0.001	0	0	0	0	0	0	0	0	0	0	0.034	0	0	0	0	0	0	0	0	0	0	0	0	0	0	0	0	0	0	0	0	0	0	0	0	0	0	0	0	0.083	0	0	0	0	0	0	0.006	0	0	0	0	0	0	0	0	0	0	0	0	0	0
1992	CALI3	2.378	0	0	2.28	0	0	0	0	0	0	0	0	0	0	0	0	0	0	0	0	0	0	0	0.001	0	0	0	0	0	0	0	0	0	0.097	0	0	0	0	0	0	0	0	0	0	0	0	0	0	0	0	0	0	0	0	0	0	0	0	0	0	0	0	0	0	0	0	0	0	0	0	0	0	0	0	0	0	0	0	0	0	0	0	0	0
1993	CALI3	4.121	0	0	2.592	0	0	0	0	0	0	0	0	0	0	0	0	0	0	0	0	0	0	0	0.425	0	0.282	0	0	0	0	0	0	0	0.069	0	0	0	0	0	0	0	0	0	0	0	0	0	0	0	0	0	0	0	0	0	0	0	0.714	0	0	0	0	0.039	0	0	0	0	0	0	0	0	0	0	0	0	0	0	0	0	0	0	0	0	0
1994	CALI3	3.144	0	0	2.904	0	0	0	0	0	0	0	0	0	0	0	0	0	0	0	0	0	0	0	0	0	0	0	0	0	0	0	0	0	0.017	0	0	0	0	0	0	0	0	0	0	0	0	0	0	0	0	0	0	0	0	0	0	0	0.223	0	0	0	0	0	0	0	0	0	0	0	0	0	0	0	0	0	0	0	0	0	0	0	0	0	0
1995	CALI3	15.473	0	0	4.488	0	0.04	0	0	0	0	0.034	0	0	0	0	0	0	0	0	9.036	0	0	0	0.017	0.014	0.246	0	0	0	0	0	0	0	0	0.258	0.002	0	0	0	0	0	0	0	0	0	0	0	0	0	0	0	0	0	0	0	0	0	1.247	0	0	0	0	0.091	0	0	0	0	0	0	0	0	0	0	0	0	0	0	0	0	0	0	0	0	0
1996	CALI3	8.893	0	0	5.544	0	0	0	0	0	0	0	0	0	0	0	0	0	0	0	0	0	0	0	0	0.002	0	0	0	0	0	0	0	0	0	0	0	0	0	0	0	0	0	0	0	0	0	0	0	0	0	0	0	0	0	0	0	0	3.347	0	0	0	0	0	0	0	0	0	0	0	0	0	0	0	0	0	0	0	0	0	0	0	0	0	0
1997	CALI3	9.209	0	0.336	0.528	0	0	0	0	0	0	0	0	0	0	0	0	0	0	0	0	0	0	0	0	0.011	0	0	0	0	0	0	0	0	0	0	0	0	0	0	0	0	0	0	0	0	0	0	0	0	0	0	0	0	0	0	0	0	8.334	0	0	0	0	0	0	0	0	0	0	0	0	0	0	0	0	0	0	0	0	0	0	0	0	0	0
1998	CALI3	15.271	4.608	0.763	0	0	0	0	0	0	0	0.008	0	0	0	0	0	0	0	0	0	0	0	0	0	0.026	0	0	0	0	0	0	0	0	0	0	0	0	0	0	0	0	0	0	0	0	0	0	0	0	0	0	0	0	0	0	0	0	9.863	0	0	0	0	0.003	0	0	0	0	0	0	0	0	0	0	0	0	0	0	0	0	0	0	0	0	0
1999	CALI3	21.292	0	3.528	0	0	0	0	0	0	0	0.017	0.002	0	0	0	0	0	0	0	0	0	0	0.011	0	0.015	0.03	0	0	0	0.044	0	0	0	0	0.001	0	0	0	0	0	0	0	0	0	0	0	0	0	0	0	0	0	0	0	0	0	0	17.315	0	0	0	0	0.301	0	0	0	0	0	0	0	0	0.028	0	0	0	0	0	0	0	0	0	0	0	0
2000	CALI3	28.269	0	0	0	0	0	0	0	0	0	0	0	0	0	0	0	0	0	0	0	0	0	0	0	0.015	0	0	0	0	0	0	0	0	0	0	0	0	0	0	0	0	0	0	0	0	0	0	0	0	0	0	0	0	0	1.701	0	0	26.553	0	0	0	0	0	0	0	0	0	0	0	0	0	0	0	0	0	0	0	0	0	0	0	0	0	0
2001	CALI3	19.802	0	0	0	0	0	0	0	0	0	0	0	0	0	0	0	0	0	0	0	0	0	0.008	0	0	0	0	0	0	0	0	0	0	0	0.039	0	0	0	0	0	0	0	0	0	0	0	0	0	0	0	0	0	0	0	1.89	0	0	17.862	0	0	0	0	0.003	0	0	0	0	0	0	0	0	0	0	0	0	0	0	0	0	0	0	0	0	0
2002	CALI3	22.001	0	0	0	0	0	0	0	0	0	0	0	0	0	0	0	0	0	0	0	0	0	0	0	0	0	0	0	0	0	0	0	0	0	0	0	0	0	0	0	0	0	0	0	0	0	0	0	0	0	0	0	0	0	0	0	0	22.001	0	0	0	0	0	0	0	0	0	0	0	0	0	0	0	0	0	0	0	0	0	0	0	0	0	0
2003	CALI3	25.587	0	0	0	0	0	0	0	0	0	0	0	0	0	0	0	0	0	0	0	0	0	0	0	0	0	0	0	0	0	0	0	0	0	0	0	0	0	0	0	0	0	0	0	0	0	0	0	0	0	0	0	0	0	0	0	0	25.549	0	0	0	0	0.038	0	0	0	0	0	0	0	0	0	0	0	0	0	0	0	0	0	0	0	0	0
2004	CALI3	20.098	0	0	0	0	0	0	0	0	0	0	0	0	0	0	0	0	0	0	0	0	0	0	0	0	0	0	0	0	0	0	0	0	0	0	0	0	0	0	0	0	0	0	0	0	0	0	0	0	0	0	0	0	0	0	0	0	20.098	0	0	0	0	0	0	0	0	0	0	0	0	0	0	0	0	0	0	0	0	0	0	0	0	0	0
2005	CALI3	12.494	0	0	0	0	0	0	0	0	0	0	0	0	0	0	0	0	0.02	0	0	0	0	0	0	0	0	0	0	0	0	0	0	0	0	0	0	0	0	0	0	0	0	0	0	0	0	0	0	0	0	0	0	0	0	0	0	0	12.422	0	0	0	0	0.044	0.008	0	0	0	0	0	0	0	0	0	0	0	0	0	0	0	0	0	0	0	0
2006	CALI3	27.178	0	0	0	0	0	0	0	0	0	0	0	0	0	0	0	0	0	0	0	0	0	0	0	0	0	0	0	0	0	0	0	0	0	0	0	0	0	0	0	0	0	0	0	0	0	0	0	0	0	0	0	0	0	0	0	0	27.178	0	0	0	0	0	0	0	0	0	0	0	0	0	0	0	0	0	0	0	0	0	0	0	0	0	0
2007	CALI3	22.454	0	0	0	0	0.305	0	0	0	0	3.663	0.863	0	0	0	0	0	0.02	0	0	0.005	0	0.026	0	0.001	0.06	0	0	0.247	0	0	0.012	0	0	0.012	0	0	0	0	0	0	0	0	0	0	0	0	0	0	0	0	0	0	0	0	0	0	17.02	0.055	0	0	0	0.002	0.124	0	0	0	0	0	0	0	0	0	0	0	0	0	0	0	0	0	0.039	0	0
2008	CALI3	19.412	0	0	0	0	0	0	0	0	0	0.178	0	0	0	0	0	0	0	0	0	0	0	0	0	0	0	0	0	0	0	0	0	0	0	0	0	0	0	0	0	0	0	0	0	0	0	0	0	0	0	0	0	0	0	0	0	0	19.234	0	0	0	0	0	0	0	0	0	0	0	0	0	0	0	0	0	0	0	0	0	0	0	0	0	0
1990	CALI4	0.288	0	0	0	0	0	0	0	0	0	0	0	0	0	0	0	0	0	0	0	0	0	0	0	0	0	0	0	0	0	0	0	0	0	0	0	0	0	0	0	0	0	0	0	0	0	0	0	0	0	0	0	0	0	0	0	0	0	0	0	0	0	0	0	0	0	0	0	0	0.288	0	0	0	0	0	0	0	0	0	0	0	0	0	0
1991	CALI4	0.15	0	0	0	0	0.003	0	0	0	0	0	0	0	0	0	0	0	0	0	0	0	0	0	0	0	0	0	0	0	0	0	0	0	0.003	0	0	0	0	0	0	0	0	0	0	0	0	0	0	0	0	0	0	0	0	0	0	0	0	0	0	0	0	0	0	0	0	0	0	0	0.144	0	0	0	0	0	0	0	0	0	0	0	0	0	0
1992	CALI4	0.262	0	0	0	0	0	0	0	0	0	0	0	0	0	0	0	0	0	0	0	0	0	0	0	0	0	0	0	0	0	0	0	0	0.028	0	0	0	0	0	0	0	0	0	0	0	0	0	0	0	0	0	0	0	0	0	0	0	0	0	0	0	0	0	0	0	0	0	0	0	0.234	0	0	0	0	0	0	0	0	0	0	0	0	0	0
1993	CALI4	2.466	0	0	0	0	0	0	0	0	0	0	0	0	0	0	0	0	0	0	0	0	0	0	0.62	0	0.054	0	0	0	0	0	0	0	1.733	0	0	0	0	0	0	0	0	0	0	0	0	0	0	0	0	0	0	0	0	0	0	0	0	0	0	0	0	0	0	0	0	0	0	0	0.059	0	0	0	0	0	0	0	0	0	0	0	0	0	0
1994	CALI4	0.053	0	0	0	0	0	0	0	0	0	0	0	0	0	0	0	0	0	0	0	0	0	0	0	0	0	0	0	0	0	0	0	0	0.053	0	0	0	0	0	0	0	0	0	0	0	0	0	0	0	0	0	0	0	0	0	0	0	0	0	0	0	0	0	0	0	0	0	0	0	0	0	0	0	0	0	0	0	0	0	0	0	0	0	0
1995	CALI4	12.236	0	0	0	0	0	0	0	0.003	0	0	0	0	0	0	0	0	0	0	12.048	0	0	0	0.001	0	0.023	0	0	0	0	0	0	0	0	0.148	0.013	0	0	0	0	0	0	0	0	0	0	0	0	0	0	0	0	0	0	0	0	0	0	0	0	0	0	0	0	0	0	0	0	0	0	0	0	0	0	0	0	0	0	0	0	0	0	0	0
1996	CALI4	0.017	0	0	0	0	0	0	0	0	0	0	0	0	0	0	0	0	0	0	0	0	0	0	0	0	0	0	0	0	0	0	0	0	0	0	0	0	0	0	0	0	0	0	0	0	0	0	0	0	0	0	0	0	0	0	0	0	0	0	0	0	0	0	0	0	0	0	0	0	0.017	0	0	0	0	0	0	0	0	0	0	0	0	0	0
1997	CALI4	0	0	0	0	0	0	0	0	0	0	0	0	0	0	0	0	0	0	0	0	0	0	0	0	0	0	0	0	0	0	0	0	0	0	0	0	0	0	0	0	0	0	0	0	0	0	0	0	0	0	0	0	0	0	0	0	0	0	0	0	0	0	0	0	0	0	0	0	0	0	0	0	0	0	0	0	0	0	0	0	0	0	0	0
1998	CALI4	0	0	0	0	0	0	0	0	0	0	0	0	0	0	0	0	0	0	0	0	0	0	0	0	0	0	0	0	0	0	0	0	0	0	0	0	0	0	0	0	0	0	0	0	0	0	0	0	0	0	0	0	0	0	0	0	0	0	0	0	0	0	0	0	0	0	0	0	0	0	0	0	0	0	0	0	0	0	0	0	0	0	0	0
1999	CALI4	0.119	0	0	0	0	0.003	0	0	0	0	0	0	0	0	0	0	0	0	0	0	0	0	0.006	0	0.001	0.009	0	0	0	0.087	0	0.001	0	0	0.011	0.001	0	0	0	0	0	0	0	0	0	0	0	0	0	0	0	0	0	0	0	0	0	0	0	0	0	0	0	0	0	0	0	0	0	0	0	0	0	0	0	0	0	0	0	0	0	0	0	0
2000	CALI4	0.005	0	0	0	0	0	0	0	0	0	0	0	0	0	0	0	0	0	0	0	0	0	0	0	0.005	0	0	0	0	0	0	0	0	0	0	0	0	0	0	0	0	0	0	0	0	0	0	0	0	0	0	0	0	0	0	0	0	0	0	0	0	0	0	0	0	0	0	0	0	0	0	0	0	0	0	0	0	0	0	0	0	0	0	0
2001	CALI4	0.013	0	0	0	0	0	0	0	0	0	0	0	0	0	0	0	0	0	0	0	0	0	0	0.001	0	0	0	0	0	0	0	0	0	0	0.012	0	0	0	0	0	0	0	0	0	0	0	0	0	0	0	0	0	0	0	0	0	0	0	0	0	0	0	0	0	0	0	0	0	0	0	0	0	0	0	0	0	0	0	0	0	0	0	0	0
2003	CALI4	0.002	0	0	0	0	0	0	0	0	0	0	0	0	0	0	0	0	0	0	0	0	0	0	0	0.002	0	0	0	0	0	0	0	0	0	0	0	0	0	0	0	0	0	0	0	0	0	0	0	0	0	0	0	0	0	0	0	0	0	0	0	0	0	0	0	0	0	0	0	0	0	0	0	0	0	0	0	0	0	0	0	0	0	0	0
2005	CALI4	0.018	0	0	0	0	0	0	0	0	0	0	0	0	0	0	0	0	0	0	0	0	0	0	0	0	0.012	0	0	0	0	0	0	0	0	0	0	0	0	0	0	0	0	0	0	0	0	0	0	0	0	0	0	0	0	0	0	0	0	0	0	0	0	0	0	0	0	0	0	0	0.006	0	0	0	0	0	0	0	0	0	0	0	0	0	0
2007	CALI4	0.331	0	0	0	0	0	0	0	0	0	0.17	0	0	0	0	0	0	0.04	0	0	0	0	0.025	0	0	0.007	0	0	0	0	0	0	0	0	0.01	0	0	0	0	0	0	0.003	0	0	0	0	0	0	0	0	0	0	0	0	0	0	0	0	0.056	0	0	0	0	0	0	0	0	0	0.02	0	0	0	0	0	0	0	0	0	0	0	0	0	0	0
2008	CALI4	0.093	0	0	0	0	0	0	0	0	0	0.093	0	0	0	0	0	0	0	0	0	0	0	0	0	0	0	0	0	0	0	0	0	0	0	0	0	0	0	0	0	0	0	0	0	0	0	0	0	0	0	0	0	0	0	0	0	0	0	0	0	0	0	0	0	0	0	0	0	0	0	0	0	0	0	0	0	0	0	0	0	0	0	0	0
1990	GRAV	24.732	0	0	0	0	0	0	0	0	0	0	0	0	0	0	0	0	0	0	0	0	0	0	0	0	0	0	0	0	0	0	0	0	0.843	0	0	0	0	0	0	0	0	0	0	0	0	0	0	0	0	0	0	0	0	0	0	0	23.889	0	0	0	0	0	0	0	0	0	0	0	0	0	0	0	0	0	0	0	0	0	0	0	0	0	0
1991	GRAV	13.274	0	0	0	0	0	0	0	0	0.005	0.003	0	0	0	0	0	0	0	0	0	0	0	0.001	0	0	0	0	0	0	0	0	0	0	0.196	0.001	0	0	0	0	0	0	0	0	0	0	0	0	0	0	0	0	0	0	0	0	0	0	13.068	0	0	0	0	0	0	0	0	0	0	0	0	0	0	0	0	0	0	0	0	0	0	0	0	0	0
1992	GRAV	21.386	0	0	0	0	0	0	0	0	0	0	0	0	0	0	0	0	0	0.001	0	0	0	0	0.022	0	0	0	0	0	0	0	0	0	5.717	0	0	0	0	0	0	0	0	0	0	0	0	0	0	0	0	0	0	0	0	0	0	0	15.626	0	0	0	0	0	0	0	0	0	0	0	0	0	0	0	0	0	0.02	0	0	0	0	0	0	0	0
1993	GRAV	17.837	0	0	0	0	0	0	0	0	0	0	0	0	0	0	0	0	0	0	0	0	0	0	0.809	0	0.298	0	0	0	0	0	0	0	0.791	0	0	0	0	0	0	0	0	0	0.001	0	0	0	0	0	0	0	0	0	0	0	0	0	15.828	0	0	0	0	0	0	0.005	0	0	0.057	0	0	0	0	0	0	0	0.048	0	0	0	0	0	0	0	0
1994	GRAV	19.79	0	0	0	0	0	0	0	0	0	0	0	0	0	0	0	0	0	0	0	0	0	0	0	0	0	0	0	0	0	0	0	0	0.603	0	0	0	0	0	0	0	0	0	0	0	0	0	0	0	0	0	0	0	0	0	0	0	19.187	0	0	0	0	0	0	0	0	0	0	0	0	0	0	0	0	0	0	0	0	0	0	0	0	0	0
1995	GRAV	13.032	0	0	0	0	0	0	0	0	0	0.034	0	0	0	0	0.467	0	0	0.653	0	0	0	0	0.476	0.001	2.132	0.001	0	0	0.142	0	0.072	0	0	0.004	0.124	0	0	0	0	0	0	0	0.015	0	0	0	0	0	0	0	0	0	0.651	0	0	0	7.583	0	0	0	0	0	0	0.349	0	0	0.011	0	0	0	0	0	0	0	0.317	0	0	0	0	0	0	0	0
1996	GRAV	7.922	0	0	0	0	0	0	0	0	0	0	0	0	0	0	0	0	0	0	0	0	0	0	0	0	0	0	0	0	0	0	0	0	0	0	0	0	0	0	0	0	0	0	0	0	0	0	0	0	0	0	0	0	0	0	0	0	7.922	0	0	0	0	0	0	0	0	0	0	0	0	0	0	0	0	0	0	0	0	0	0	0	0	0	0
1997	GRAV	7.233	0	0	0	0	0	0	0	0	0	0	0	0	0	0	0	0	0	0	0	0	0	0	0	0.006	0	0	0	0	0	0	0	0	0	0	0	0	0	0	0	0	0	0	0	0	0	0	0	0	0	0	0	0	0	0	0	0	7.227	0	0	0	0	0	0	0	0	0	0	0	0	0	0	0	0	0	0	0	0	0	0	0	0	0	0
1998	GRAV	5.097	0	0	0	0	0	0	0	0	0	0.001	0	0	0	0	0	0	0	0	0	0	0	0	0.001	0.047	0.006	0	0	0	0	0	0	0	0	0	0	0	0	0	0	0	0	0	0	0	0	0	0	0	0	0	0	0	0	0	0	0	5.042	0	0	0	0	0	0	0	0	0	0	0	0	0	0	0	0	0	0	0	0	0	0	0	0	0	0
1999	GRAV	11.143	0	0	0	0	0	0	0	0	0	0.051	0.006	0	0	0	0	0	0	0	0	0	0	0.148	0	0.011	0.706	0	0	0	0.031	0	0.02	0	0	0	0.029	0	0	0	0	0	0	0	0	0	0	0	0	0	0	0	0.003	0	0	0	0	0	6.102	0	0	0	0	0	0	3.423	0	0.38	0	0	0	0	0	0	0	0	0.233	0	0	0	0	0	0	0	0
2000	GRAV	8.936	0	0	0	0	0	0	0	0	0	0	0	0	0	0	0	0	0	0	0	0	0	0	0	0.009	0	0	0	0	0	0	0	0	0	0	0	0	0	0	0	0	0	0	0	0	0	0	0	0	0	0	0	0	0	0	0	0	8.927	0	0	0	0	0	0	0	0	0	0	0	0	0	0	0	0	0	0	0	0	0	0	0	0	0	0
2001	GRAV	7.903	0	0	0	0	0	0	0	0	0	0	0.002	0	0	0	0	0	0	0	0	0	0	0.001	0.001	0.004	0.093	0	0	0	0.187	0	0.014	0	0	0.035	0.04	0	0	0	0	0	0	0	0	0	0	0	0	0	0	0	0	0	0	0	0	0	7.362	0	0	0	0	0	0.164	0	0	0	0	0	0	0	0	0	0	0	0	0	0	0	0	0	0	0	0
2002	GRAV	2.512	0	0	0	0	0	0	0	0	0	0	0	0	0	0	0	0	0	0	0	0	0	0	0	0	0	0	0	0	0	0	0	0	0	0	0	0	0	0	0	0	0	0	0	0	0	0	0	0	0	0	0	0	0	0	0	0	2.512	0	0	0	0	0	0	0	0	0	0	0	0	0	0	0	0	0	0	0	0	0	0	0	0	0	0
2003	GRAV	3.64	0	0	0	0	0	0	0	0	0	0	0	0	0	0	0	0	0	0	0	0	0	0	0	0	0.145	0	0	0	0.001	0.001	0	0	0	0	0.006	0	0	0	0	0	0	0	0	0	0	0	0	0	0	0	0	0	0	0	0	0	3.305	0	0	0	0	0	0.182	0	0	0	0	0	0	0	0	0	0	0	0	0	0	0	0	0	0	0	0
2004	GRAV	1.546	0	0	0	0	0	0	0	0	0	0	0	0	0	0	0	0	0	0	0	0	0	0	0	0	0	0	0	0	0	0	0	0	0	0	0	0	0	0	0	0	0	0	0	0	0	0	0	0	0	0	0	0	0	0	0	0	1.546	0	0	0	0	0	0	0	0	0	0	0	0	0	0	0	0	0	0	0	0	0	0	0	0	0	0
2005	GRAV	14.362	0	0	0	0	0	0	0	0	0	0	0.003	0	0	1.397	0	0	0	0	0	0	0	0.608	0.001	0.003	3.773	0	0	0	0.003	0	0.026	0	0	0	0.142	0	0	0	0	0	0	0	0	0	0	0	0	0	0	0	0.005	0	0.163	0	0	0	0	0	0	0	0	0	7.741	0	0	0	0	0	0	0	0	0	0	0	0.497	0	0	0	0	0	0	0	0
2007	GRAV	15.027	0	0	0	0	0	0	0	0	0	0	0.232	0	0	0	0	0	0	0	0	0.008	0	0.872	0	0.002	3.925	0	0	0	0	0	0.004	0	0	0.02	0.04	0	0	0	0	0	0	0	0.081	0	0	0	0	0	0	0	0	0	0.163	0	0	0	5.3	0.001	0	0	0	0	4.148	0	0	0	0	0	0	0	0	0	0	0	0.231	0	0	0	0	0	0	0	0
2008	GRAV	7.141	0	0	0	0	0	0	0	0	0	0	0	0	0	0	0	0	0	0	0	0	0	0	0	0	0	0	0	0	0	0	0	0	0	0	0	0	0	0	0	0	0	0	0	0	0	0	0	0	0	0	0	0	0	0	0	0	7.141	0	0	0	0	0	0	0	0	0	0	0	0	0	0	0	0	0	0	0	0	0	0	0	0	0	0
1990	GRAV1	197.696	0	0	0	0	0	0	0	0	0	0	0	0	0	0	0	0	0	0	0	0	0	0	0	0	0	0.01	0	0	0	0	0	0	0.553	0	0	0	0	0	0	0	0	0	0	0	0	0	0	0	0	0	0	0	0	0	0	0	197.133	0	0	0	0	0	0	0	0	0	0	0	0	0	0	0	0	0	0	0	0	0	0	0	0	0	0
1991	GRAV1	112.011	0	0	0	0	0	0	0	0	0	0.076	0	0	0	0	0	0	0	0	0	0	0	0.003	0	0	0	0	0	0	0	0	0	0	0.319	0	0	0	0	0	0	0	0	0	0	0	0	0	0	0	0	0	0	0	0	0	0	0	111.514	0	0	0	0	0.019	0	0	0	0	0	0	0	0	0	0	0	0.064	0.016	0	0	0	0	0	0	0	0
1992	GRAV1	125.616	0	0	0	0	0	0	0	0	0	0	0	0	0	0	0	0	0	0.002	0	0	0	0	0.368	0	0.006	0.374	0	0	0	0	0	0	1.047	0	0	0	0	0	0	0	0	0	0	0	0	0	0	0	0	0	0	0	0	0	0	0	121.067	0	0	0	0	0	0	0	0	0	0	0	0	1.415	0	0	0	0	1.337	0	0	0	0	0	0	0	0
1993	GRAV1	120.255	0	0	0	0	0	0	0	0	0	0	0	0	0	0	0	0	0	0	0	0	0	0	1.407	0	0.323	0	0	0	0	0	0	0	0.611	0	0	0	0	0	0	0	0	0	0	0	0	0	0	0	0	0	0	0	0	0	0	0	117.193	0	0	0	0	0	0	0	0	0	0	0	0	0.721	0	0	0	0	0	0	0	0	0	0	0	0	0
1994	GRAV1	101.715	0	0	0	0	0	0	0	0	0	0	0	0	0	0	0	0	0	0	0	0	0	0	0	0	0	0	0	0	0	0	0	0	0.682	0	0	0	0	0	0	0	0	0	0	0	0	0	0	0	0	0	0	0	0	0	0	0	98.537	0	0	0	0	0	0	0	0	0	0	0	0	2.496	0	0	0	0	0	0	0	0	0	0	0	0	0
1995	GRAV1	99.178	0	0	0	0	0	0	0	0	0	0	0	0	0	0	0.934	0	0	0.205	0	0	0	0	13.036	0.002	1.655	0.085	0	0	0.337	0	0.16	0	0	0.007	0.059	0	0	0	0	0	0	0	0	0	0	0	0	0	0	0	0	0	0.813	0.002	0	0	79.453	0	0	0	0	0	0	0.543	0	0	0.048	0	0	1.664	0	0	0	0	0.057	0	0	0	0	0	0.118	0	0
1996	GRAV1	71.386	0	0	0	0	0	0	0	0	0	0	0	0	0	0	0	0	0	0	0	0	0	0	0	0.004	0	0	0	0	0	0	0	0	0	0	0	0	0	0	0	0	0	0	0	0	0	0	0	0	0	0	0	0	0	0	0	0	71.382	0	0	0	0	0	0	0	0	0	0	0	0	0	0	0	0	0	0	0	0	0	0	0	0	0	0
1997	GRAV1	72.543	0	0	0	0	0	0	0	0	0	0	0	0	0	0	0	0	0	0	0	0	0	0	0	0.001	0	0	0	0	0	0	0	0	0	0	0	0	0	0	0	0	0	0	0	0	0	0	0	0	0	0	0	0	0	0	0	0	72.542	0	0	0	0	0	0	0	0	0	0	0	0	0	0	0	0	0	0	0	0	0	0	0	0	0	0
1998	GRAV1	106.14	0	0	0	0	0	0	0	0	0	0	0	0	0	0	0	0	0	0	0	0	0	0.017	0	0.065	0.051	0	0	0	0	0	0	0	0	0	0	0	0	0	0	0.005	0	0	0	0	0	0	0	0	0	0	0	0	0	0	0	0	106.002	0	0	0	0	0	0	0	0	0	0	0	0	0	0	0	0	0	0	0	0	0	0	0	0	0	0
1999	GRAV1	58.332	0	0	0	0	0.027	0	0	0	0	0.021	0.012	0	0	12.57	0	0	0	0	0	0	0	0.787	0	0.06	1.299	0	0	0	0.213	0	0.037	0	0	0.007	0.015	0	0.081	0	0	0	0	0	0	0	0	0	0	0	0	0	0	0	1.464	0	0	0	37.913	0	0	0	0	0.042	0	2.221	0	0.003	0	0	0	0	0	0	0	0	1.56	0	0	0	0	0	0	0	0
2000	GRAV1	104.604	0	0	0	0	0	0	0	0	0	0	0	0	0	0	0	0	0	0	0	0	0	0	0	0.037	0	0	0	0	0	0	0	0	0	0	0	0	0	0	0	0	0	0	0	0	0	0	0	0	0	0	0	0	0	0	0	0	104.567	0	0	0	0	0	0	0	0	0	0	0	0	0	0	0	0	0	0	0	0	0	0	0	0	0	0
2001	GRAV1	28.871	0	0	0	0	0	0	0	0	0	0	0.034	0	0	0	0	0	0	0	0	0	0	0.013	0.001	0.003	0.651	0	0	0	0.458	0	0.014	0	0	0.022	0.024	0	0	0	0	0	0	0	0	0	0	0	0	0	0	0	0	0	0	0	0	1.628	25.371	0	0	0	0	0	0.549	0	0	0	0	0	0	0	0	0	0	0	0.103	0	0	0	0	0	0	0	0
2002	GRAV1	20.217	0	0	0	0	0	0	0	0	0	0	0	0	0	0	0	0	0	0	0	0	0	0	0	0	0	0	0	0	0	0	0	0	0	0	0	0	0	0	0	0	0	0	0	0	0	0	0	0	0	0	0	0	0	0	0	0	20.217	0	0	0	0	0	0	0	0	0	0	0	0	0	0	0	0	0	0	0	0	0	0	0	0	0	0
2003	GRAV1	30.59	0	0	0	0	0	0	0.005	0	0	0	0	0	0	2.793	0	0	0	0	0	0	0	0.891	0	0	2.23	0	0	0	0.044	0	0.013	0	0	0.001	0.007	0	0	0	0	0	0	0	0	0	0	0	0	0	0.001	0	0	0	0.163	0	0	0	20.494	0	0	0	0	0	2.088	0	0	0	0	0	0	0	0	0	0	0	1.86	0	0	0	0	0	0	0	0
2004	GRAV1	6.377	0	0	0	0	0	0	0	0	0	0	0	0	0	0	0	0	0	0	0	0	0	0	0	0	0	0	0	0	0	0	0	0	0	0	0	0	0	0	0	0	0	0	0	0	0	0	0	0	0	0	0	0	0	0	0	0	6.377	0	0	0	0	0	0	0	0	0	0	0	0	0	0	0	0	0	0	0	0	0	0	0	0	0	0
2005	GRAV1	127.247	0	0	0	0	0	0	0	0	0	0	0	0	0	51.677	0.934	0	0	0	0	0	0	3.56	0.022	0.001	10.619	0	0	0	0.13	0	0.073	0	0	0.025	0.143	0	0	0	0.003	0	0	0	0	0	0	0	0	0	0	0	0	0	0.977	0	0	1.221	15.699	0	0	0	0	0.003	29.567	0	0	0	0.014	0	0	0	0	0	0	0	12.062	0.505	0	0	0.012	0	0	0	0
2006	GRAV1	12.747	0	0	0	0	0	0	0	0	0	0	0	0	0	0	0	0	0	0	0	0	0	0	0	0	0	0	0	0	0	0	0	0	0	0	0	0	0	0	0	0	0	0	0	0	0	0	0	0	0	0	0	0	0	0	0	0	12.747	0	0	0	0	0	0	0	0	0	0	0	0	0	0	0	0	0	0	0	0	0	0	0	0	0	0
2007	GRAV1	59.756	0	0	0	0	0	0	0	0	0	2.64	1.017	0	0	0	0	0	0	0	0	0	0	1.623	0.001	0	2.107	0	0	0	0	0	0.006	0	0	0.001	0.034	0	0	0	0	0	0	1.609	0	0	0	0	0	0.087	0	0	0	0	0.488	0	0	0	29.446	0	0	0	0	0	1.202	0	0	0	0	0	0	0	0	0	0	0	15.813	0.109	0	0.045	0	0	0	3.528	0
2008	GRAV1	53.779	0	0	0	0	0	0	0	0	0	0	0	0	0	0	0	0	0	0	0	0	0	0	0	0	0	0	0	0	0	0	0	0	0	0	0	0	0	0	0	0	0	0	0	0	0	0	0	0	0	0	0	0	0	0	0	0	53.779	0	0	0	0	0	0	0	0	0	0	0	0	0	0	0	0	0	0	0	0	0	0	0	0	0	0
1990	GRAV2	188.463	0	0	0	0	0	0	0	0	0	0	0	0	0	0	0	0	0	0	0	0	0	0	0	0	0	0	0	0	0	0	0	0	0.321	0	0	0	0	0	0	0	0	0	0	0	0	0	0	0	0	0	0	0	0	0	0	0	188.142	0	0	0	0	0	0	0	0	0	0	0	0	0	0	0	0	0	0	0	0	0	0	0	0	0	0
1991	GRAV2	63.696	0	0	0	0	0	0	0	0	0	0.004	0	0	0	0	0	0	0	0	0	0	0	0	0	0	0.006	0	0	0	0	0	0	0	0.082	0.001	0	0	0	0	0	0	0	0	0	0	0	0	0	0	0	0	0	0	0	0	0	0	63.587	0	0	0	0	0	0	0	0	0	0	0	0	0	0	0	0	0	0.016	0	0	0	0	0	0	0	0
1992	GRAV2	75.809	0	0	0	0	0	0	0	0	0	0	0	0	0	0	0	0	0	0	0	0	0	0	0.027	0	0	0	0	0	0	0	0	0	0.636	0	0	0	0	0	0	0	0	0	0	0	0	0	0	0	0	0	0	0	0	0	0	0	75.146	0	0	0	0	0	0	0	0	0	0	0	0	0	0	0	0	0	0	0	0	0	0	0	0	0	0
1993	GRAV2	52.294	0	0	0	0	0	0	0	0	0	0.006	0	0	0	0	0	0	0	0	0	0	0	0	0.26	0	0.001	0	0	0	0	0	0	0	0.576	0	0	0	0	0	0	0	0	0	0	0	0	0	0	0	0	0	0	0	0	0	0	0	51.451	0	0	0	0	0	0	0	0	0	0	0	0	0	0	0	0	0	0	0	0	0	0	0	0	0	0
1994	GRAV2	86.476	0	0	0	0	0	0	0	0	0	12.929	0	0	0	0	0	0	0	0	0	0	0	0	0	0	0	0	0	0	0	0	0	0	0.54	0	0	0	0	0	0	0	0	0	0	0	0	0	0	0	0	0	0	0	0	0	0	0	73.007	0	0	0	0	0	0	0	0	0	0	0	0	0	0	0	0	0	0	0	0	0	0	0	0	0	0
1995	GRAV2	44.915	0	0	0	0	0	0	0	0	0	0	0.002	0	0	0	0	0	0	1.707	0	0	0	0	0.556	0	0.153	0.011	0	0	0.018	0	0.056	0	0	0.096	0.014	0	0	0	0	0	0	0	0	0	0	0	0.005	0.012	0	0	0	0	0.326	0	0	0	41.097	0	0	0	0	0	0	0.493	0	0	0	0	0	0	0	0	0	0	0.369	0	0	0	0	0	0	0	0
1996	GRAV2	29.993	0	0	0	0	0	0	0	0	0	0	0	0	0	0	0	0	0	0	0	0	0	0	0	0	0	0	0	0	0	0	0	0	0	0	0	0	0	0	0	0	0	0	0	0	0	0	0	0	0	0	0	0	0	0	0	0	29.993	0	0	0	0	0	0	0	0	0	0	0	0	0	0	0	0	0	0	0	0	0	0	0	0	0	0
1997	GRAV2	81.702	0	0	0	0	0	0	0	0	0	0	0	0	0	0	0	0	0	0	0	0	0	0	0	0.002	0	0	0	0	0	0	0	0	0	0	0	0	0	0	0	0	0	0	0	0	0	0	0	0	0	0	0	0	0	0	0	0	81.7	0	0	0	0	0	0	0	0	0	0	0	0	0	0	0	0	0	0	0	0	0	0	0	0	0	0
1998	GRAV2	80.966	0	0	0	0	0	0	0	0	0	0.025	0	0	0	0	0	0	0	0	0	0	0	0.354	0.004	0.029	0.047	0	0	0	0	0	0	0	0	0	0	0	0	0	0	0	0	0	0	0	0	0	0	0	0	0	0	0	0	0	0	0	80.494	0	0	0	0	0	0	0	0	0	0	0	0	0	0	0	0	0	0.013	0	0	0	0	0	0	0	0
1999	GRAV2	85.808	0	0	0	0	0.013	0	0	0	0	0	0.001	0	0	1.397	0	0	0	0	0	0	0	0.084	0.001	0.01	0.347	0.154	0	0	0.003	0	0.007	0	0	0.001	0.004	0	0	0	0	0	0	0	0	0	0	0	0	0	0	0	0	0	0.326	0	0	0	82.417	0	0	0	0	0	0	1.013	0	0	0	0	0	0	0	0	0	0	0.03	0	0	0	0	0	0	0	0
2000	GRAV2	103.691	0	0	0	0	0	0	0	0	0	0	0	0	0	0	0	0	0	0	0	0	0	0	0	0.018	0	0	0	0	0	0	0	0	0	0	0	0	0	0	0	0	0	0	0	0	0	0	0	0	0	0	0	0	0	0	0	0	103.673	0	0	0	0	0	0	0	0	0	0	0	0	0	0	0	0	0	0	0	0	0	0	0	0	0	0
2001	GRAV2	40.036	0	0	0	0	0	0	0	0	0	0	0.005	0	0	0	0	0	0	0	0	0	0	0.012	0.022	0.004	0.21	0	0	0	0.005	0	0	0	0	0.034	0.002	0	0	0	0	0	0	0	0	0	0	0	0	0	0	0	0	0	0	0	0	0	39.717	0	0	0	0	0	0.025	0	0	0	0	0	0	0	0	0	0	0	0	0	0	0	0	0	0	0	0
2002	GRAV2	56.714	0	0	0	0	0	0	0	0	0	0	0	0	0	0	0	0	0	0	0	0	0	0	0	0	0	0	0	0	0	0	0	0	0	0	0	0	0	0	0	0	0	0	0	0	0	0	0	0	0	0	0	0	0	0	0	0	56.714	0	0	0	0	0	0	0	0	0	0	0	0	0	0	0	0	0	0	0	0	0	0	0	0	0	0
2003	GRAV2	80.613	0	0	0	0	0	0	0	0	0	0	0	0	0	0	0	0	0	0	0	0	0	0.106	0	0	1.674	0	0	0	0.02	0	0	0	0	0	0	0	0	0	0	0	0	0	0	0	0	0	0	0	0	0	0	0	0	0	0	0	77.87	0	0	0	0	0	0.299	0	0	0.038	0	0	0	0	0	0	0	0	0.606	0	0	0	0	0	0	0	0
2004	GRAV2	62.052	0	0	0	0	0	0	0	0	0	0	0	0	0	0	0	0	0	0	0	0	0	0	0	0	0	0	0	0	0	0	0	0	0	0	0	0	0	0	0	0	0	0	0	0	0	0	0	0	0	0	0	0	0	0	0	0	62.052	0	0	0	0	0	0	0	0	0	0	0	0	0	0	0	0	0	0	0	0	0	0	0	0	0	0
2005	GRAV2	47.781	0	0	0	0	0	0	0	0	0	0	0.036	0	0	2.794	0	0	0	0	0	0	0	1.014	0.154	0.001	6.744	0	0	0	0	0	0.006	0	0	0.034	0.005	0	0	0	0	0	0	0	0	0	0	0	0	0	0	0	0	0	0.489	0	0	0	17.284	0	0	0	0	0	12.417	0	0	0	0	0.1	0	0	0	0	0	0	2.416	3.651	0	0	0.636	0	0	0	0
2006	GRAV2	26.292	0	0	0	0	0	0	0	0	0	0	0	0	0	0	0	0	0	0	0	0	0	0	0	0	0	0	0	0	0	0	0	0	0	0	0	0	0	0	0	0	0	0	0	0	0	0	0	0	0	0	0	0	0	0	0	0	26.292	0	0	0	0	0	0	0	0	0	0	0	0	0	0	0	0	0	0	0	0	0	0	0	0	0	0
2007	GRAV2	101.11	0	0	0	0	0.04	0	0	0	0	2.204	1.491	0	0	0	0	0	0	0	0	0	0	0.113	0	0	0.175	0.528	0	0	0.002	0	0.019	0	0	0.014	0.006	0	0.067	0	0	0	0	0	0	0.02	0	0	0	0	0	0	0.005	0	0	0	0	0	90.404	0	0	0	0	0	3.402	0	0	0	0	0	0	0	0	0	0	0	0.934	0	0	0.579	0	0	0	1.107	0
2008	GRAV2	52.481	0	0	0	0	0	0	0	0	0	0	0	0	0	0	0	0	0	0	0	0	0	0	0	0	0	0	0	0	0	0	0	0	0	0	0	0	0	0	0	0	0	0	0	0	0	0	0	0	0	0	0	0	0	0	0	0	52.481	0	0	0	0	0	0	0	0	0	0	0	0	0	0	0	0	0	0	0	0	0	0	0	0	0	0
1990	GRAV3	116.449	0	0	0	0	0	0	0	0	0	0	0	0	0	0	0	0	0	0	0	0	0	0	0	0	0	0	0	0	0	0	0	0	0.623	0	0	0	0	0	0	0	0	0	0	0	0	0	0	0	0	0	0	0	0	0.907	0	0	114.919	0	0	0	0	0	0	0	0	0	0	0	0	0	0	0	0	0	0	0	0	0	0	0	0	0	0
1991	GRAV3	120.886	0	0	0	0	0	0	0	0	0	0	0	0	0	0	0	0	0	0	0	0	0	0.007	0	0	0	0	0	0	0	0	0	0	0.211	0	0	0	0	0	0	0	0	0	0.013	0	0	0	0	0	0	0	0	0	0	1.231	0	0	119.42	0	0	0	0	0	0	0.004	0	0	0	0	0	0	0	0	0	0	0	0	0	0	0	0	0	0	0
1992	GRAV3	113.108	0	0	0	0	0	0	0	0	0	0	0	0	0	0	0	0	0	0.012	0	0	0	0	0	0	0	0	0	0	0	0	0	0	1.056	0	0	0	0	0	0	0	0	0	0.032	0	0	0	0	0	0	0	0	0	0	2.39	0	0	109.618	0	0	0	0	0	0	0	0	0	0	0	0	0	0	0	0	0	0	0	0	0	0	0	0	0	0
1993	GRAV3	75.071	0	0	0	0	0	0	0	0	0	0	0	0	0	0	0	0	0	0	0	0	0	0	0.697	0	0.113	0	0	0	0	0	0	0	0.404	0	0	0	0	0	0	0	0	0	0	0	0	0	0	0	0	0	0	0	0	1.849	0	0	72.008	0	0	0	0	0	0	0	0	0	0	0	0	0	0	0	0	0	0	0	0	0	0	0	0	0	0
1994	GRAV3	43.938	0	0	0	0	0	0	0	0	0	0.008	0	0	0	0	0	0	0	0	0	0	0	0	0	0	0	0	0	0	0	0	0	0	0.425	0	0	0	0	0	0	0	0	0	0	0	0	0	0	0	0	0	0	0	0	1.714	0	0	41.791	0	0	0	0	0	0	0	0	0	0	0	0	0	0	0	0	0	0	0	0	0	0	0	0	0	0
1995	GRAV3	73.97	0	0	0	0	0	0	0	0	0	0	0.002	0	0	0	0	0	0	0.577	0	0	17.057	0	0.233	0	0.269	0	0	0	0.08	0	0.008	0	0	0.077	0.016	0	0	0	0	0	0	0	0	0	0	0	0	0	0	0	0	0	1.138	0.027	0	0.339	53.584	0	0	0	0	0	0	0.368	0	0	0.048	0	0	0	0	0	0	0	0.147	0	0	0	0	0	0	0	0
1996	GRAV3	24.33	0	0	0	0	0	0	0	0	0	0	0	0	0	0	0	0	0	0	0	0	0	0	0	0.001	0	0	0	0	0	0	0	0	0	0	0	0	0	0	0	0	0	0	0	0	0	0	0	0	0	0	0	0	0	0	0	0	24.329	0	0	0	0	0	0	0	0	0	0	0	0	0	0	0	0	0	0	0	0	0	0	0	0	0	0
1997	GRAV3	21.779	0	0	0	0	0	0	0	0	0	0	0	0	0	0	0	0	0	0	0	0	0	0	0	0.011	0	0	0	0	0	0	0	0	0	0	0	0	0	0	0	0	0	0	0	0	0	0	0	0	0	0	0	0	0	0.018	0	0	21.75	0	0	0	0	0	0	0	0	0	0	0	0	0	0	0	0	0	0	0	0	0	0	0	0	0	0
1998	GRAV3	18.452	0	0	0	0	0	0	0	0	0	0	0	0	0	0	0	0	0	0	0	0	0	0.397	0.012	0.052	0.022	0	0	0	0	0	0	0	0	0	0	0	0	0	0	0	0	0	0	0	0	0	0	0	0.004	0	0	0	0	0	0	0	17.881	0	0	0	0	0	0.083	0	0	0	0	0	0	0	0	0	0	0	0.001	0	0	0	0	0	0	0	0
1999	GRAV3	29.946	0	0	0	0	0	0	0	0	0	0.017	0.01	0	0	8.38	0	0	0	0	0	0	0	1.741	0	0.019	0.279	0.044	0	0	0.21	0	0.006	0	0	0.01	0.017	0	0	0	0	0	0	0	0	0	0	0	0	0	0	0	0	0	0.325	0	0.002	0	16.168	0	0	0	0	0	0	2.641	0	0	0	0	0	0	0	0	0	0	0.061	0.013	0	0	0	0	0	0.003	0
2000	GRAV3	19.821	0	0	0	0	0	0	0	0	0	0	0	0	0	0	0	0	0	0	0	0	0	0	0	0.035	0	0	0	0	0	0	0	0	0	0	0	0	0	0	0	0	0	0	0	0	0	0	0	0	0	0	0	0	0	0	0	0	19.786	0	0	0	0	0	0	0	0	0	0	0	0	0	0	0	0	0	0	0	0	0	0	0	0	0	0
2001	GRAV3	9.058	0	0	0	0	0	0.005	0	0	0	0	0.001	0	0	0	0	0	0	0	0	0	0	0.009	0.014	0.001	0.044	0	0	0	0.048	0	0.002	0	0	0.013	0.004	0	0	0	0	0	0	0	0	0	0	0	0	0	0	0	0	0	0	0	0	0	8.844	0	0	0	0	0	0.071	0	0	0	0	0	0	0	0	0	0	0	0.002	0	0	0	0	0	0	0	0
2002	GRAV3	9.663	0	0	0	0	0	0	0	0	0	0	0	0	0	0	0	0	0	0	0	0	0	0	0	0	0	0	0	0	0	0	0	0	0	0	0	0	0	0	0	0	0	0	0	0	0	0	0	0	0	0	0	0	0	0	0	0	9.663	0	0	0	0	0	0	0	0	0	0	0	0	0	0	0	0	0	0	0	0	0	0	0	0	0	0
2003	GRAV3	8.707	0	0	0	0	0	0	0.005	0	0	0	0	0	0	0	0	0	0	0	0	0	0	0.016	0	0	0.232	0	0	0	0.003	0	0	0	0	0	0.012	0	0	0	0	0	0	0	0	0	0	0	0	0	0	0	0	0	0	0	0	0	8.14	0	0	0	0	0	0.299	0	0	0	0	0	0	0	0	0	0	0	0	0	0	0	0	0	0	0	0
2004	GRAV3	3.432	0	0	0	0	0	0	0	0	0	0	0	0	0	0	0	0	0	0	0	0	0	0	0	0	0	0	0	0	0	0	0	0	0	0	0	0	0	0	0	0	0	0	0	0	0	0	0	0	0	0	0	0	0	0	0	0	3.432	0	0	0	0	0	0	0	0	0	0	0	0	0	0	0	0	0	0	0	0	0	0	0	0	0	0
2005	GRAV3	16.183	0	0	0	0	0	0	0	0	0	0	0.003	0	0	0	0	0	0	0	0	0	0	1.084	0.037	0	1.406	0	0	0	0.045	0	0.003	0	0	0.001	0.006	0	0	0	0	0	0	0	0	0	0	0	0	0	0	0	0.006	0	0	0	0	0.543	4.02	0	0	0	0	0	8.785	0	0	0	0	0	0	0	0	0	0	0	0.244	0	0	0	0	0	0	0	0
2006	GRAV3	5.006	0	0	0	0	0	0	0	0	0	0	0	0	0	0	0	0	0	0	0	0	0	0	0	0	0	0	0	0	0	0	0	0	0	0	0	0	0	0	0	0	0	0	0	0	0	0	0	0	0	0	0	0	0	0	0	0	5.006	0	0	0	0	0	0	0	0	0	0	0	0	0	0	0	0	0	0	0	0	0	0	0	0	0	0
2007	GRAV3	15.231	0	0	0	0	0	0	0	0	0	0.025	1.349	0	0	0	0	0	0	0	0	0	0	0.23	0.003	0	0.025	0	0	0	0	0	0.013	0	0	0.007	0.001	0	0	0	0	0	0	0	0	0	0	0	0	0	0	0	0	0	0	0	0	0	7.436	0	0	0	0	0	4.216	0	0	0	0	0	0	0	0	0	0	0	1.188	0	0	0	0	0	0	0.738	0
2008	GRAV3	14.886	0	0	0	0	0	0	0	0	0	0	0	0	0	0	0	0	0	0	0	0	0	0	0	0	0	0	0	0	0	0	0	0	0	0	0	0	0	0	0	0	0	0	0	0	0	0	0	0	0	0	0	0	0	0	0	0	14.886	0	0	0	0	0	0	0	0	0	0	0	0	0	0	0	0	0	0	0	0	0	0	0	0	0	0
1990	GRAV4	204.434	0	0	0	0	0	0	0	0	0	0	0	0	0	0	0	0	0	0	0	0	0	0	0	0	0	0	0	0	0	0	0	0	0.079	0	0	0	0	0	0	0	0	0	0	0	0	0	0	0	0	0	0	0	0	0	0	0	204.355	0	0	0	0	0	0	0	0	0	0	0	0	0	0	0	0	0	0	0	0	0	0	0	0	0	0
1991	GRAV4	121.917	0	0	0	0	0	0	0	0	0	0.458	0	0	0	0	0	0	0	0	0	0	0	0.001	0	0	0	0	0	0	0	0	0	0	0.005	0	0	0	0	0	0	0	0	0	0	0	0	0	0	0	0	0	0	0	0	0	0	0	121.452	0	0	0	0	0	0	0	0	0	0	0	0	0	0	0	0	0	0.001	0	0	0	0	0	0	0	0
1992	GRAV4	108.522	0	0	0	0	0	0	0	0	0	0	0	0	0	0	0	0	0	0	0	0	0	0	0.003	0	0.001	0.176	0	0	0	0	0	0	0.029	0	0	0	0	0	0	0	0	0	0	0	0	0	0	0	0	0	0	0	0	0.014	0	0	108.293	0	0	0	0	0	0	0	0	0	0	0	0	0	0	0	0	0	0.006	0	0	0	0	0	0	0	0
1993	GRAV4	93.427	0	0	0	0	0	0	0	0	0	0.191	0	0	0	0	0	0	0	0	0	0	0	0	0.439	0	1.165	0.453	0	0	0	0	0	0	0.034	0	0	0	0	0	0	0	0	0	0	0	0	0	0	0	0	0	0	0	0	0	0	0	91.131	0	0	0	0.012	0	0	0.002	0	0	0	0	0	0	0	0	0	0	0	0	0	0	0	0	0	0	0
1994	GRAV4	94.917	0	0	0	0	0	0	0	0	0	7.226	0	0	0	0	0	0	0	0	0	0	0	0	0	0	0	0	0	0	0	0	0	0	0.029	0	0	0	0	0	0	0	0	0	0	0	0	0	0	0	0	0	0	0	0	0	0	0	87.662	0	0	0	0	0	0	0	0	0	0	0	0	0	0	0	0	0	0	0	0	0	0	0	0	0	0
1995	GRAV4	74.138	0	0	0	0	0	0	0	0	0	0	0.006	0	0	0	0	0	0	0.301	0	0	0	0	0.694	0.002	17.644	0.075	0	0	0.046	0	0	0	0	0.139	0.016	0	0	0	0	0	0	0	0	0	0	0	0	0.006	0	0	0	0	0.326	0	0	0	53.207	0	0	0	0.119	0	0	1.356	0	0	0	0	0	0	0	0	0	0	0.201	0	0	0	0	0	0	0	0
1996	GRAV4	26.448	0	0	0	0	0	0	0	0	0	0	0	0	0	0	0	0	0	0	0	0	0	0	0	0.002	0	0	0	0	0	0	0	0	0	0	0	0	0	0	0	0	0	0	0	0	0	0	0	0	0	0	0	0	0	0	0	0	26.446	0	0	0	0	0	0	0	0	0	0	0	0	0	0	0	0	0	0	0	0	0	0	0	0	0	0
1997	GRAV4	32.035	0	0	0	0	0	0	0	0	0	0	0	0	0	0	0	0	0	0	0	0	0	0	0	0.002	0	0	0	0	0	0	0	0	0	0	0	0	0	0	0	0	0	0	0	0	0	0	0	0	0	0	0	0	0	0	0	0	32.033	0	0	0	0	0	0	0	0	0	0	0	0	0	0	0	0	0	0	0	0	0	0	0	0	0	0
1998	GRAV4	27.232	0	0	0	0	0	0	0	0	0	0	0	0	0	0	0	0	0	0	0	0	0	0	0	0.01	0.016	0	0	0	0	0	0	0	0	0	0	0	0	0	0	0	0	0	0	0	0	0	0	0	0	0	0	0	0	0	0	0	27.156	0	0	0	0	0	0.05	0	0	0	0	0	0	0	0	0	0	0	0	0	0	0	0	0	0	0	0
1999	GRAV4	25.027	0	0	0	0	0	0	0	0	0	0	0.004	0	0	0	0.467	0	0	0	0	0	0	0.087	0.001	0	0.662	0.018	0	0	0.006	0	0.008	0	0	0	0.001	0	0.202	0	0	0	0	0	0	0.046	0	0	0	0	0	0	0	0	0	0	0	0.136	22.574	0	0.037	0	0.087	0	0	0.669	0	0	0	0	0	0	0	0	0	0	0.022	0	0	0	0	0	0	0	0
2000	GRAV4	30.975	0	0	0	0	0	0	0	0	0	0	0	0	0	0	0	0	0	0	0	0	0	0	0	0	0	0	0	0	0	0	0	0	0	0	0	0	0	0	0	0	0	0	0	0	0	0	0	0	0	0	0	0	0	0	0	0	30.975	0	0	0	0	0	0	0	0	0	0	0	0	0	0	0	0	0	0	0	0	0	0	0	0	0	0
2001	GRAV4	9.565	0	0	0	0	0	0	0	0	0	0	0.013	0	0	0	0	0	0	0	0	0	0	0.268	0.002	0	3.571	0	0	0	0.057	0	0	0	0	0.059	0.005	0	0	0	0	0	0	0	0	0	0	0	0	0	0	0.007	0	0	0	0	0	0	5.098	0	0	0	0	0	0.476	0	0	0	0	0	0	0	0	0	0	0	0.009	0	0	0	0	0	0	0	0
2002	GRAV4	9.018	0	0	0	0	0	0	0	0	0	0	0	0	0	0	0	0	0	0	0	0	0	0	0	0	0	0	0	0	0	0	0	0	0	0	0	0	0	0	0	0	0	0	0	0	0	0	0	0	0	0	0	0	0	0	0	0	9.018	0	0	0	0	0	0	0	0	0	0	0	0	0	0	0	0	0	0	0	0	0	0	0	0	0	0
2003	GRAV4	14.523	0	0	0	0	0	0	0	0	0	0	0	0	0	1.397	0	0	0	0	0	0	0	0	0	0	5.34	0	0	0	0.015	0	0	0	0	0	0.023	0	0	0	0	0	0	0	0	0	0	0	0	0	0	0	0	0	0	0	0	0	5.834	0	0	0	0.012	0	0.274	0	0	1.628	0	0	0	0	0	0	0	0	0	0	0	0	0	0	0	0	0
2004	GRAV4	2.356	0	0	0	0	0	0	0	0	0	0	0	0	0	0	0	0	0	0	0	0	0	0	0	0	0	0	0	0	0	0	0	0	0	0	0	0	0	0	0	0	0	0	0	0	0	0	0	0	0	0	0	0	0	0	0	0	2.356	0	0	0	0	0	0	0	0	0	0	0	0	0	0	0	0	0	0	0	0	0	0	0	0	0	0
2005	GRAV4	89.946	0	0	0	0	0	0	0	0	0	0	0.006	0	0	0	0	0.001	0	0	0	0	0	1.772	0.061	0	51.949	1.057	0	0	0.032	0	0.076	0	0	0.016	0.442	0	0	0	0.01	0	0	0	0	0.082	0	0	0	0	0.295	0	0	0	0	0	0	0	5.309	0	1.869	0	1.122	0	21.643	0	0	0	0	0	0	0	0	0	0	0	1.829	2.375	0	0	0	0	0	0	0
2006	GRAV4	2.209	0	0	0	0	0	0	0	0	0	0	0	0	0	0	0	0	0	0	0	0	0	0	0	0	0	0	0	0	0	0	0	0	0	0	0	0	0	0	0	0	0	0	0	0	0	0	0	0	0	0	0	0	0	0	0	0	2.209	0	0	0	0	0	0	0	0	0	0	0	0	0	0	0	0	0	0	0	0	0	0	0	0	0	0
2007	GRAV4	34.314	0	0	0	0	0	0	0	0	0	0.491	0.837	0.02	0	0	0	0	0	0	0	0	0	1.614	0	0.001	2.079	0.561	0	0	0	0	0.005	0	0	0.021	0.019	0	0	0	0	0	0	0	0	0.35	0	0	0	4.082	0	0	0	0	0	0	0	0	14.482	0.028	0	0	0	0	2.674	0	0	0	0	0.02	0	0	0	0	0	0	6.941	0	0	0	0	0	0	0.089	0
2008	GRAV4	39.662	0	0	0	0	0	0	0	0	0	0	0	0	0	0	0	0	0	0	0	0	0	0.011	0.001	0	0.001	0	0	0	0	0	0	0	0	0	0	0	0	0	0	0	0	0	0	0	0	0	0	0	0	0	0	0	0	0	0	0	39.649	0	0	0	0	0	0	0	0	0	0	0	0	0	0	0	0	0	0	0	0	0	0	0	0	0	0
1990	SAND	133.851	0	0	0	0	0	0	0	0	0	0	0	0	0	0	0	0	0	0	0	0	0	0	0	0	0	0	0	0	0	0	0	0	0.059	0	0	0	0	0	0	0	0	0	0	0	0	0	0	0	0	0	0	0	0	0	0	0	133.792	0	0	0	0	0	0	0	0	0	0	0	0	0	0	0	0	0	0	0	0	0	0	0	0	0	0
1991	SAND	144.546	0	0	0	0	0	0	0	0	0	0	0	0	0	0	0	0	0	0	0	0	0	0	0	0	0	0	0	0	0	0	0	0	0.015	0	0	0	0	0	0	0	0	0	0	0	0	0	0	0	0	0	0	0	0	0	0	0	142.874	0	0	0	0	0	0	0	0	0	0	0	0	0	0	0	0	1.657	0	0	0	0	0	0	0	0	0
1992	SAND	98.65	0	0	0.269	0	0	0	0	0	0	0	0	0	0	0	0	0	0	0.001	0	0	0	0	0.008	0	0	0.683	0	0	0	0	0	0	0.023	0	0	0	0	0	0	0	0	0	0	0	0	0	0	0	0	0	0	0	0	0	0	0	97.666	0	0	0	0	0	0	0	0	0	0	0	0	0	0	0	0	0	0	0	0	0	0	0	0	0	0
1993	SAND	117.387	0	0	0.43	0	0	0	0	0	0	0	0	0	0	0	0	0	0	0	0	0	0	0	0.613	0	2.883	0.365	0	0	0	0	0	0	0.055	0	0	0	0	0	0	0	0	0	0	0	0	0	0	0	0	0	0	0	0	0	0	0	113.041	0	0	0	0	0	0	0	0	0	0	0	0	0	0	0	0	0	0	0	0	0	0	0	0	0	0
1994	SAND	126.115	0	0	0.753	0	0	0	0	0	0	0	0	0	0	0	0	0	0	0	0	0	0	0	0	0	0	0	0	0	0	0	0	0	0.016	0	0	0	0	0	0	0	0	0	0	0	0	0	0	0	0	0	0	0	0	0	0	0	125.346	0	0	0	0	0	0	0	0	0	0	0	0	0	0	0	0	0	0	0	0	0	0	0	0	0	0
1995	SAND	142.685	0.081	0	0	0	0	0	0	0	0	0	0	0	0	0	0	0	0	0	67.77	0	0	0	0.219	0	9.014	0.115	0	0	0	0	1.213	0	0	0	0.162	0	0	0	0	0	0	0	0	0	0	0	0	0.179	0	0	0	0	0.652	0	0	0	63.28	0	0	0	0	0	0	0	0	0	0	0	0	0	0	0	0	0	0	0	0	0	0	0	0	0	0
1996	SAND	100.328	0	0	0	0	0	0	0	0	0	0	0	0	0	0	0	0	0	0	0	0	0	0.002	0	0	0.076	0.003	0	0	0	0	0	0	0	0	0	0	0	0	0	0	0	0	0	0	0	0	0	0	0	0	0	0	0	0.015	0	0	100.232	0	0	0	0	0	0	0	0	0	0	0	0	0	0	0	0	0	0	0	0	0	0	0	0	0	0
1997	SAND	103.277	0.129	0	0	0	0	0	0	0	0	0	0	0	0	0	0	0	0	0	0	0	0	0.003	0.001	0.003	0.065	3.14	0	0	0	0	0	0	0	0	0	0	0	0	0	0	0	0	0	0	0	0	0	0	0	0	0	0	0	0	0	0	99.931	0	0	0	0	0	0	0	0	0	0	0	0	0	0	0	0	0	0	0	0	0	0	0	0.005	0	0
1998	SAND	66.98	0	0	0	0	0	0	0	0	0	0	0	0	0	0	0	0	0	0	0	0	0	0.026	0.004	0.01	0.066	0	0	0	0	0	0	0	0	0	0	0	0	0	0	0	0	0	0	0	0	0	0	0	0	0	0	0	0	0	0	0	66.874	0	0	0	0	0	0	0	0	0	0	0	0	0	0	0	0	0	0	0	0	0	0	0	0	0	0
1999	SAND	93.742	0	0	0	0	0	0	0	0	0	0	0.001	0	0	0	0	0	0	0	0	0.215	0	0.126	0	0.026	2.582	0.007	0.001	0	0.008	0	0.037	0	0	0	0.047	0	0	0	0	0	0	0	0	0	0	0	0	0.01	0	0.008	0	0	0.163	0	0	0	90.068	0.006	0.039	0	0	0	0	0.041	0	0	0	0	0	0	0.352	0	0	0	0	0.005	0	0	0	0	0	0	0
2000	SAND	71.001	0	0	0	0	0	0	0	0	0	0	0	0	0	0	0	0	0	0	0	0	0	0	0	0	0	0	0	0	0	0	0	0	0	0	0	0	0	0	0	0	0	0	0	0	0	0	0	0	0	0	0	0	0	0	0	0	71.001	0	0	0	0	0	0	0	0	0	0	0	0	0	0	0	0	0	0	0	0	0	0	0	0	0	0
2001	SAND	48.69	0	0	0	0	0	0	0	0	0	0	0	0	0	0	0	0	0	0	0	0.055	0	0.147	0.007	0	2.267	0	0	0	0.002	0	0.037	0	0	0	0.006	0	0	0	0	0	0	0	0	0	0	0	0	0.018	0	0	0	0	0.163	0	0	0	45.988	0	0	0	0	0	0	0	0	0	0	0	0	0	0	0	0	0	0	0	0	0	0	0	0	0	0
2002	SAND	32.912	0	0	0	0	0	0	0	0	0	0	0	0	0	0	0	0	0	0	0	0	0	0	0	0	0	0	0	0	0	0	0	0	0	0	0	0	0	0	0	0	0	0	0	0	0	0	0	0	0	0	0	0	0	0	0	0	32.912	0	0	0	0	0	0	0	0	0	0	0	0	0	0	0	0	0	0	0	0	0	0	0	0	0	0
2003	SAND	28.221	0	0	0	0	0	0	0	0	0	0	0	0	0	0	0	0	0	0	0	0.035	0	0.304	0	0	1.652	0	0	0	0	0	0	0	0	0	0	0	0	0	0	0	0	0	0	0	0	0	0	0	0	0	0	0	0	0	0	0	26.23	0	0	0	0	0	0	0	0	0	0	0	0	0	0	0	0	0	0	0	0	0	0	0	0	0	0
2004	SAND	6.292	0	0	0	0	0	0	0	0	0	0	0	0	0	0	0	0	0	0	0	0	0	0	0	0	0	0	0	0	0	0	0	0	0	0	0	0	0	0	0	0	0	0	0	0	0	0	0	0	0	0	0	0	0	0	0	0	6.292	0	0	0	0	0	0	0	0	0	0	0	0	0	0	0	0	0	0	0	0	0	0	0	0	0	0
2005	SAND	19.936	0	0	0	0	0	0	0	0	0	0	0	0	0	5.587	0	0	0	0	0	0.062	0	0.883	0	0	9.784	0	0	0	0.02	0	0	0	0	0	0.002	0	0	0	0	0	0	0	0	0	0	0	0	0	0	0	0	0	0.326	0	0	0	3.258	0.014	0	0	0	0	0	0	0	0	0	0	0	0	0	0	0	0	0	0	0	0	0	0	0	0	0
2006	SAND	86.833	0	0	0	0	0	0	0	0	0	0	0	0	0	0	0	0	0	0	0	0	0	0	0	0	0	0	0	0	0	0	0	0	0	0	0	0	0	0	0	0	0	0	0	0	0	0	0	0	0	0	0	0	0	0	0	0	86.833	0	0	0	0	0	0	0	0	0	0	0	0	0	0	0	0	0	0	0	0	0	0	0	0	0	0
2007	SAND	40.466	0	0	0	0	0	0	0	0	0	0.007	0.166	0	0	0	0	0	0	0	0	0.158	0	2.289	0.006	0	3.645	0	0	0	0	0	0.063	0	0	0	0.008	0	0	0	0	0	0	0	0	3.001	0	0	0	0	0	0	0	0.361	0	0	0	0	29.911	0.353	0	0	0	0	0.498	0	0	0	0	0	0	0	0	0	0	0	0	0	0	0	0	0	0	0	0
2008	SAND	52.384	0	0	0	0	0	0	0	0	0	0	0	0	0	0	0	0	0	0	0	0	0	0	0	0	0	0	0	0	0	0	0	0	0	0	0	0	0	0	0	0	0	0	0	0	0	0	0	0	0	0	0	0	0	0	0	0	48.945	0	0	0	0	0	0	0	0	0	0	0	0	3.439	0	0	0	0	0	0	0	0	0	0	0	0	0
1990	SAND1	10.77	0	0	0	0	0	0	0	0	0	0	0	0	0	0	0	0	0	0	0	0	0	0	0	0	0	0	0	0	0	0	0	0	0.193	0	0	0	0	0	0	0	0	0	0	0	0	0	0	0	0	0	0	0	0	0	0	0	10.577	0	0	0	0	0	0	0	0	0	0	0	0	0	0	0	0	0	0	0	0	0	0	0	0	0	0
1991	SAND1	17.685	0	0	0	0	0	0	0	0	0	0	0	0	0	0	0	0	0	0	0	0	0	0.001	0	0	0	0	0	0	0	0	0	0	0.048	0	0.001	0	0	0	0	0	0	0	0	0	0	0	0	0.006	0	0	0	0	0	0	0	0	17.629	0	0	0	0	0	0	0	0	0	0	0	0	0	0	0	0	0	0	0	0	0	0	0	0	0	0
1992	SAND1	12.003	0	0	0	0	0	0	0	0	0	0	0	0	0	0	0	0	0	0.005	0	0	0	0	0.044	0	0.015	0	0	0	0	0	0	0	0.026	0	0	0	0	0	0	0	0	0	0	0	0	0	0	0.02	0	0	0	0	0	0	0	0	11.893	0	0	0	0	0	0	0	0	0	0	0	0	0	0	0	0	0	0	0	0	0	0	0	0	0	0
1993	SAND1	23.527	0	0	0	0	0	0	0	0	0	0	0	0	0	0	0	0	0	0	0	0	0	0	3.176	0	1.045	0	0	0	0	0	0	0	0.158	0	0	0	0	0	0	0	0	0	0	0	0	0	0	0.204	0	0	0	0	0	0	0	0	18.944	0	0	0	0	0	0	0	0	0	0	0	0	0	0	0	0	0	0	0	0	0	0	0	0	0	0
1994	SAND1	15.389	0	0	0	0	0	0	0	0	0	0	0	0	0	0	0	0	0	0	0	0	0	0	0	0	0	0	0	0	0	0	0	0	0.06	0	0	0	0	0	0	0	0	0	0	0	0	0	0	0	0	0	0	0	0	0	0	0	15.329	0	0	0	0	0	0	0	0	0	0	0	0	0	0	0	0	0	0	0	0	0	0	0	0	0	0
1995	SAND1	215.999	0	0	0	0.398	0	0	0	0	0	0	0.004	0	0	0	0	0	0.9	0	193.521	0.037	0	0	1.909	0	3.4	0.274	0	0	0.015	0	4.225	0	0	0.011	0.525	0	0	0	0	0	0	0	0	0	0	0	0	1.993	0	0	0	0	0.163	0	0	0	8.624	0	0	0	0	0	0	0	0	0	0	0	0	0	0	0	0	0	0	0	0	0	0	0	0	0	0
1996	SAND1	6.194	0	0	0	0	0	0	0	0	0	0.002	0	0	0	0	0	0	0	0	0	0	0	0	0	0	0	0.011	0	0	0	0	0	0	0	0	0	0	0	0	0	0	0	0	0	0	0	0	0	0	0	0	0	0	0	0	0	0	6.181	0	0	0	0	0	0	0	0	0	0	0	0	0	0	0	0	0	0	0	0	0	0	0	0	0	0
1997	SAND1	2.231	0	0	0	0	0.005	0	0	0	0	0	0	0	0	0	0	0	0	0	0	0	0	0	0.004	0	0	0.002	0	0	0	0	0	0	0	0	0	0	0	0	0	0	0	0	0	0	0	0	0	0	0	0	0	0	0	0	0	0	2.22	0	0	0	0	0	0	0	0	0	0	0	0	0	0	0	0	0	0	0	0	0	0	0	0	0	0
1998	SAND1	0.45	0	0	0	0	0	0	0	0	0	0	0	0	0	0	0	0	0	0	0	0	0	0.001	0.018	0.018	0.003	0	0	0	0	0	0	0	0	0	0.001	0	0	0	0	0	0	0	0	0	0	0	0	0.029	0	0	0	0	0	0	0	0	0.38	0	0	0	0	0	0	0	0	0	0	0	0	0	0	0	0	0	0	0	0	0	0	0	0	0	0
1999	SAND1	4.012	0	0	0	0	0	0	0	0	0	0.004	0.01	0	0	0	0	0	0	0	0	0.084	0	0.098	0.005	0.05	2.357	0.027	0	0	0.003	0	0.02	0	0	0	0.05	0	0	0	0	0	0	0	0	0.002	1.12	0	0	0.015	0.001	0.019	0	0	0	0	0	0	0.056	0.026	0	0	0.025	0	0	0	0	0	0	0	0	0	0.037	0	0	0	0	0	0	0	0	0	0	0.003	0
2000	SAND1	0.02	0	0	0	0	0	0	0	0	0	0	0	0	0	0	0	0	0	0	0	0	0	0	0	0.02	0	0	0	0	0	0	0	0	0	0	0	0	0	0	0	0	0	0	0	0	0	0	0	0	0	0	0	0	0	0	0	0	0	0	0	0	0	0	0	0	0	0	0	0	0	0	0	0	0	0	0	0	0	0	0	0	0	0	0
2001	SAND1	1.843	0	0	0	0.093	0	0	0	0.003	0	0.008	0	0	0	0	0	0	0	0	0	0.043	0	0.056	0.001	0	1.098	0.114	0	0	0.191	0	0.191	0	0	0	0.029	0	0	0	0	0	0	0	0	0.01	0	0	0	0.006	0	0	0	0	0	0	0	0	0	0	0	0	0	0	0	0	0	0	0	0	0	0	0	0	0	0	0	0	0	0	0	0	0	0	0
2003	SAND1	0.315	0	0	0	0	0	0	0	0	0	0	0	0	0	0	0	0	0	0	0	0	0	0.02	0	0.002	0.29	0.003	0	0	0	0	0	0	0	0	0	0	0	0	0	0	0	0	0	0	0	0	0	0	0	0	0	0	0	0	0	0	0	0	0	0	0	0	0	0	0	0	0	0	0	0	0	0	0	0	0	0	0	0	0	0	0	0	0
2005	SAND1	4.722	0	0	0	0	0	0	0	0	0	0	0	0	0	0	0	0	0	0	0	0.372	0	0.035	0.014	0	3.902	0	0	0	0.182	0	0.013	0	0	0	0.041	0	0	0	0	0	0	0	0	0	0	0	0	0	0	0	0	0	0.163	0	0	0	0	0	0	0	0	0	0	0	0	0	0	0	0	0	0	0	0	0	0	0	0	0	0	0	0	0	0
2007	SAND1	11.99	0	0	0	3.764	0	0	0	0	0	3.684	0.464	0	0	0	0	0	0	0	0	0.137	0	0.699	0	0.026	2.561	0	0	0	0.048	0	0.084	0	0	0.017	0.019	0	0	0	0	0	0	0	0.047	0	0	0	0	0	0	0	0	0.024	0	0	0	0	0.04	0.368	0	0	0	0	0.008	0	0	0	0	0	0	0	0	0	0	0	0	0	0	0	0	0	0	0	0
2008	SAND1	12.408	0	0	0	0	0	0	0	0	0	0.106	0	0	0	0	0	0	0	0	0	0	0	0.021	0	0	0.001	0	0	0	0.001	0	0	0	0	0	0.006	0	0	0	0	0	0	0	0	0	0	0	0	0	0	0	0	0	0	0	0	0	10.978	0	0	0	0	0	0	0	1.294	0	0	0	0	0	0	0	0	0	0	0	0.001	0	0	0	0	0	0
1990	SAND2	29.807	0	0	0	0	0	0	0	0	0	0	0	0	0	0	0	0	0	0	0	0	0	0	0	0	0	0	0	0	0	0	0	0	0.17	0	0	0	0	0	0	0	0	0	0	0	0	0	0	0	0	0	0	0	0	0	0	0	25.728	0	0	0	0	0	0	0	0	0	0	0	0	0	0	0	0	3.909	0	0	0	0	0	0	0	0	0
1991	SAND2	27.922	0	0	0	0	0	0	0	0	0	0	0	0	0	0	0	0	0	0	0	0	0	0	0	0	0	0	0	0	0	0	0	0	0.035	0	0	0	0	0	0	0	0	0	0	0	0	0	0	0.008	0	0	0	0	0	0	0	0	27.156	0	0	0	0	0	0	0	0	0	0	0	0	0	0	0	0	0.723	0	0	0	0	0	0	0	0	0
1992	SAND2	22.189	0	0	0	0	0	0	0	0	0	0	0	0	0	0	0	0	0	0	0	0	0	0	0.005	0	0.039	0	0	0	0	0	0	0	0.054	0	0	0	0	0	0	0	0	0	0	0	0	0	0	0	0	0	0	0	0	0	0	0	22.091	0	0	0	0	0	0	0	0	0	0	0	0	0	0	0	0	0	0	0	0	0	0	0	0	0	0
1993	SAND2	57.775	0	0	0	0	0	0	0	0	0	0	0.006	0	0	0	0	0	0	0	0	0	0	0	2.733	0	6.469	0.236	0	0	0	0	0	0	0.097	0	0	0	0	0	0	0	0	0	0	0	0	0	0	0.093	0	0	0	0	0	0	0	0	48.141	0	0	0	0	0	0	0	0	0	0	0	0	0	0	0	0	0	0	0	0	0	0	0	0	0	0
1994	SAND2	41.221	0	0	0	0	0	0	0	0	0	0	0	0	0	0	0	0	0	0	0	0	0	0	0	0	0	0	0	0	0	0	0	0	0.031	0	0	0	0	0	0	0	0	0	0	0	0	0	0	0	0	0	0	0	0	0	0	0	41.19	0	0	0	0	0	0	0	0	0	0	0	0	0	0	0	0	0	0	0	0	0	0	0	0	0	0
1995	SAND2	149.335	0	0	0	0	0	0	0	0	0	0	0.009	0	0	0	0	0	0	0	106.173	0.033	0	0	0.736	0	6.315	0.138	0	0	0.057	0	3.815	0	0	0.006	0.355	0	0	0	0	0	0	0	0.005	0	0	0	0	0.58	0	0	0	0	0.163	0	0	0	30.926	0	0	0	0.024	0	0	0	0	0	0	0	0	0	0	0	0	0	0	0	0	0	0	0	0	0	0
1996	SAND2	29.015	0	0	0	0	0	0	0	0	0	0.015	0.012	0	0	0	0	0	0	0	0	0	0	0.001	0	0	0	0.09	0	0	0	0	0	0	0	0	0.001	0	0	0	0	0	0	0	0	0	0	0	0	0	0	0	0	0	0	0	0	0	28.896	0	0	0	0	0	0	0	0	0	0	0	0	0	0	0	0	0	0	0	0	0	0	0	0	0	0
1997	SAND2	67.387	0	0	0	0	0	0	0	0	0	0	0	0	0	0	0	0	0	0	0	0	0	0	0.001	0	0.013	0.956	0	0	0	0	0	0	0	0	0	0	0	0	0	0	0	0	0	0	0	0	0	0	0	0	0	0	0	0	0	0	66.417	0	0	0	0	0	0	0	0	0	0	0	0	0	0	0	0	0	0	0	0	0	0	0	0	0	0
1998	SAND2	37.637	0	0	0	0	0	0	0	0	0	0	0	0	0	0	0	0	0	0	0	0	0	0	0.012	0.013	0.068	0	0	0	0	0	0	0	0	0	0.001	0	0	0	0	0	0	0	0	0	0	0	0	0	0	0	0	0	0	0	0	0	37.543	0	0	0	0	0	0	0	0	0	0	0	0	0	0	0	0	0	0	0	0	0	0	0	0	0	0
1999	SAND2	48.308	0	0	0	0	0	0	0	0	0	0.001	0	0	0	0	0	0	0	0	0	0	0	0.414	0	0.009	2.61	0.114	0	0	0.002	0	0.106	0	0	0	0.03	0	0.013	0	0	0	0	0	0	0	0	0	0	0.03	0	0	0	0	0.326	0	0	0	44.504	0	0	0	0	0	0	0.149	0	0	0	0	0	0	0	0	0	0	0	0	0	0	0	0	0	0	0
2000	SAND2	13.592	0	0	0	0	0	0	0	0	0	0	0	0	0	0	0	0	0	0	0	0	0	0	0	0.002	0	0	0	0	0	0	0	0	0	0	0	0	0	0	0	0	0	0	0	0	0	0	0	0	0	0	0	0	0	0	0	0	13.59	0	0	0	0	0	0	0	0	0	0	0	0	0	0	0	0	0	0	0	0	0	0	0	0	0	0
2001	SAND2	14.205	0	0	0	0	0	0	0	0	0	0	0	0	0	0	0	0	0	0	0	0.099	0	0.149	0.022	0	4.748	0	0	0	0.013	0	0.054	0	0	0	0.01	0	0	0	0	0	0	0	0	0	0	0	0	0.012	0	0	0	0	0	0	0	0	8.747	0	0	0	0	0	0.083	0	0	0	0	0	0	0	0	0	0	0	0	0	0.268	0	0	0	0	0	0
2002	SAND2	3.57	0	0	0	0	0	0	0	0	0	0	0	0	0	0	0	0	0	0	0	0	0	0	0	0	0	0	0	0	0	0	0	0	0	0	0	0	0	0	0	0	0	0	0	0	0	0	0	0	0	0	0	0	0	0	0	0	3.57	0	0	0	0	0	0	0	0	0	0	0	0	0	0	0	0	0	0	0	0	0	0	0	0	0	0
2003	SAND2	9.055	0	0	0	0	0	0	0	0	0	0	0	0	0	0	0	0	0	0	0	0	0	0.001	0	0	0.327	0	0	0	0	0	0	0	0	0	0.002	0	0	0	0	0	0	0	0	0	0	0	0	0	0	0	0	0	0	0	0	0	8.725	0	0	0	0	0	0	0	0	0	0	0	0	0	0	0	0	0	0	0	0	0	0	0	0	0	0
2004	SAND2	3.932	0	0	0	0	0	0	0	0	0	0	0	0	0	0	0	0	0	0	0	0	0	0	0	0	0	0	0	0	0	0	0	0	0	0	0	0	0	0	0	0	0	0	0	0	0	0	0	0	0	0	0	0	0	0	0	0	3.932	0	0	0	0	0	0	0	0	0	0	0	0	0	0	0	0	0	0	0	0	0	0	0	0	0	0
2005	SAND2	23.776	0	0	0	0	0	0	0	0	0	0	0	0	0	0	0	0	0	0	0	0.18	0	1.63	0.005	0	14.41	0	0	0	0.01	0	0.018	0	0	0	0.008	0	0	0	0	0	0	0	0	0	0	0	0	0	0	0	0	0	0.163	0.015	0	0	7.28	0.007	0	0	0	0	0.05	0	0	0	0	0	0	0	0	0	0	0	0	0	0	0	0	0	0	0	0
2006	SAND2	14.995	0	0	0	0	0	0	0	0	0	0	0	0	0	0	0	0	0	0	0	0	0	0	0	0	0	0	0	0	0	0	0	0	0	0	0	0	0	0	0	0	0	0	0	0	0	0	0	0	0	0	0	0	0	0	0	0	14.995	0	0	0	0	0	0	0	0	0	0	0	0	0	0	0	0	0	0	0	0	0	0	0	0	0	0
2007	SAND2	8.54	0	0	0	0	0	0	0	0	0	0.405	0	0	0	0	0	0	0	0	0	0.887	0	2.72	0	0.002	2.403	0	0	0	0.015	0	0.031	0	0	0	0.028	0	0	0.058	0	0	0	0	0	0.01	0	0	0	0.111	0	0	0	0.048	0	0	0	0	1.261	0.468	0	0	0.093	0	0	0	0	0	0	0	0	0	0	0	0	0	0	0	0	0	0	0	0	0	0
2008	SAND2	14.891	0	0	0	0	0	0	0	0	0	0	0	0	0	0	0	0	0	0	0	0	0	0	0	0	0	0	0	0	0	0	0	0	0	0	0	0	0	0	0	0	0	0	0	0	0	0	0	0	0	0	0	0	0	0	0	0	7.951	0	0	0	0	0	0	0	0	0	0	0	0	6.94	0	0	0	0	0	0	0	0	0	0	0	0	0
1990	SAND3	94.2	0	0	1.345	0	0	0	0	0	0	0	0	0	0	0	0	0	0	0	0	0	0	0	0	0	0	0	0	0	0	0	0	0	0.231	0	0	0	0	0	0	0	0	0	0	0	0	0	0	0	0	0	0	0	0	0	0	0	92.624	0	0	0	0	0	0	0	0	0	0	0	0	0	0	0	0	0	0	0	0	0	0	0	0	0	0
1991	SAND3	116.307	0	0	0	0	0	0	0	0	0	0	0	0	0	0	0	0	0	0	0	0	0	0	0	0	0	0	0	0	0	0	0	0	0.051	0	0.001	0	0	0	0	0	0	0	0	0	0	0	0	0.001	0	0	0	0	0	0	0	0	116.254	0	0	0	0	0	0	0	0	0	0	0	0	0	0	0	0	0	0	0	0	0	0	0	0	0	0
1992	SAND3	87.41	0	0	4.117	0	0	0	0	0	0	0	0	0	0	0	0	0	0	0	0	0	0	0	0.005	0	0.003	0	0	0	0	0	0	0	0.067	0	0	0	0	0	0	0	0	0	0	0	0	0	0	0	0	0	0	0	0	0	0	0	83.218	0	0	0	0	0	0	0	0	0	0	0	0	0	0	0	0	0	0	0	0	0	0	0	0	0	0
1993	SAND3	70.934	0	0	12.835	0	0	0	0	0	0	0	0	0	0	0	0	0	0	0	0	0	0	0	2.238	0	1.061	0.589	0	0	0	0	0	0	0.138	0	0	0	0	0	0	0	0	0	0	0	0	0	0	0.029	0	0	0	0	0	0	0	0	54.044	0	0	0	0	0	0	0	0	0	0	0	0	0	0	0	0	0	0	0	0	0	0	0	0	0	0
1994	SAND3	88.605	0	0	8.019	0	0	0	0	0	0	0.805	0	0	2.322	0	0	0	0	0	0	0	0	0	0	0	0	0	0	0	0	0	0	0	0.098	0	0	0	0	0	0	0	0	0	0	0	0	0	0	0	0	0	0	0	0	0	0	0	77.361	0	0	0	0	0	0	0	0	0	0	0	0	0	0	0	0	0	0	0	0	0	0	0	0	0	0
1995	SAND3	283.032	0	0	0	0	0.053	0	0	0.027	0	0	0.003	0	0	0	0	0	0	0	164.907	0	0	0	4.854	0	6.165	1.44	0	0	0.046	0	1.874	0	0	0.098	0.243	0	0	0	0	0	0	0	0	0	0	0.221	0	0.716	0	0	0	0	2.765	0	0	0	99.563	0	0	0	0.057	0	0	0	0	0	0	0	0	0	0	0	0	0	0	0	0	0	0	0	0	0	0
1996	SAND3	66.191	0	0	0	0	0	0	0	0.008	0	0.003	0.001	0	0	0	0	0	0	0	0	0	0	0.016	0.007	0	0.004	0.036	0	0	0	0	0	0	0	0	0	0	0	0	0	0	0	0	0	0	0	0	0	0	0	0	0	0	0	0	0	0	66.116	0	0	0	0	0	0	0	0	0	0	0	0	0	0	0	0	0	0	0	0	0	0	0	0	0	0
1997	SAND3	64.217	0	0	0	0	0	0	0	0	0	0	0	0	0	0	0	0	0	0	0	0	0	0	0.002	0.001	0.001	0	0	0	0	0	0	0	0	0	0	0	0	0	0	0	0	0	0	0	0	0	0	0	0.001	0	0	0	0	0	0	0	64.209	0	0	0	0	0	0	0	0	0	0	0	0	0	0	0	0	0	0	0	0	0	0	0	0.003	0	0
1998	SAND3	51.322	0	0	0	0	0	0	0	0	0	0	0	0	0	0	0	0	0	0	0	0	0	0.01	0.016	0.023	1.057	0	0	0	0.001	0	0	0	0	0	0.001	0	0	0	0	0	0	0	0	0	0	0	0	0	0	0	0	0	0	0	0	0	50.214	0	0	0	0	0	0	0	0	0	0	0	0	0	0	0	0	0	0	0	0	0	0	0	0	0	0
1999	SAND3	34.377	0	0	0	0	0	0	0	0	0	0	0	0	0	0	0	0	0	0	0	0	0	0.226	0.001	0.019	2.58	0.018	0	0	0.002	0	0.117	0	0	0	0.026	0	0	0	0	0	0	0	0	0	0.56	0	0	0.031	0	0	0	0	0.163	0	0	0	30.591	0	0	0	0.012	0	0	0	0	0	0	0	0	0	0.028	0	0	0	0	0.003	0	0	0	0	0	0	0
2000	SAND3	73.061	0	0	0	0	0	0	0	0	0	0	0	0	0	0	0	0	0	0	0	0	0	0	0	0.018	0	0	0	0	0	0	0	0	0	0	0	0	0	0	0	0	0	0	0	0	0	0	0	0	0	0	0	0	0	0	0	0	73.043	0	0	0	0	0	0	0	0	0	0	0	0	0	0	0	0	0	0	0	0	0	0	0	0	0	0
2001	SAND3	10.186	0	0	0	0.08	0	0	0	0	0	0	0	0	0	0	0	0	0	0	0	0.063	0	0.054	0.002	0	4.492	0	0	0	0.008	0	0.022	0	0	0	0.006	0	0	0	0	0	0	0	0	0	0	0	0	0.001	0	0.001	0	0	0	0	0	0	5.445	0	0	0	0.012	0	0	0	0	0	0	0	0	0	0	0	0	0	0	0	0	0	0	0	0	0	0
2002	SAND3	5.355	0	0	0	0	0	0	0	0	0	0	0	0	0	0	0	0	0	0	0	0	0	0	0	0	0	0	0	0	0	0	0	0	0	0	0	0	0	0	0	0	0	0	0	0	0	0	0	0	0	0	0	0	0	0	0	0	5.355	0	0	0	0	0	0	0	0	0	0	0	0	0	0	0	0	0	0	0	0	0	0	0	0	0	0
2003	SAND3	17.268	0	0	0	0	0	0	0	0	0	0	0	0	0	0	0	0	0	0	0	0.035	0	0.019	0	0	3.111	0	0	0	0	0	0.001	0	0	0	0	0	0	0	0	0	0	0	0	0	0	0	0	0	0	0	0	0	0	0	0	0	14.102	0	0	0	0	0	0	0	0	0	0	0	0	0	0	0	0	0	0	0	0	0	0	0	0	0	0
2004	SAND3	4.15	0	0	0	0	0	0	0	0	0	0	0	0	0	0	0	0	0	0	0	0	0	0	0	0	0	0	0	0	0	0	0	0	0	0	0	0	0	0	0	0	0	0	0	0	0	0	0	0	0	0	0	0	0	0	0	0	4.15	0	0	0	0	0	0	0	0	0	0	0	0	0	0	0	0	0	0	0	0	0	0	0	0	0	0
2005	SAND3	35.549	0	0	0	0	0	0	0	0	0	0	0	0	0	0	0	0	0	0	0	0.419	0	0.101	0.007	0	11.281	0	0	0	0.003	0	0.032	0	0	0	0.004	0	0	0	0	0	0	0	0	0	0	0	0	0	0.007	0	0	0.048	0.163	0	0	0	22.715	0	0	0	0	0	0.166	0	0	0	0	0.6	0	0	0	0	0	0	0	0	0	0	0	0.003	0	0	0
2006	SAND3	49.259	0	0	0	0	0	0	0	0	0	0	0	0	0	0	0	0	0	0	0	0	0	0	0	0	0	0	0	0	0	0	0	0	0	0	0	0	0	0	0	0	0	0	0	0	0	0	0	0	0	0	0	0	0	0	0	0	49.259	0	0	0	0	0	0	0	0	0	0	0	0	0	0	0	0	0	0	0	0	0	0	0	0	0	0
2007	SAND3	129.459	0	0	0	0	0	0	0	0	0	0.63	0.536	0	0	0	0	0	0	0	0	0.971	0	2.179	0.002	0.006	1.347	0	0.005	0	0.026	0	0.065	0	0	0	0	0.025	0	0	0	0	0.028	0	0	0.4	0	0	0	0.035	0	0	0	0	0	0.003	0	0	118.106	0.221	0.037	0	0	0	0	0	4.744	0	0	0	0	0	0	0	0	0	0	0.014	0	0	0	0	0.079	0	0
2008	SAND3	72.236	0	0	0	0	0	0	0	0	0	0.004	0	0	0	0	0	0	0	0	0	0	0	0.059	0	0	0.001	0	0	0	0.004	0	0	0	0	0	0.003	0	0	0	0	0	0	0	0	0	0	0	0	0	0	0	0	0	0	0	0	0	66.126	0	0	0	0	0	0	0	6.037	0	0	0	0	0	0	0	0	0	0	0	0.002	0	0	0	0	0	0
1990	SAND4	82.817	0	0	26.047	0	0	0	0	0	0	0	0	0	0	0	0	0	0	0	0	0	0	0	0	0	0	0	0	0	0	0	0	0	0.127	0	0	0	0	0	0	0	0	0	0	0	0	0	0	0	0	0	0	0.048	0	0	0	0	56.04	0	0	0	0	0	0	0	0	0	0	0	0	0.555	0	0	0	0	0	0	0	0	0	0	0	0	0
1991	SAND4	138.486	0	0	0	0	0	0	0	0	0	0.076	0	0	0	0	0	0	0	0	0	0	0	0	0	0	0	0.027	0	0	0	0	0	0	0.027	0	0	0	0	0	0	0	0	0	0	0	0	0	0	0.012	0	0	0	0	0	0	0	0	138.344	0	0	0	0	0	0	0	0	0	0	0	0	0	0	0	0	0	0	0	0	0	0	0	0	0	0
1992	SAND4	84.743	0	0	1.906	0	0	0	0	0	0	0	0	0	0	0	0	0	0	0.04	0	0	0	0	0.016	0	0.02	0.273	0	0	0	0	0	0	0.042	0	0	0	0	0	0	0	0	0	0	0	0	0	0	0.006	0	0	0	0	0	0.705	0	0	81.735	0	0	0	0	0	0	0	0	0	0	0	0	0	0	0	0	0	0	0	0	0	0	0	0	0	0
1993	SAND4	135.582	0	0	5.236	0	0	0.133	0	0	0	0	0	0	0	0	0	0	0	0	0	0	0	0.032	2.214	0	2.693	3.572	0	0	0	0	0	0	0.084	0	0	0	0	0	0	0	0	0	0	0	0	0	0	0.309	0	0	0	0	0	43.689	0	0	77.294	0	0	0.059	0	0	0	0	0	0	0	0	0	0.2	0	0	0	0.051	0.016	0	0	0	0	0	0	0	0
1994	SAND4	128.765	0	0	6.674	0	0	0	0	0	0	0	0	0	0	0	0	0	0	0	0	0	0	0	0	0	0	0	0	0	0	0	0	0	0.058	0	0	0	0	0	0	0	0	0	0	0	0	0	0	0	0	0	0	0	0	9.701	0	0	111.835	0	0	0	0	0	0	0	0	0	0	0	0	0	0	0	0.497	0	0	0	0	0	0	0	0	0	0
1995	SAND4	187.621	0.054	0	0	0	0	0	0	0.027	0	0	0.007	0	0	0	0	0	0.14	0.048	113.703	0	0	0	1.088	0	10.192	0.056	0	0	0.084	0	3.351	0	0	0.065	0.336	0	0	0	0	0	0	0	0	0	0	0	0	1.96	0	0	0	0	0.65	0	0	0	55.014	0	0	0	0.38	0	0	0.373	0	0	0	0	0	0	0	0	0	0	0	0	0.093	0	0	0	0	0	0
1996	SAND4	49.969	0	0	0	0	0	0	0	0	0	0.002	0	0	0	0	0	0	0	0	0	0	0	0	0.003	0	0	0.016	0	0	0	0	0	0	0	0	0	0	0	0	0	0	0	0	0	0	0	0	0	0	0	0	0	0	0	0.043	0	0	49.905	0	0	0	0	0	0	0	0	0	0	0	0	0	0	0	0	0	0	0	0	0	0	0	0	0	0
1997	SAND4	80.641	0	0	0	0	0	0	0	0	0	0.003	0	0	0	0	0	0	0	0	0	0	0	0.004	0.006	0	0.004	0.06	0	0	0	0	0	0	0	0	0	0	0	0	0	0	0	0	0	0	0	0	0	0	0	0	0	0	0	1.512	0	0	79.047	0	0	0	0	0	0	0	0	0	0	0	0	0	0	0	0	0	0	0	0	0	0	0	0.005	0	0
1998	SAND4	102.147	0	0	0	0	0	0	0	0	0	0	0	0	0	0	0	0	0	0	0	0	0	0.001	0.013	0.013	0.015	0	0	0	0	0	0	0	0	0	0.004	0	0	0	0	0	0	0	0	0	0	0	0	0	0	0	0	0	0	0.34	0	0	101.761	0	0	0	0	0	0	0	0	0	0	0	0	0	0	0	0	0	0	0	0	0	0	0	0	0	0
1999	SAND4	39.677	0	0	0	0	0	0	0	0	0	0.022	0.001	0	0	0	0	0	0	0	0	0.007	0	0.077	0.006	0.018	1.193	0.528	0	0	0.027	0	0.178	0	0	0	0.055	0	0	0	0	0	0	0	0	0.002	0	0	0	0.054	0	0.005	0	0	0	0	0	0	37.498	0	0	0	0.006	0	0	0	0	0	0	0	0	0	0	0	0	0	0	0	0	0	0	0	0	0	0
2000	SAND4	60.069	0	0	0	0	0	0	0	0	0	0	0	0	0	0	0	0	0	0	0	0	0	0	0	0.012	0	0	0	0	0	0	0	0	0	0	0	0	0	0	0	0	0	0	0	0	0	0	0	0	0	0	0	0	0	0	0	0	60.057	0	0	0	0	0	0	0	0	0	0	0	0	0	0	0	0	0	0	0	0	0	0	0	0	0	0
2001	SAND4	50.658	0	0	0	0	0	0	0	0	0	0.008	0	0	0	0	0	0	0	0	0	0.055	0	0.021	0	0	2.473	0	0	0	0.048	0	0.063	0	0	0.001	0.004	0	0	0	0	0	0	0	0	0	0	0	0	0	0	0.004	0	0	0.163	0	0	0	47.818	0	0	0	0	0	0	0	0	0	0	0	0	0	0	0	0	0	0	0	0	0	0	0	0	0	0
2002	SAND4	11.558	0	0	0	0	0	0	0	0	0	0	0	0	0	0	0	0	0	0	0	0	0	0	0	0	0	0	0	0	0	0	0	0	0	0	0	0	0	0	0	0	0	0	0	0	0	0	0	0	0	0	0	0	0	0	0	0	11.558	0	0	0	0	0	0	0	0	0	0	0	0	0	0	0	0	0	0	0	0	0	0	0	0	0	0
2003	SAND4	46.269	0	0	0	0	0	0	0	0	0	0	0	0	0	0	0	0	0	0	0	0	0	0.03	0.001	0.001	0.941	0	0	0	0	0	0	0	0	0	0	0	0	0	0	0	0	0	0	0	0	0	0	0	0	0	0	0	0	0	0	0	45.296	0	0	0	0	0	0	0	0	0	0	0	0	0	0	0	0	0	0	0	0	0	0	0	0	0	0
2004	SAND4	38.825	0	0	0	0	0	0	0	0	0	0	0	0	0	0	0	0	0	0	0	0	0	0	0	0	0	0	0	0	0	0	0	0	0	0	0	0	0	0	0	0	0	0	0	0	0	0	0	0	0	0	0	0	0	0	0	0	38.825	0	0	0	0	0	0	0	0	0	0	0	0	0	0	0	0	0	0	0	0	0	0	0	0	0	0
2005	SAND4	60.503	0	0	0	0	0	0	0	0	0	0	0	0	0	0	0	0	0	0	0	0.028	0.585	0.745	0.017	0	23.065	0	0	0	0.002	0	0.03	0	0	0.02	0.002	0	0	0	0	0	0	0	0	0	0	0	0	0.035	0	0	0	0	0	0	0	0	35.455	0	0	0	0.436	0	0.083	0	0	0	0	0	0	0	0	0	0	0	0	0	0	0	0	0	0	0	0
2006	SAND4	70.869	0	0	0	0	0	0	0	0	0	0	0	0	0	0	0	0	0	0	0	0	0	0	0	0	0	0	0	0	0	0	0	0	0	0	0	0	0	0	0	0	0	0	0	0	0	0	0	0	0	0	0	0	0	0	0	0	70.869	0	0	0	0	0	0	0	0	0	0	0	0	0	0	0	0	0	0	0	0	0	0	0	0	0	0
2007	SAND4	87.387	0	0	0	0	0	0.596	0	0	0	0.721	1.133	0	0	0	0	0	0	0	0	0.226	0	11.037	0	0.003	25.248	0	0	0	0.022	0	0.146	0	0	0.009	0.006	0	0	0	0	0	0	0	0	0.97	0	0	0	0	0	0	0	1.084	0	0	0	0	45.23	0.906	0	0	0	0	0.05	0	0	0	0	0	0	0	0	0	0	0	0	0	0	0	0	0	0	0	0
2008	SAND4	85.775	0	0	0	0	0	0	0	0	0	0.001	0	0	0	0	0	0	0	0	0	0	0	0.14	0.001	0	0.002	0	0	0	0.003	0	0	0	0	0	0	0	0	0	0	0	0	0	0	0	0	0	0	0	0	0	0	0	0	0.441	0	0	83.893	0	0	0	0	0	0	0	1.294	0	0	0	0	0	0	0	0	0	0	0	0	0	0	0	0	0	0
