Year	site	total	AMAR1	AMBL	AMPA	AMPU	APRA	ASCL1	ASNU	ASSU	ASTE1	ASTR1	BAMU	BAPE	CAWR	CHIN	CIOC	COCA	COCO	CRAN	CRCR	CYES	DECO	DEPI	DIWI	ERAB	ERAG1	ERBE	ERDV	ERIG1	EUAL	EUGL	EUMI	EUSE	EUSR	EUST	GAPA	GRSQ	HAGR	HEAN	HECI	HIMU	HODR	HOGL	HYOD	IPLO	IPPU	KAHI	LEFE	LEGO	LEVS	MAFE	NAHI	PAOB	PAOBS	PEPA	PHAC1	PHCO	PHIN	PLMU	PLPA	POOL	PROB1	PSDL1	PSTA	SAKA	SILE	SOEL	SONU	SOOL	SPAI	SPSA	SPSU	TAAN	TALI1	TECO	TILA	UKFO1	UKFO2	UKFO4	UKFO5	VEBR	VEEN	VERB1	VEWR	VUOC
1989	COLL	27.078	0	0	0	0	0	0	0	0	0	0	0	0	0	0.036	0	0	0	0	0	0	0	0	0	0	0	0	0	0	0	0	0	0	0	0	0	0	0	0	14.623	0	0	3.844	0	0	0	0	0	0	0	0	0	2.259	0	0	0	0	0	0	0	0	0	0	0	0.033	6.124	0	0	0	0	0	0.159	0	0	0	0	0	0	0	0	0	0	0	0	0
1990	COLL	1667.861	0	0	0	0	11.672	0	0	0	0	0	0	0	0	0	0	0	2.977	0	0	0	0	0	0	0	0	0	0	0	0	0	0	0	0	0	0	6.197	0	0	77.151	0	0	15.103	1494.169	0	0	0	0	0	0	0	0	24.087	0	0	0	0	0	0	0	0	0	0	0	0	36.485	0	0	0	0	0	0	0	0	0	0	0	0	0	0	0	0	0.02	0	0
1991	COLL	1.742	0	0	0	0	0	0	0	0	0	0	0	0	0	0	0	0	0	0	0	0	0	0	0	0	0	0	0	0	0	0	0	0	0	0	0	0.08	0	0	1.415	0	0	0.031	0	0	0	0	0	0	0	0	0	0.161	0	0	0	0	0	0	0	0	0	0	0	0	0.055	0	0	0	0	0	0	0	0	0	0	0	0	0	0	0	0	0	0	0
1992	COLL	1487.183	0	0	0	0	200.886	0	0	0	0	0	0	0	0	0	0	0	5.145	0	0	0	0	0	0	0	0	0	0	0	0	0	0	0	0	0	0	31.072	0	0	168.863	0	0	19.645	787.559	0	0	0	0	0	0	0	0	159.105	0	0	0	0	0	0	0	0	0	0	0	0	114.908	0	0	0	0	0	0	0	0	0	0	0	0	0	0	0	0	0	0	0
1993	COLL	64.101	0	0	0	0	0	0	0	0	0	0	0	0	0	0.353	0	0	0	0	0	0	0	10.248	0	0	0	0	0	0	0	0	0	0	0	0	0	4.475	0	0	6.076	0	0	0.345	15.653	0	0	0	0	0	0	0	0	22.935	0	0	0	0	0	0	0	0	0	0	0	0	4.016	0	0	0	0	0	0	0	0	0	0	0	0	0	0	0	0	0	0	0
1994	COLL	0.75	0	0	0	0	0	0	0	0	0	0	0	0	0	0	0	0	0	0	0	0	0	0	0	0	0	0	0	0	0	0	0	0	0	0	0	0	0	0	0.731	0	0	0	0	0	0	0	0	0	0	0	0	0	0	0	0	0	0	0	0	0	0	0	0	0	0.019	0	0	0	0	0	0	0	0	0	0	0	0	0	0	0	0	0	0	0
1995	COLL	5.554	0	0	0	0	0	0	0	0	0	0	0	0	0	0.301	0	0	0	0	0	0	0	1.102	0	0	0	0	0	0	0	0	0	0	0	0	0	0	0	0	1.012	0	0	0.092	0.03	0	0	0	0	0	0	0	0	2.618	0	0	0	0	0	0	0	0	0	0	0	0.057	0.342	0	0	0	0	0	0	0	0	0	0	0	0	0	0	0	0	0	0	0
1996	COLL	0.01	0	0	0	0	0	0	0	0	0	0	0	0	0	0	0	0	0	0	0	0	0	0	0	0	0	0	0	0	0	0	0	0	0	0	0	0	0	0	0.009	0	0	0	0	0	0	0	0	0	0	0	0	0	0	0	0	0	0	0	0	0	0	0	0	0	0.001	0	0	0	0	0	0	0	0	0	0	0	0	0	0	0	0	0	0	0
1997	COLL	1749.067	0	0	0	0	0	0	0	0	0	0	0	0	0	0	0	0	95.361	0	0	0	0	0	0	0	0	6.362	0	0	0	0	0	0	0	0	0	23.28	0	0	137.395	0	0	23.889	750.862	0	0	0	0	0	0	0	0	482.124	0	0	0	0	0	0	0	0	0	0	0	0	229.794	0	0	0	0	0	0	0	0	0	0	0	0	0	0	0	0	0	0	0
1998	COLL	385.377	0	0	0	0	0	0	0	0	0	0	0	0	0	0	0	0	0	0	0	0	0	0	0	0	0	0.335	0	0	0	0	0	0	0	0	0	58.368	0	0	62.431	0	0	8.873	3.237	0	0	0	0	0	0	0	0	169.124	0	0	0	0	0	0	0	0	0	0	0	0	83.009	0	0	0	0	0	0	0	0	0	0	0	0	0	0	0	0	0	0	0
1999	COLL	42.977	0	0	0	0	0	0	0	0	0	0	0	0	0	0	0	0	0.08	0	0	0	0	0.039	0	0	0	0	0	0.074	0	0	0	0	0	0	0	13.307	0	0	1.526	0	0	0.069	0	0	0	0	0	0	0	0	0	26.887	0	0	0	0	0	0	0	0	0	0	0	0	0.995	0	0	0	0	0	0	0	0	0	0	0	0	0	0	0	0	0	0	0
2000	COLL	106.004	0	0	0	0	0.098	0	0	0	0	0	0	0	0	0	0	0	0	0	0	0	0	0	0	0	0	0	0	0	0	0	0	0	0	0	0	0	0	0	2.838	0	0.245	1.73	0	0	0	0	0	0	0	0	0	83.234	0	0	0	0	0	0	0	0	0	0	0	0	17.859	0	0	0	0	0	0	0	0	0	0	0	0	0	0	0	0	0	0	0
2001	COLL	93.905	0	0	0	0	0.262	0	0	0	0	0	0	0	0	0.002	0	0	0	0	0	0	0	32.585	0	0	0	0	0	0	0	0	0	0	0	0	0	0	0	0	2.498	0	0	0.123	1.646	0	0	0	0	0	0	0	0	56.088	0	0	0	0	0	0	0	0	0	0	0	0	0.698	0	0	0	0	0	0	0	0	0	0	0	0	0.003	0	0	0	0	0	0
2002	COLL	0.035	0	0	0	0	0	0	0	0	0	0	0	0	0	0	0	0	0	0	0	0	0	0	0	0	0	0	0	0	0	0	0	0	0	0	0	0	0	0	0.035	0	0	0	0	0	0	0	0	0	0	0	0	0	0	0	0	0	0	0	0	0	0	0	0	0	0	0	0	0	0	0	0	0	0	0	0	0	0	0	0	0	0	0	0	0
2003	COLL	984.338	0	0	0	0	0	0	0	0	0	0	0	0	0	0	0	0	9.176	0	0	0	0	9.821	0	0	0	2.046	0	0	0	0	0	0	0	0	0	5.336	0	0	8.074	0	0	3.566	725.571	0	0	0	0	0	0	0	0	162.504	0	0	0	0	0	0	0	0	0	0	0	0	58.244	0	0	0	0	0	0	0	0	0	0	0	0	0	0	0	0	0	0	0
2004	COLL	259.371	0	0.292	0	0	0.052	0	0	0	0	0	0	0	0	0.064	0	0	0	0	0	0.376	0	0.389	0	0	0	0	0	0	0	0	0	0	0.7	0	0	0.088	0	0	8.607	0	0	5.105	29.303	0	0	0	0	0	1.369	0	0	72.619	4.34	0	0	0	0	0	0	3.348	0	0.007	0	0	131.203	0	0	0	0	0	0	0	0	0	0	0	0	0	0	0	1.509	0	0	0
2005	COLL	1995.03	0	0	0	0	0	0	0	0	0	0	0	0	0	0	0	0	1.891	0	0	0	0	27.3	0	0	0	0	54.426	0	0	0	0	0	0	0	0	20.6	0	0	35.514	0	0	0.161	1527.744	0	0	0	0	0	0	0	0	259.434	0	0	0	0	0	0	0	0	0	0	0	0	67.96	0	0	0	0	0	0	0	0	0	0	0	0	0	0	0	0	0	0	0
2006	COLL	22.921	0	0	0	0	0	0	0	0	0	0	0	0	0	0	0	0	0	0	0	0	0	0	0	0	0	0	0	0	0	0	0	0	0	0	0	15.2	0	0	1.824	0	0	0	0	0	0	0	0	0	0	0	0	0	0	0	0	0	0	0	0	0	0	0	0	0	5.897	0	0	0	0	0	0	0	0	0	0	0	0	0	0	0	0	0	0	0
2007	COLL	2101.247	0	0	0	0	0	0	0	0	0	0	0	0	0	0	0	0.085	65.15	0	0	0	0	0	0	0	0	75.625	0	0	0	0	0	0	0	0	0	282.242	0	0	193.602	0	0	3.166	1113.353	0	0	0	0	0	0	0	0	324.804	0	0	0	0	0	0	0	0	0	0	0	0	43.22	0	0	0	0	0	0	0	0	0	0	0	0	0	0	0	0	0	0	0
2008	COLL	4.467	0	0	0	0	0	0	0	0	0	0	0	0	0	0	0	0	0	0	0	0	0	0	0	0	0	0	0	0	0	0	0	0	0	0	0	3.238	0	0	1.077	0	0	0	0	0	0	0	0	0	0	0	0	0	0	0	0	0	0	0	0	0	0	0	0	0	0.152	0	0	0	0	0	0	0	0	0	0	0	0	0	0	0	0	0	0	0
1989	COLL1	191.039	0	0	0	0	0	0	0	0	0	0	0	0	0	0	0	0	0	0	0	0	0	0	0	0	0	0	0	0	0	0	0	0	0	0	0	0	0	0	0	0	0	4.588	0.38	0	0	0	0	0	0	0	0	155.226	0	0	0	0	0	0	0	0	0	0	0	0	4.709	0.008	0	0	0	26.128	0	0	0	0	0	0	0	0	0	0	0	0	0	0
1990	COLL1	1234.134	0	0	0	0	2.559	0	0	0	0	0	0	0	0	0	0	0	4.64	0	0	0	0	0	0	0	0	0	0	0	0	0	0	0	0	0	0	3.968	0	0	0.069	0	0	14.671	594.401	0	0	0	0	0	0	0	0	558.873	0	0	0	0	0	0	0	0	0	0	0	0	14.649	1.406	0	0	0	38.898	0	0	0	0	0	0	0	0	0	0	0	0	0	0
1991	COLL1	22.864	0	0	0	0	0	0	0	0	0	0	0	0	0	0	0	0	0	0	0	0	0	0	0	0	0	0	0	0	0	0	0	0	0	0	0	4.96	0	0	0	0	0	2.192	0	0	0	0	0	0	0	0	0	8.72	0	0	0	0	0	0	0	0	0	0	0	0	0.688	0.259	0	0	0	6.045	0	0	0	0	0	0	0	0	0	0	0	0	0	0
1992	COLL1	1457.106	0	0	0	0	4.445	0	0	0	0	0	0	0	0	0.596	0	0	84.901	0	0	0	0	7.237	0	0	0	0	0	0	0	0	0	0	0	0	0.206	92.201	0	0	15.578	0	0	86.61	240.82	0	0	0	0	0	0	0	0	752.795	0	0	0	0	0	0	0	0	0	0	0	0	73.048	16.607	0	0	0	82.062	0	0	0	0	0	0	0	0	0	0	0	0	0	0
1993	COLL1	264.285	0	0	0	0	0	0	0	0.491	0	0	0	0	0	0.007	0	0	0	0	0	0	0	27.911	0	0	0	0	0	0	0	0	0	0	0	0	0.013	34.738	0	0	3.646	0	0	4.181	1.879	0	0	0	0	0	0	0	0	165.859	0	0	0	0	0	0	0	0	0	0	0	0	1.756	6.319	0	0	0	17.485	0	0	0	0	0	0	0	0	0	0	0	0	0	0
1994	COLL1	1.02	0	0	0	0	0	0	0	0	0	0	0	0	0	0	0	0	0	0	0	0	0	0	0	0	0	0	0	0	0	0	0	0	0	0	0	0.006	0	0	0.156	0	0	0.837	0	0	0	0	0	0	0	0	0	0	0	0	0	0	0	0	0	0	0	0	0	0	0.015	0	0	0	0	0.006	0	0	0	0	0	0	0	0	0	0	0	0	0	0
1995	COLL1	82.72	0	0	0	0	0	0	0	0	0	0	0	0	0	0.539	0	0	0	0.024	0	0	0	29.979	0	0	0	0	0	0	0	0	0	0	0	0	0	0.083	0	0	2.17	0	0	0.288	29.283	0	0	0	0	0.102	0	0	0	4.056	0	0	0	0	0	0	0	0	0	0	0	0	0.066	0.248	15.882	0	0	0	0	0	0	0	0	0	0	0	0	0	0	0	0	0
1996	COLL1	0.625	0	0	0	0	0	0	0	0	0	0	0	0	0	0	0	0	0	0	0	0	0	0	0	0	0	0	0	0	0	0	0	0	0	0	0	0	0	0	0.054	0	0	0.277	0	0	0	0	0	0	0	0	0	0	0	0	0	0	0	0	0	0	0	0	0	0	0.002	0.232	0.06	0	0	0	0	0	0	0	0	0	0	0	0	0	0	0	0	0
1997	COLL1	2117.223	0	0	0	0	0	0	0	0.098	0	0	0	0	0	0	0	0	153.163	0	0	0	0	0	0	0	0	2.718	0	0	0	0	0	0	0	0	0	12.48	0	0	104.72	0	0	93.889	77.936	0	0	0	0	0	0	0	0	1486.507	0	0	0	0	0	0	0	0	0	0.035	0	0	68.185	1.12	116.372	0	0	0	0	0	0	0	0	0	0	0	0	0	0	0	0	0
1998	COLL1	525.955	0	0	0	0	0	0	0	0.659	0	0	0	0	0	0	0	0	0	0	0	0	0	0	0	0	0	0	0	0	0	0	0	0	0	0	0	0	0	0	61.886	0	0	45.439	4.012	0	0	0	0	0	0	0	0	319.415	0	0	0	0	0	0	0	0	0	0	0	0	11.499	0	83.045	0	0	0	0	0	0	0	0	0	0	0	0	0	0	0	0	0
1999	COLL1	112.666	0	0	0	0	0	0	0	0.134	0	0	0	0	0	0	0	0	0	0	0	0	0	0.006	0	0	0	0	0	0	0	0	0	0	0	0	0	0.52	0	0	32.954	0	0	13.133	0	0	0	0	0	0	0	0	0	29.798	0	0	0	0	0	0	0	0	0	0	0	0	5.118	0.17	30.833	0	0	0	0	0	0	0	0	0	0	0	0	0	0	0	0	0
2000	COLL1	190.381	0	0	0	0	0	0	0	2.974	0	0	0	0	0	0	0	0	0	0	0	0	0	0	0	0	0	0	0	0	0	0	0	0	0	0	0	0	0	0	2.458	0	0	7.271	0	0	0	0	0	0	0	0	0	73.397	0	0	0	0	0	0	0	0	0	0	0	0	6.558	0.761	96.962	0	0	0	0	0	0	0	0	0	0	0	0	0	0	0	0	0
2001	COLL1	155.067	0	0	0	0	0	0	0	2.579	0	0	0	0	0	0	0	0	0	0	0	0	0	83.236	0	0	0	0	0	0	0	0	0	0	0	0	0	0	0	0	19.221	0	0	4.354	0	0	0	0	0	0	0	0	0	27.223	0	0	0	0	0	0	0	0	0	0	0	0	2.146	2.202	14.106	0	0	0	0	0	0	0	0	0	0	0	0	0	0	0	0	0
2002	COLL1	1.889	0	0	0	0	0	0	0	0.121	0	0	0	0	0	0	0	0	0	0	0	0	0	0	0	0	0	0	0	0	0	0	0	0	0	0	0	0	0	0	0	0	0	0.685	0	0	0	0	0	0	0	0	0	0	0	0	0	0	0	0	0	0	0	0	0	0	0.089	0.043	0.951	0	0	0	0	0	0	0	0	0	0	0	0	0	0	0	0	0
2003	COLL1	592.326	0	0	0	0	0	0	0	13.528	0	0	0	0	0	0.296	0	0	0.802	0	0	0	0	5.036	0	0	0	0	0	0	0	0	0	0	0	0	0	1.8	0	0	64.369	0	0	20.613	223.912	0	0	0	0	0	0	0	0	110.989	0	0	0	0	0	0	0	0	0	0	0	0	60.731	3.638	86.612	0	0	0	0	0	0	0	0	0	0	0	0	0	0	0	0	0
2004	COLL1	656.098	0.008	0	0.583	0	0	0	0	3.38	0	0	0	0	0	15.744	0	0	0	0	0	0	0	0.425	0	0	0.68	0	0	0	0	0.373	0.226	0.058	0	0	0	0.01	0	0	191.596	0	0	40.605	7.893	0	0	0	0	0	0.05	0	0	158.109	0	0	0	0	0	0	0	7.421	0	0.007	0	0	193.805	0.822	34.303	0	0	0	0	0	0	0	0	0	0	0	0	0	0	0	0	0
2005	COLL1	901.235	0	0	0	0	0	0	0	1.544	0	0	0	0	0	0	0	0	54.735	0	0	0	0	81.104	0	0	0	0	0.146	0	0	0	0	0	0	0	0	9	0	0	7.719	0	0	13.491	64.379	0	0	0	0	0	0	0	0	506.837	0	0	0	0	0	0	0	0	0	0	0	0	96.69	0	62.938	0	0	0	0	0	0	0	0	0	0	0	1.865	0	0.787	0	0	0
2006	COLL1	32.912	0	0	0	0	0	0	0	0	0	0	0	0	0	0	0	0	0	0	0	0	0	0	0	0	0	0	0	0	0	0	0	0	0	0	0	2.16	0	0	23.679	0	0	0.909	0	0	0	0	0	0	0	0	0	0	0	0	0	0	0	0	0	0	0	0	0	0	0.889	0	5.275	0	0	0	0	0	0	0	0	0	0	0	0	0	0	0	0	0
2007	COLL1	2980.313	0	0	0	0	0	0	0	0	0	0	0	0	0	0	0	0	380.649	0	0	0	0	0	0	0	0	22.803	0	0	0	0	0	0	0	0	111.187	212.657	0	0	314.725	0	0	26.491	1236.882	0	0	0	0	0	0	0	0	523.308	0	0	0	0	0	0	0	0	0	0	0	0	105.103	0	46.508	0	0	0	0	0	0	0	0	0	0	0	0	0	0	0	0	0
2008	COLL1	6.57	0	0	0	0	0	0	0	0	0	0	0	0	0	0	0	0	0	0	0	0	0	0	0	0	0	0	0	0	0	0	0	0	0	0	0	4.595	0	0	1.306	0	0	0	0	0	0	0	0	0	0	0	0	0	0	0	0	0	0	0	0	0	0	0	0	0	0.087	0	0.582	0	0	0	0	0	0	0	0	0	0	0	0	0	0	0	0	0
1989	COLL2	93.242	0	0	0	0	0	0	0	0	0	0	0	0	0	0.037	0	0	0	0	0	0	0	0	0	0	0	0	0	0	0	0	0	0	0	0	0	0	0	0	58.352	0	0	1.528	0	0	0	0	0	0	0	0	0	15.818	0	0	0	0	0	0	0	0	0	0	0	0.034	6.635	0	0	0	0	10.838	0	0	0	0	0	0	0	0	0	0	0	0	0	0
1990	COLL2	991.326	0	0	0	0	10.681	0	0	0	0	0	0	0	0	0	0	0	2.034	0	0	0	0	1.861	0	0	0	0	0	0	0	0	0	0	0	0	0.103	14.531	0	0	110.484	0	0	47.49	622.542	0	0	0	0	0	0	0	0	110.6	0	0	0	0	0	0	0	0	0	0	0	0	42.726	0	0	0	0	28.274	0	0	0	0	0	0	0	0	0	0	0	0	0	0
1991	COLL2	4.327	0	0	0	0	0	0	0	0	0	0	0	0	0	0	0	0	0	0	0	0	0	0	0	0	0	0	0	0	0	0	0	0	0	0	0	1.504	0	0	0.434	0	0	0	0	0	0	0	0	0	0	0	0	1.805	0	0	0	0	0	0	0	0	0	0	0	0	0.584	0	0	0	0	0	0	0	0	0	0	0	0	0	0	0	0	0	0	0
1992	COLL2	1997.488	0	0	0	0	311.094	0	0	0	0	0	0	0	0	0	0	0	31.335	0	0	0	0	0.399	0	0	0	0	0	0	0	0	0	0	0	0	0	108.936	0	0	170.973	0	0	56.542	768.445	0	0	0	0	0	0	0	0	379.938	0	0	0	0	0	0	0	0	0	0.003	0	0	111.695	0	0	0	0	58.128	0	0	0	0	0	0	0	0	0	0	0	0	0	0
1993	COLL2	66.509	0	0	0	0	0	0	0	0	0	0	0	0	0	0.032	0	0	0	0	0	0	0	5.45	0	0	0	0	0	0	0	0	0	0	0	0	0	12.202	0	0	7.932	0	0	0.114	5.278	0	0	0	0	0	0	0	0	33.059	0	0	0	0	0	0	0	0	0	0	0	0	1.671	0	0	0	0	0.771	0	0	0	0	0	0	0	0	0	0	0	0	0	0
1994	COLL2	0.17	0	0	0	0	0	0	0	0	0	0	0	0	0	0	0	0	0	0	0	0	0	0	0	0	0	0	0	0	0	0	0	0	0	0	0	0	0	0	0.17	0	0	0	0	0	0	0	0	0	0	0	0	0	0	0	0	0	0	0	0	0	0	0	0	0	0	0	0	0	0	0	0	0	0	0	0	0	0	0	0	0	0	0	0	0
1995	COLL2	178.497	0	0	0	0	0	0	0	0	0	0	0	0	0	0.614	0	0	0.064	0	0	0	0	2.951	0	0	0	0	0	0	0	0	0	0	0	0	0	0.251	0	0	18.044	0	0	1.446	132.364	0	0	0	0.269	0	0	0	0	5.941	0	0	0	0	0	0	0	0	0	0	0	0	1.38	0	15.173	0	0	0	0	0	0	0	0	0	0	0	0	0	0	0	0	0
1996	COLL2	0.239	0	0	0	0	0	0	0	0	0	0	0	0	0	0	0	0	0	0	0	0	0	0	0	0	0	0	0	0	0	0	0	0	0	0	0	0	0	0	0.233	0	0	0.002	0	0	0	0	0	0	0	0	0	0	0	0	0	0	0	0	0	0	0	0	0	0	0.004	0	0	0	0	0	0	0	0	0	0	0	0	0	0	0	0	0	0	0
1997	COLL2	2886.054	0	0	0	0	0	0	0	0	0	0	0	0	0	0	0	0	38.429	0	0	0	0	0	0	0	0	5.218	0	0	0	0	0	0	0	0	0.151	20.414	0	0	336.736	0	0	89.559	294.728	0	0	0	0	0	0	0	0	1888.006	0	0	0	0	0	0	0	0	0	0	0	0	123.651	0	89.162	0	0	0	0	0	0	0	0	0	0	0	0	0	0	0	0	0
1998	COLL2	513.889	0	0	0	0	0	0	0	0	0	0	0	0	0	0	0	0	0	0	0	0	0	0	0	0	0	0	0	0	0	0	0	0	0	0	0	26.8	0	0	158.844	0	0	20.868	0	0	0	0	0	0	0	0	0	270.66	0	0	0	0	0	0	0	0	0	0	0	0	18.926	0	17.791	0	0	0	0	0	0	0	0	0	0	0	0	0	0	0	0	0
1999	COLL2	70.201	0	0	0	0	0	0	0	0	0	0	0	0	0	0	0	0	0	0	0	0	0	0.749	0	0	0	0	0	0.037	0	0	0	0	0	0	0	24.992	0	0	25.917	0	0	2.286	0	0	0	0	0	0	0	0	0	7.944	0	0	0	0	0	0	0	0	0	0	0	0	2.823	0	5.453	0	0	0	0	0	0	0	0	0	0	0	0	0	0	0	0	0
2000	COLL2	284.271	0	0	0	0	0.158	0	0	0	0	0	0	0	0	0	0	0	0	0	0	0	0	0	0	0	0	0	0	0	0	0	0	0	0	0	0	12.944	0	0	1.704	0	0	24.172	0	0	0	0	0	0	0	0	0	219.713	0	0	0	0	0	0	0	0	0	0	0	0	25.58	0	0	0	0	0	0	0	0	0	0	0	0	0	0	0	0	0	0	0
2001	COLL2	88.36	0	0	0	0	0.099	0	0	0	0	0	0	0	0	0.002	0	0	0	0	0	0	0	36.635	0	0.001	0	0	0	0	0	0	0	0	0	0	0	20.374	0	0	0	0	0	0.438	0	0	0	0	0	0	0	0	0	28.341	0	0	0	0	0	0	0	0	0	0	0	0	0.577	0	1.893	0	0	0	0	0	0	0	0	0	0	0	0	0	0	0	0	0
2003	COLL2	628.361	0	0	0	0	0	0	0	0	0	0	0	0	0	0	0	0	0.144	0	0	0	0	0	0	0	0	6.222	0	0	0	0	0	0	0	0	0	11.48	0	0	199.257	0	0	8.705	140.203	0	0	0	0	0	0	0	0	169.691	0	0	0	0	0	0	0	0	0	0	0	0	51.473	0	41.186	0	0	0	0	0	0	0	0	0	0	0	0	0	0	0	0	0
2004	COLL2	714.466	0.006	0	0	0	0	0	0	0	0	0	0	0	0	0.487	0	0	0	0	0	0.089	0	0.073	0	0	0	0	0	0	0	0	0	0	0.03	0	0	4.632	0	0	359.834	0	0	36.375	2.843	0	0	0	0	0	0.027	0	0	141.158	0	0	0	0	0	0	0	3.073	0	0.174	0	0.523	120.122	0	45.02	0	0	0	0	0	0	0	0	0	0	0	0	0	0	0	0	0
2005	COLL2	901.767	0	0	0	0	0	0	0	0	0	0	0	0	0	0	0	0	0.112	0	0	0	0	68.466	0	0	0	0	38.481	0	0	0	0	0	0	0	0	49.52	0	0	38.684	0	0	16.126	106.048	0	0	0	0	0	0	0	0	486.561	0	0	0	0	0	0	0	0	0	0	0	0	35.486	0	62.283	0	0	0	0	0	0	0	0	0	0	0	0	0	0	0	0	0
2006	COLL2	98.77	0	0	0	0	0	0	0	0	0	0	0	0	0	0	0	0	0	0	0	0	0	0	0	0	0	0	0	0	0	0	0	0	0	0	0	43.512	0	0	34.16	0	0	0.887	0	0	0	0	0	0	0	0	0	1.098	0	0	0	0	0	0	0	0	0	0	0	0	3.421	0	15.692	0	0	0	0	0	0	0	0	0	0	0	0	0	0	0	0	0
2007	COLL2	3137.671	0	0	0	0	0	0	0	0	0	0	0	0	0	0	0	14.083	165.332	0	0	0	0	0	0	0	0	60.325	0	0	0	0	0	0	0	0	0	627.81	0	0	901.078	0	0	25.698	359.708	0	0	0	0	0	0	0	0	746.741	0	0	0	0	0	0	0	0	0	0	0	0	95.921	0	140.975	0	0	0	0	0	0	0	0	0	0	0	0	0	0	0	0	0
2008	COLL2	2.42	0	0	0	0	0	0	0	0	0	0	0	0	0	0	0	0	0	0	0	0	0	0	0	0	0	0	0	0	0	0	0	0	0	0	0	0.658	0	0	1.008	0	0	0.12	0	0	0	0	0	0	0	0	0	0	0	0	0	0	0	0	0	0	0	0	0	0	0.129	0	0.505	0	0	0	0	0	0	0	0	0	0	0	0	0	0	0	0	0
1989	COLL3	41.242	0	0	0	0	0	0	0	0	0	0	0	0	0	0.01	0	0	0	0	0	0	0	0	0	0	0	0	0	0	0	0	0	0	0	0	0	0	0	0	3.317	0	0	0.255	0	0	0	0	0	0	0	0	0	0.834	0	0	0	0	0	0	0	0	0	0	0	0.014	36.812	0	0	0	0	0	0	0	0	0	0	0	0	0	0	0	0	0	0	0
1990	COLL3	1444.364	0	0	0	0	1.649	0	0	0	0	0	0	0	0	0	0	0	1.058	0	0	0	0	0	0	0	0	0	0	0	0	0	0	0	0	0	0.003	7.712	0	0	70.413	0	0	25.762	1259.694	0	0	0	0	0	0	0	0.043	19.669	0	0	0	0	0	0	0	0	0	0	0	0	58.361	0	0	0	0	0	0	0	0	0	0	0	0	0	0	0	0	0	0	0
1991	COLL3	0.623	0	0	0	0	0	0	0	0	0	0	0	0	0	0	0	0	0	0	0	0	0	0	0	0	0	0	0	0	0	0	0	0	0	0	0	0.296	0	0	0.174	0	0	0	0	0	0	0	0	0	0	0	0	0.139	0	0	0	0	0	0	0	0	0	0	0	0	0.014	0	0	0	0	0	0	0	0	0	0	0	0	0	0	0	0	0	0	0
1992	COLL3	1985.735	0	0	0	0	130.274	0	0	0	0	0	0	0	0	0	0	0	0.882	0	0	0	0	0	0	0	0	0	0	0	0	0	0	0	0	0	0.057	80.731	0	0	134.069	0	0	47.178	1282.224	0	0	0	0	0	0	0	0	131.263	5.28	0	0	0	0	0	0	0	0	0	0	0	173.742	0	0	0	0	0	0	0	0	0	0	0.035	0	0	0	0	0	0	0	0
1993	COLL3	86.48	0	0	0	0	0	0	0	0	0	0	0	0	0	0.23	0	0	0	0	0	0	0	9.808	0	0	0	0	0	0	0	0	0	0	0	0	0	5.202	0	0	13.364	0	0	0.25	29.804	0	0	0	0	0	0	0	0	21.932	0	0	0	0	0	0	0	0	0	0	0	0	5.89	0	0	0	0	0	0	0	0	0	0	0	0	0	0	0	0	0	0	0
1995	COLL3	4.508	0	0	0	0	0	0	0	0	0	0	0	0	0	0.22	0	0	0	0	0	0	0	0	0	0	0	0	0	0	0	0	0	0	0	0	0	0	0	0	0.517	0	0	0.358	0	0	0	0	0	0	0	0	0	3.019	0	0	0	0	0	0	0	0	0	0	0	0	0.394	0	0	0	0	0	0	0	0	0	0	0	0	0	0	0	0	0	0	0
1997	COLL3	2148.885	0	0	0	0	0	0.016	0	0	0	0	0	0	0	0	0	0	2.804	0	0	0	0	0	0	0	0	2.924	0	0	0	0	0	0	0	0	0.017	1.792	0	0	60.279	0	0	33.371	919.869	0	0	0	0	0	0	0	0	959.437	0	0	0	0	0	0	0	0	0	0	0	0	168.318	0	0	0	0	0	0	0	0	0	0	0.058	0	0	0	0	0	0	0	0
1998	COLL3	294.611	0	0	0	0	0	0	0	0	0	0	0	0	0	0	0	0	0	0	0	0	0	0	0	0	0	0	0	0	0	0	0	0	0	0	0	0	0	0	31.963	0	0	24.875	3.605	0	0	0	0	0	0	0	0	191.01	0	0	0	0	0	0	0	0	0	0	0	0	43.158	0	0	0	0	0	0	0	0	0	0	0	0	0	0	0	0	0	0	0
1999	COLL3	16.339	0	0	0	0	0	0	0	0	0.016	0	0	0	0	0	0	0	0	0	0	0	0	0.384	0	0	0	0	0	0	0	0	0	0	0	0	0	0	0	0	2.201	0	0	0.163	0	0	0	0	0	0	0	0	0	12.752	0	0	0	0	0	0	0	0	0	0	0	0	0.823	0	0	0	0	0	0	0	0	0	0	0	0	0	0	0	0	0	0	0
2000	COLL3	250.874	0	0	0	0	0	0	0	0	0	0	0	0	0	0	0	0	0	0	0	0	0	0	0	0	0	0	0	0	0	0	0	0	0	0	0	0	0	0	1.607	0	0	10.523	0	0	0	0	0	0	0	0	0	217.911	0	0	0	0	0	0	0	0	0	0	0	0	20.833	0	0	0	0	0	0	0	0	0	0	0	0	0	0	0	0	0	0	0
2001	COLL3	120.047	0	0	0	0	0.895	0	0	0	0	0	0	0	0	0.014	0	0	0	0	0	0	0	21.742	0	0	0	0	0	0	0	0	0	0	0	0	0	2.544	0	0	0	0	0	1.251	0.798	0	0	0	0	0	0	0	0	91.122	0	0	0	0	0	0	0	0	0	0	0	0	1.681	0	0	0	0	0	0	0	0	0	0	0	0	0	0	0	0	0	0	0
2002	COLL3	0.035	0	0	0	0	0	0	0	0	0	0	0	0	0	0	0	0	0	0	0	0	0	0	0	0	0	0	0	0	0	0	0	0	0	0	0	0	0	0	0	0	0	0.035	0	0	0	0	0	0	0	0	0	0	0	0	0	0	0	0	0	0	0	0	0	0	0	0	0	0	0	0	0	0	0	0	0	0	0	0	0	0	0	0	0	0
2003	COLL3	854.352	0	0	0	0	0	0	0	0	0	0	0	0	0	0	0	0	0	0	0	0	0	8.454	0	0	0	3.302	0	0	0	0	0	0	0	0	0	0.28	0	0	31.59	0	0	14.053	604.798	0	0	0	0	0	0	0	0	136.869	0	0	0	0	0	0	0	0	0	0	0	0	55.006	0	0	0	0	0	0	0	0	0	0	0	0	0	0	0	0	0	0	0
2004	COLL3	95.546	0	0	0	0	0	0	0	0	0	0	0	0	0	1.007	0	0	0	0	0	0.016	0	0.07	0	0	0	0	0	0	0	0	0	0	0	0	0	0	0	0	1.919	0	0	13.983	0	0	0	0	0	0	0	0	0	52.692	0	0	0	0	0	0	0	0	0	0	0	0	25.859	0	0	0	0	0	0	0	0	0	0	0	0	0	0	0	0	0	0	0
2005	COLL3	2181.514	0	0	0	0	0	0	0	0.302	0	0	0	0	0	0	0	0	0	0	0	0	0	58.181	0	0	0	0	29.39	0	0	0	0	0	0	0	0	0.128	0	0	4.472	0	0	15.967	1747.414	0	0	0	0	0	0	0	0	212.021	0	0	0	0	0	0	0	0	0	0	0	0	113.639	0	0	0	0	0	0	0	0	0	0	0	0	0	0	0	0	0	0	0
2006	COLL3	22.442	0	0	0	0	0	0	0	0	0	0	0	0	0	0	0	0	0	0	0	0	0	0	0	0	0	0	0	0	0	0	0	0	0	0	0	0.096	0	0	11.201	0	0	2.736	0	0	0	0	0	0	0	0	0	0	0	0	0	0	0	0	0	0	0	0	0	0	8.409	0	0	0	0	0	0	0	0	0	0	0	0	0	0	0	0	0	0	0
2007	COLL3	2045.07	0	0	0	0	0	0	0	0	0	0	0	0	0	0	0	3.214	78.728	0	0	0	0	0	0	0	0	130.762	0	0	0	0	0	0	0	0	0	159.113	0	0	135.858	0	0	14.4	1085.534	0	0	0	0	0	0	0	0	339.151	0	0	0	0	0	0	0	0	0	0	0	0	96.097	0	0	0	0	0	0	0	0	0	0	0	0	0	0	2.213	0	0	0	0
2008	COLL3	2.78	0	0	0	0	0	0	0	0	0	0	0	0	0	0	0	0	0	0	0	0	0	0	0	0	0	0	0	0	0	0	0	0	0	0	0	0.808	0	0	0	0	0	0.143	0	0	0	0	0	0	0	0	0	0	0	0	0	0	0	0	0	0	0	0	0	0	1.829	0	0	0	0	0	0	0	0	0	0	0	0	0	0	0	0	0	0	0
1989	COLL4	436.831	0	0	0	0	0	0	0	0	0	0	0	0	0	0	0	0	0	0	0	0	0	0	0	0	0	0	0	0	0	0	0	0	0	0	0	0	0	0	334.478	0	0	0.339	0.21	0	0	0	0	0	0	0	0	95.547	0	0	0	0	0	0	0	0	0	0	0	0	3.47	0	0	0	0	2.787	0	0	0	0	0	0	0	0	0	0	0	0	0	0
1990	COLL4	1047.834	0	0	0	0	9.306	0	0	0	0	0	0	0	0	0	0	0	4.3	0	0	0	0	0.082	0	0	0	0	0	0	0	0	0	0	0	0	0.044	2.147	0	0	196.033	0	0	3.704	480.352	0	0	0	0	0	0	0	0	324.94	0	0	0	0	0	0	0	0	0	0	0	0	24.143	0.406	0	0	0	2.377	0	0	0	0	0	0	0	0	0	0	0	0	0	0
1991	COLL4	3.362	0	0	0	0	0	0	0	0	0	0	0	0	0	0	0	0	0	0	0	0	0	0	0	0	0	0	0	0	0	0	0	0	0	0	0	0.216	0	0	0.26	0	0	0	0	0	0	0	0	0	0	0	0	2.594	0	0	0	0	0	0	0	0	0	0	0	0	0.048	0.023	0	0	0	0.221	0	0	0	0	0	0	0	0	0	0	0	0	0	0
1992	COLL4	1313.785	0	0	0	0	92.963	0	0	0	0	0	0	0	0	2.759	0	0	69.824	0	0	0	0	1.271	0	0	0	0	0	0	0	0	0	0	0	0	0.817	40.264	0	0	338.273	0	0	6.052	198.04	0	0	0	0	0	0	0	0	486.653	0	0	0	0	0	0	0	0	0	0	0	0	46.653	6.43	0	0	0	23.786	0	0	0	0	0	0	0	0	0	0	0	0	0	0
1993	COLL4	193.868	0	0	0	0	0	0	0	0	0	0	0	0	0	0.031	0	0	0.072	0	0	0	0	21.925	0	0	0	0	0	0	0	0	0	0	0	0	0	3.656	0	0	32.927	0	0	0.024	2.801	0	0	0	0	0	0	0	0	101.742	0	0	0	0	0	0	0	0	0	0	0	0	0.709	0.861	0	0	0	29.12	0	0	0	0	0	0	0	0	0	0	0	0	0	0
1994	COLL4	0.126	0	0	0	0	0	0	0	0	0	0	0	0	0	0	0	0	0	0	0	0	0	0	0	0	0	0	0	0	0	0	0	0	0	0	0	0	0	0	0.073	0	0	0	0	0	0	0	0	0	0	0	0	0	0	0	0	0	0	0	0	0	0	0	0	0	0	0.002	0	0	0	0.051	0	0	0	0	0	0	0	0	0	0	0	0	0	0
1995	COLL4	808.661	0	0	0	0	0	0	0	0	0	0	0	0	0	0.33	0	0	7.66	0	0	0	0	12.856	0	0	0	0	0	0.849	0	0	0	0	0	0	0	4.322	0	0	25.839	0	0	0.247	742.439	0	0	0	0	0	0	0	0	6.103	0	0	0	0	0	0	0	0	0	0	0	0	1.169	0.044	6.803	0	0	0	0	0	0	0	0	0	0	0	0	0	0	0	0	0
1996	COLL4	0.279	0	0	0	0	0	0	0	0	0	0	0	0	0	0	0	0	0	0	0	0	0	0	0	0	0	0	0	0	0	0	0	0	0	0	0	0	0	0	0	0	0	0	0	0	0	0	0	0	0	0	0	0	0	0	0	0	0	0	0	0	0	0	0	0	0	0	0.279	0	0	0	0	0	0	0	0	0	0	0	0	0	0	0	0	0
1997	COLL4	2521.651	0	0	0	0	0	0	0	0	0	0	0	0	0	0	0	0	41.992	0	0	0	0	0	0	0	0	13.349	0	0	0	0	0	0	0	0	0.166	14.824	0	0	329.407	0	0	6.098	784.377	0	0	0	0	0	0	0	0	1069.266	0	0	0	0	0	0	0	0	0	0	0	0	71.665	2.163	188.344	0	0	0	0	0	0	0	0	0	0	0	0	0	0	0	0	0
1998	COLL4	520.731	0	0	0	0	0	0	0	0	0	0	0	0	0	0	0	0	0	0	0	0	0	0	0	0	0	0.056	0	0	0	0	0	0	0	0	0	36.448	0	0	270.024	0	0	3.701	0.01	0	0	0	0	0	0	0	0	135.527	0	0	0	0	0	0	0	0	0	0	0	0	7.996	0.657	66.312	0	0	0	0	0	0	0	0	0	0	0	0	0	0	0	0	0
1999	COLL4	148.283	0	0	0	0	0	0	0	0	0	0	0	0	0	0	0	0	0	0	0	0	0	0	0	0	0	0	0	0	0	0	0	0	0	0	0	7.456	0	0	47.604	0	0	1.434	0	0	0	0	0	0	0	0	0	8.384	0	0	0	0	0	0	0	0	0	0	0	0	3.122	0.116	80.167	0	0	0	0	0	0	0	0	0	0	0	0	0	0	0	0	0
2000	COLL4	134.323	0	0	0	0	0	0	0	0	0	0	0	0	0	0	0	0	0	0	0	0	0	0	0	0	0	0	0	0	0	0	0	0	0	0	0	4.6	0	0	3.989	0	0	1.071	0	0	0	0	0	0	0	0	0	19.135	0	0	0	0	0	0	0	0	0	0	0	0	4.496	0	101.032	0	0	0	0	0	0	0	0	0	0	0	0	0	0	0	0	0
2001	COLL4	181.881	0	0	0	0	0	0	0	0.025	0	0	0	0	0	0	0	0	0	0	0	0	0	34.843	0	0	0	0	0	0	0	0	0	0	0	0	0	5.227	0	0	48.462	0	0	0.052	0	0	0	0	0	0	0	0	0	26.528	0	0	0	0	0	0	0	0	0	0	0	0	0.709	0.034	66.001	0	0	0	0	0	0	0	0	0	0	0	0	0	0	0	0	0
2002	COLL4	12.468	0	0	0	0	0	0	0	0.001	0	0	0	0	0	0	0	0	0	0	0	0	0	0	0	0	0	0	0	0	0	0	0	0	0	0	0	0	0	0	1.464	0	0	0.63	0.02	0	0	0	0	0	0	0	0	7.114	0	0	0	0	0	0	0	0	0	0	0	0	0.537	0	2.702	0	0	0	0	0	0	0	0	0	0	0	0	0	0	0	0	0
2003	COLL4	1020.179	0	0	0	0	0	0	0	0.058	0	0	0	0	0	0	0	0	0	0	0	0	0	1.071	0	0	0	0.119	0	0	0	0	0	0	0	0	0	0.808	0	0	311.943	0	0	3.047	154.891	0	0	0	0	0	0	0	0	111.231	0	0	0	0	0	0	0	0	0	0	0	0	38.566	0.348	397.689	0	0	0	0	0	0	0	0	0.408	0	0	0	0	0	0	0	0
2004	COLL4	912.399	0	0	0.056	0	0	0	0	0	0	0	0	0	0	3.617	0	0	0	0	0	0.064	0	0.561	0	0	0	0	0	0	0	0	0	0	0	0	0	0	0	0	535.484	0	0	9.255	0.884	0	0	0	0	0	0	0	0	110.187	0	0	0	0	0	0	0	0.821	0	0	0	0	56.689	0.579	194.202	0	0	0	0	0	0	0	0	0	0	0	0	0	0	0	0	0
2005	COLL4	1333.201	0	0	0	0	0	0	0	0	0	0	0	0	0	0	0	0	18.592	0	0	0	0	12.82	0	0	0	0	0	0	0	0	0	0	0	0	0	1.44	0	0	177.893	0	0	10.214	300.207	0	0	0	0	0	0	0	0	436.871	0	0	0	0	0	0	0	0	0	0	0	0	32.332	0	342.832	0	0	0	0	0	0	0	0	0	0	0	0	0	0	0	0	0
2006	COLL4	195.265	0	0	0	0	0	0	0	0	0	0	0	0	0	0	0	0	0	0	0	0	0	0	0	0	0	0	0	0	0	0	0	0	0	0	0	2.6	0	0	135.381	0	0	0.003	0	0	0	0	0	0	0	0	0	0.125	0	0	0	0	0	0	0	0	0	0	0	0	0.2	0	56.956	0	0	0	0	0	0	0	0	0	0	0	0	0	0	0	0	0
2007	COLL4	2827.827	0	0	0	0	0	0	0	0	0	0	0	0	0	0.064	0	6.501	290.228	0	0	0	0	0	0	0	0	5.931	0	0	0	0	0	0	0	0	0	111.839	0	0	1173.695	0	0	1.216	321.355	0	0	0	0	0	0	0	0	599.965	0	0	0	0	0	0	0	0	0	0	0	0	11.745	0	305.288	0	0	0	0	0	0	0	0	0	0	0	0	0	0	0	0	0
2008	COLL4	25.705	0	0	0	0	0	0	0	0	0	0	0	0	0	0	0	0	0	0	0	0	0	0	0	0	0	0	0	0	0	0	0	0	0	0	0	2.41	0	0	5.058	0	0	0	0	0	0	0	0	0	0	0	0	0	0	0	0	0	0	0	0	0	0	0	0	0	0	0	18.237	0	0	0	0	0	0	0	0	0	0	0	0	0	0	0	0	0
1989	SMAL	187.459	0	0	0	0	0	0	0	25.272	0	0	0	0	0	0	7.273	0	0	0	0	0	0	0	0	0	0	0	0	0	0	0	0	0	0	0	0	0	0	0	0	0	0	0.036	0	0	0	0	0	0	0	0	0	150.137	0	0	0	0	0	0	0	0	0	0	0	0	4.726	0.015	0	0	0	0	0	0	0	0	0	0	0	0	0	0	0	0	0	0
1990	SMAL	417.935	0	0	0	0	0	0	0	10.486	0	0	0	0	0	0	87.031	0	0.002	0	0	0	0	0	0	0	0	0	0	0	0	0	0	0	0	0	0	0	0	0	0	0	0	0	0	0	0	0	0	0	0	0	0	316.811	0	0	0	0	0	0	0	0	0	0	0	0	3.552	0.012	0	0	0	0	0	0	0	0	0	0.041	0	0	0	0	0	0	0	0
1991	SMAL	48.088	0	0	0	0	0	0	0	1.477	0	0	0	0	0	0	6.612	0	0	0	0	0	0	0	0	0	0	0	0	0	0	0	0	0	0	0	0	0	0	0	0	0	0	0	0	0	0	0	0	0	0	0	0	39.283	0	0	0	0	0	0	0	0	0	0	0	0	0.611	0	0	0	0	0	0	0	0	0	0	0.105	0	0	0	0	0	0	0	0
1992	SMAL	862.908	0	0	0	0	0	0	0	5.029	0	0	0	0	0	0.191	12.379	0	0	0	0	0	0	0	0	0	0	0	0	0	0	0	0	0	0	0	0	0	0	0	0	0	0	0.494	0	0	0	0	0	0	0	0	0	830.326	0	0	0	0	0	0	0	0	0	0	0	0	12.79	1.699	0	0	0	0	0	0	0	0	0	0	0	0	0	0	0	0	0	0
1993	SMAL	331.889	0	0	0	0	0	0	0	20.663	0	0	0	0	0	0	20.95	0.004	0	0	0	0	0	24.889	0	0	0	0	0	0	0	0	0	0	0	0	0	0	0	0	0	0	0	0.436	0	0	0	0	0	0	0	0	0	256.59	0	0	0	0	0	0	0	0	0	0	0	0	4.771	3.089	0	0.497	0	0	0	0	0	0	0	0	0	0	0	0	0	0	0	0
1994	SMAL	17.238	0	0	0	0	0	0	0	0.223	0	0	0	0	0	0	0	0	0	0	0	0	0	0	0	0	0	0	0	0	0	0	0	0	0	0	0	0	0	0	0	0	0	0	0	0	0	0	0	0	0	0	0	16.996	0	0	0	0	0	0	0	0	0	0	0	0	0.019	0	0	0	0	0	0	0	0	0	0	0	0	0	0	0	0	0	0	0
1995	SMAL	519.41	0	0	0	0	0	0	0	2.051	0	0	0	0	0	0	0	0	0.583	0	0	0	0	410.327	0	0	0	0	0	0	0	0	0	0	0	0	0	0	0	0	0	0	0	0.018	0.72	0	0	0	0	0	0	0	0	99.849	0	0	0	0	0	0	0	0	0	0	0	0	0.741	0	0	4.975	0	0	0	0	0	0	0	0.146	0	0	0	0	0	0	0	0
1996	SMAL	3.199	0	0	0	0	0	0	0	0.203	0	0	0	0	0	0	0	0	0	0	0	0	1.039	0	0	0	0	0	0	0	0	0	0	0	0	0	0	0	0	0	0	0	0	0	0	0	0	0	0	0	0	0	0	1.926	0	0	0	0	0	0	0	0	0	0	0	0	0	0.031	0	0	0	0	0	0	0	0	0	0	0	0	0	0	0	0	0	0
1997	SMAL	1596.484	0	0	0	0	0	0	0	4.727	0	0	0	0	0	0	0.083	0	1.75	0	0	0	0	2.407	0	0	0	0	0	0	0	0	0	0	0	0	0	0	0	0	0	0	0	1.216	2.101	0	0	0	0	0	0	0	0	1575.977	0	0	0	0	0	0	0	0	0	0	0	0	8.127	0.096	0	0	0	0	0	0	0	0	0	0	0	0	0	0	0	0	0	0
1998	SMAL	51.746	0	0	0	0	0	0	0	0.319	0	0	0	0	0	0	1.157	0	0	0	0	0	0	0.662	0	0	0	0	0	0	0	0	0	0	0	0	0	0	0	0	0	0	0	0.116	0	0	0	0	0	0	0	0	0	49.326	0	0	0	0	0	0	0	0	0	0	0	0	0.087	0.079	0	0	0	0	0	0	0	0	0	0	0	0	0	0	0	0	0	0
1999	SMAL	41.965	0	0	0	0	0	0	0	0.196	0	0	0	0	0	0	0.083	0	0	0	0	0	0.924	0	0	0	0	0	0	0	0	0	0	0	0	0	0	0	0	0	0	0	0	0	0	0	0	0	0	0	0	0	0	40.705	0	0	0	0	0	0	0	0	0	0	0	0	0.026	0.031	0	0	0	0	0	0	0	0	0	0	0	0	0	0	0	0	0	0
2000	SMAL	281.148	0	0	0	0	0	0	0	0.436	0	0	0	0	0	0	0	0	0.018	0	0	0	0	0.051	0	0	0	0	0	0	0	0	0	0	0	0	0	0	0	0	0	0	0	0	0.3	0	0	0	0	0	0	0	0	279.204	0	0	0	0	0	0	0	0	0	0.014	0	0	0.797	0.328	0	0	0	0	0	0	0	0	0	0	0	0	0	0	0	0	0	0
2001	SMAL	213.189	0	0	0	0	0	0	0	0.264	0	0	0	0	0	0	0	0	0	0	0	0	0.883	25.516	0	0	0	0	0	0	0.75	0	0	0	0	0	0	0	0	0	0	0	0	0.298	0	0	0	0	0	0	0	0	0	179.37	0	0	0	0	0	0	0	0	0	0	0	0	0.942	2.206	2.96	0	0	0	0	0	0	0	0	0	0	0	0	0	0	0	0	0
2002	SMAL	363.938	0	0	0	0	0	0	0	0.077	0	0	0	0	0	0	0	0	0	0	0	0	0	0	0	0	0	0	0	0	0.938	0	0	0	0	0	0	0	0	0	0	0	0	0.027	2.201	0	0	0	0	0	0	0	0	359.533	0	0	0	0	0	0	0	0	0	0	0	0	1.095	0.058	0	0	0	0	0.009	0	0	0	0	0	0	0	0	0	0	0	0	0
2003	SMAL	480.751	0	0	0	0	0	0	0	0.073	0	0	0	0	0	0	0	0	0	0	0	0	0	2.142	0	0	0	0	0	0	0.75	0	0	0	0	0	0	0	0	0	0	0	0.027	0.036	15.857	0	0	0	0	0	0	0	0	458.146	0	0	0	0	0	0	0	0	0	0	0	0	3.466	0.104	0.145	0	0	0	0.005	0	0	0	0	0	0	0	0	0	0	0	0	0
2004	SMAL	899.686	2.53	1.496	0.658	0.564	0	0	0	0.014	0	0	0	0.06	0	0	1.025	0	0	0	0	0	0	0.009	0	0	0	0	0	0	6.75	0	0.452	0	0	0	0	0	0	0	0	0	0	0.976	0.14	0	0	0	0	0	0	0	0	842.693	2.374	0.014	0	0	0	0	0	0.233	0	0	0	0	32.433	0.769	1.246	0	0	0	0	0	0	0	0.028	0.023	0	0	0	0	5.199	0	0	0
2005	SMAL	659.495	0	0	0	0	0	0	0	0.313	0	0	0	0	0	0	40.247	0	0	0	0	0	0	63.338	0	0	0	0	0	0	0	0	0	0	0	0	0	0	0	8.08	0	0	0	0.071	23.71	0	0	0	0	0	0	0	0	497.362	0	0	0	0	0	0	0	0	0	0.052	0	0	25.688	0	0	0	0	0	0	0	0	0	0	0	0	0	0	0	0.634	0	0	0
2006	SMAL	2.907	0	0	0	0	0	0	0	0	0	0	0	0	0	0	0.902	0	0	0	0	0	0	0	0	0	0	0	0	0	0	0	0	0	0	0	0	0	0	0	0	0	0	0.468	0	0	0	0	0	0	0	0	0	0.431	0	0	0	0	0	0	0	0	0	0	0	0	0.016	0	1.09	0	0	0	0	0	0	0	0	0	0	0	0	0	0	0	0	0
2007	SMAL	124.017	0	0	0	0	0	0	0	0	0	0	0	0	0	0	0	0	2.62	0	0	0	0	0	0	0	0	0	0	0	0	0	0	0	0	0	0	0	0	57.649	0	0	0	0.468	3.802	0	0	0	0	0	0	0	0	2.619	0	0	0	0	0	0	0	0	0	0.006	0	0	52.068	0.386	4.362	0	0	0	0	0	0	0	0	0	0	0	0	0	0.037	0	0	0
2008	SMAL	1.058	0	0	0	0	0	0	0	0	0	0	0	0	0	0	0	0	0	0	0	0	0	0	0	0	0	0	0	0	0	0	0	0	0	0	0	0	0	0	0	0	0	0	0	0	0	0	0	0	0	0	0	0.16	0	0	0	0	0	0	0	0	0	0	0	0	0.898	0	0	0	0	0	0	0	0	0	0	0	0	0	0	0	0	0	0	0
1989	SMAL1	286.439	0	0	0	0	0	0	0	1.047	0	0	0	0	0	0	18.76	0	0	0	0	0	0	0	0	0	0	0	0	0	0	0	0	0	0	0	0	0	0	0	0	0	0	0.004	0	0	0	0	0	0	0	0	0	264.335	0	0	0	0	0	0	0	0	0	0	0	0	2.293	0	0	0	0	0	0	0	0	0	0	0	0	0	0	0	0	0	0	0
1990	SMAL1	524.419	0	0	0	0	0	0	0	6.474	0	0	0	0	0	0	24.751	0	0	0	0	0	0	0	0	0	0	0	0	0	0	0	0	0	0	0	0	0	0	0	0	0	0	1.149	0	0	0	0	0	0	0	0	0	490.658	0	0	0	0	0	0	0	0	0	0	0	0	1.387	0	0	0	0	0	0	0	0	0	0	0	0	0	0	0	0	0	0	0
1991	SMAL1	43.276	0	0	0	0	0	0	0	1.407	0	0	0	0	0	0	6.239	0	0	0	0	0	0	0	0	0	0	0	0	0	0	0	0	0	0	0	0	0	0	0	0	0	0	0.067	0	0	0	0	0	0	0	0	0	35.522	0	0	0	0	0	0	0	0	0	0	0	0	0.041	0	0	0	0	0	0	0	0	0	0	0	0	0	0	0	0	0	0	0
1992	SMAL1	678.245	0	0	0	0	0	0	0	51.921	0	0	0	0	0	0	0	0	6.451	0	0	0	0	7.798	0	0	0	0	0	0	0	0	0	0	0	0	0	0	0	0	0	0	0	4.494	69.902	0	0	0	0	0	0	0	0	536.043	0	0	0	0	0	0	0	0	0	0	0	0	1.636	0	0	0	0	0	0	0	0	0	0	0	0	0	0	0	0	0	0	0
1993	SMAL1	358.31	0	0	0	0	0	0	0	27.944	0	0	0	0	0	0	3.719	0	0	0	0	0	0	4.386	0	0	0	0	0	0	0	0	0	0	0	0	0	0	0	0	0	0	0	4.139	0.02	0	0	0	0	0	0	0	0	315.278	0	0	0	0	0	0	0	0	0	0	0	0	2.747	0.077	0	0	0	0	0	0	0	0	0	0	0	0	0	0	0	0	0	0
1994	SMAL1	6.867	0	0	0	0	0	0	0	0.077	0	0	0	0	0	0	0	0	0	0	0	0	0	0	0	0	0	0	0	0	0	0	0	0	0	0	0	0	0	0	0	0	0	0.105	0	0	0	0	0	0	0	0	0	6.632	0	0	0	0	0	0	0	0	0	0	0	0	0.053	0	0	0	0	0	0	0	0	0	0	0	0	0	0	0	0	0	0	0
1995	SMAL1	519.255	0	0	0	0	0.064	0	0	0.831	0	0	0	0	0	0	5.578	0	3.115	0	0	0	0	220.168	0	0	0	0	0	0	0	0	0	0	0	0	0	0	0	0	0	0	0	1.585	135.449	0	0	0	0	0	0	0	0	151.39	0	0	0	0	0	0	0	0	0	0.176	0	0	0.899	0	0	0	0	0	0	0	0	0	0	0	0	0	0	0	0	0	0	0
1996	SMAL1	1.235	0	0	0	0	0	0	0	0.791	0	0	0	0	0	0	0	0	0	0	0	0	0.042	0	0	0	0	0	0	0	0	0	0	0	0	0	0	0	0	0	0	0	0	0.066	0	0	0	0	0	0	0	0	0	0.259	0	0	0	0	0	0	0	0	0	0	0	0	0	0.077	0	0	0	0	0	0	0	0	0	0	0	0	0	0	0	0	0	0
1997	SMAL1	2533.794	0	0	0	0	0	0	0	7.933	0	0	0	0	0	0	0	0	0.601	0	0	0	0	2.054	0	0	0	0	0	0	0	0	0	0	0	0	0	0	0	0	0	0	0	0.931	25.384	0	0	0	0	0	0	0	0	2484.185	0.009	0	0	0	0	0	0	0	0	0	0	0.095	12.548	0.054	0	0	0	0	0	0	0	0	0	0	0	0	0	0	0	0	0	0
1998	SMAL1	37.138	0	0	0	0	0	0	0	0.956	0	0	0	0	0	0	0	0	0	0	0	0	0	0	0	0	0	0	0	0	0	0	0	0	0	0	0	0	0	0	0	0	0	0.156	0	0	0	0	0	0	0	0	0	35.639	0	0	0	0	0	0	0	0	0	0	0	0	0.387	0	0	0	0	0	0	0	0	0	0	0	0	0	0	0	0	0	0	0
1999	SMAL1	18.084	0	0	0	0	0	0	0	0.315	0	0	0	0	0	0.017	0	0	0	0	0	0	0	0.55	0	0	0	0	0	0	0	0	0	0	0	0	0	0	0	0	0	0	0	0.025	0	0	0	0	0	0	0	0	0	16.925	0	0	0	0	0	0	0	0	0	0	0	0	0.136	0.116	0	0	0	0	0	0	0	0	0	0	0	0	0	0	0	0	0	0
2000	SMAL1	127.123	0	0	0	0	0	0	0	0.03	0	0	0	0	0	0	0	0	0	0	0	0	0	0	0	0	0	0	0	0	0	0	0	0	0	0	0	0	0	0	0	0	0.053	0.036	0	0	0	0	0	0	0	0	0	124.093	0	0	0	0	0	0	0	0	0	0	0	0	2.602	0.309	0	0	0	0	0	0	0	0	0	0	0	0	0	0	0	0	0	0
2001	SMAL1	115.982	0	0	0	0	0	0	0	0	0	0	0	0	0	0	0	0	0	0	0	0	0	19.09	0	0	0	0	0	0	0	0	0	0	0	0	0	0	0	0	0	0	0	0	0	0	0	0	0	0	0	0	0	95.3	0	0	0	0	0	0	0	0	0	0	0	0	1.418	0.174	0	0	0	0	0	0	0	0	0	0	0	0	0	0	0	0	0	0
2002	SMAL1	340.412	0	0	0	0	0	0	0	0.005	0	0	0	0	0	0	0	0	0	0	0	0	0	0	0	0	0	0	0	0	0	0	0	0	0	0	0	0	0	0	0	0	0	0.152	0	0	0	0	0	0	0	0	0	338.272	0	0	0	0	0	0	0	0	0	0	0	0	1.925	0.058	0	0	0	0	0	0	0	0	0	0	0	0	0	0	0	0	0	0
2003	SMAL1	339.373	0	0	0	0	0	0	0	0	0	0	0	0	0	0.025	0	0	0	0	0	0	0	2.342	0	0	0	0	0	0	0	0	0	0	0	0	0	0	0	0	0	0	0	0.027	0.32	0	0	0	0	0	0	0	0	331.017	0	0	0	0	0	0	0	0	0	0	0	0	5.642	0	0	0	0	0	0	0	0	0	0	0	0	0	0	0	0	0	0	0
2004	SMAL1	1012.143	1.138	3.474	0	0.53	0.021	0	0	0.002	0	0	0	0	0	0.001	0	0	0	0	0	0	0.17	0.032	0	0	0	0	0	0	0	0	0	0	0.063	0	0	0	0	0	0	0	0	0.298	0.81	0	0	0	0	0	0	0	0	921.37	2.735	0	0	0	0	0	0	0.388	0	0	0	0	62.221	0	0	0	0	0	0	0	0	0	0.7	0	0	0	0	0	18.19	0	0	0
2005	SMAL1	667.656	0	0	0	0	0	0	0	0	0	0	0	0	0	0	0	0	0	0	0	0	0	38.113	0	0	0	0	0	0	0	0	0	0	0	0	0	0	0	0	0	0	0.601	0	149.368	0	0	0	0	0	0	0	0	455.184	0	0	0	0	0	0	0	0	0	0	0	0	21.671	0	0	0	0	0	0	0	0	0	0	0	0	0	0	0	2.719	0	0	0
2006	SMAL1	0.009	0	0	0	0	0	0	0	0	0	0	0	0	0	0	0	0	0	0	0	0	0	0	0	0	0	0	0	0	0	0	0	0	0	0	0	0	0	0	0	0	0	0	0	0	0	0	0	0	0	0	0	0.009	0	0	0	0	0	0	0	0	0	0	0	0	0	0	0	0	0	0	0	0	0	0	0	0	0	0	0	0	0	0	0	0
2007	SMAL1	141.098	0	0	0	0	0	0	0	0	0	0	0	0	0	0.922	0	0	0	0	0	0	0	0	0	0	0	0	0	0	0	0	0	0	0	0	0	0	0	0	0	0	0	8.385	93.192	0	0	0	0	0	0	0	0	1.806	0	0	0	0	0	0	0	0	0.021	0	0	0	35.526	0	0	0	0	0	0	0	0	0	0	0	0	0	0	0	1.246	0	0	0
2008	SMAL1	1.813	0	0	0	0	0	0	0	0	0	0	0	0	0	0	0	0	0	0	0	0	0	0	0	0	0	0	0	0	0	0	0	0	0	0	0	0	0	0	0	0	0	1.317	0	0	0	0	0	0	0	0	0	0.026	0	0	0	0	0	0	0	0	0	0	0	0	0.47	0	0	0	0	0	0	0	0	0	0	0	0	0	0	0	0	0	0	0
1989	SMAL2	306.429	0	0	0	0	0	0	0	17.191	0	0	0	0	0	0	17.248	0	0	0	0	0	0	0	0	0	0	0	0	0	0	0	0	0	0	0	0	0	0	0	0	0	0	0.075	0	0	0	0	0	0	0	0	0	220.498	0	0	0	0	0	0	0	0	0	0	0	0	51.247	0.17	0	0	0	0	0	0	0	0	0	0	0	0	0	0	0	0	0	0
1990	SMAL2	569.341	0	0	0	0	0	0	0	15.612	0	0	0	0	0	0	21.074	0	0	0	0	0	0	0	0	0	0	0	0	0	0	0	0	0	0	0	0	0	0	0	0	0	0	0.129	0.284	0	0	0	0	0	0	0	0	525.874	0	0	0	0	0	0	0	0	0	0	0	0	4.854	1.514	0	0	0	0	0	0	0	0	0	0	0	0	0	0	0	0	0	0
1991	SMAL2	49.149	0	0	0	0	0	0	0	1.692	0	0	0	0	0	0	3.182	0	0	0	0	0	0	0	0	0	0	0	0	0	0	0	0	0	0	0	0	0	0	0	0	0	0	0.08	0	0	0	0	0	0	0	0	0	43.98	0	0	0	0	0	0	0	0	0	0	0	0	0.145	0.065	0	0	0	0	0	0	0	0	0	0.005	0	0	0	0	0	0	0	0
1992	SMAL2	946.994	0	0	0	0	0	0	0	5.494	0	0	0	0	0	0	0	0	0	0	0	0	0	0.6	0	0	0	0	0	0	0	0	0	0	0	0	0	0	0	0	0	0	0	0.927	174.079	0	0	0	0	0	0	0	0	756.732	0	0	0	0	0	0	0	0	0	0	0	0	4.829	4.333	0	0	0	0	0	0	0	0	0	0	0	0	0	0	0	0	0	0
1993	SMAL2	399.469	0	0	0	0	0	0	0	34.05	0	0	0	0	0	0	0	0.099	0	0	0	0	0	8.868	0	0	0	0	0	0	0	0	0	0	0	0	0	0	0	0	0	0	0	0.143	1.311	0	0	0	0	0	0	0	0	351.381	0	0	0	0	0	0	0	0	0	0	0	0	3.405	0.212	0	0	0	0	0	0	0	0	0	0	0	0	0	0	0	0	0	0
1994	SMAL2	19.162	0	0	0	0	0	0	0	0	0	0	0	0	0	0	0	0	0	0	0	0	0	0	0	0	0	0	0	0	0	0	0	0	0	0	0	0	0	0	0	0	0	0	0	0	0	0	0	0	0	0	0	19.162	0	0	0	0	0	0	0	0	0	0	0	0	0	0	0	0	0	0	0	0	0	0	0	0	0	0	0	0	0	0	0	0
1995	SMAL2	382.046	0	0	0	0	0	0	0	1.778	0	0	0	0	0	0.011	0	0	0.067	0	0	0	0	112.589	0	0	0	0	0	0	0	0	0	0	0	0	0	0	0	0	0	0	0	0.127	110.841	0	0	0	0	0	0	0	0	151.736	0	0	0	0	0	0	0	0	0	0	0	0	2.173	0	0	0.684	0	0	0	0	0	0	0	2.04	0	0	0	0	0	0	0	0
1996	SMAL2	0.778	0	0	0	0	0	0	0	0.094	0	0	0	0	0	0	0	0	0	0	0	0	0.509	0	0	0	0	0	0	0	0	0	0	0	0	0	0	0	0	0	0	0	0	0	0	0	0	0	0	0	0	0	0	0.024	0	0	0	0	0	0	0	0	0	0	0	0	0.027	0.124	0	0	0	0	0	0	0	0	0	0	0	0	0	0	0	0	0	0
1997	SMAL2	2547.873	0	0	0	0	0	0	0	6.495	0	0	0	0	0	0.023	0	0	1.314	0	0	0	2.274	0	0	0	0	0	0	0	0	0	0	0	0	0	0	0	0	0	0	0	1.358	1.091	4.674	0	0	0	0	0	0	0	0	2515.941	0	0	0	0	0	0	0	0	0	0	0	0	9.849	4.854	0	0	0	0	0	0	0	0	0	0	0	0	0	0	0	0	0	0
1998	SMAL2	108.759	0	0	0	0	0	0	0	0.515	0	0	0	0	0	0	0	0	0	0	0	0	0	0	0	0	0	0	0	0	0	0	0	0	0	0	0	0	0	0	0	0	0	1.039	0	0	0	0	0	0	0	0	0	106.891	0	0	0	0	0	0	0	0	0	0	0	0	0.132	0.182	0	0	0	0	0	0	0	0	0	0	0	0	0	0	0	0	0	0
1999	SMAL2	36.29	0	0	0	0	0	0	0	0.062	0	0	0	0	0	0	0	0	0	0	0	0	0	0	0	0	0	0	0	0	0	0	0	0	0	0	0	0	0	0	0	0	0	0.355	0	0	0	0	0	0	0	0	0	35.138	0	0	0	0	0	0	0	0	0	0	0	0	0.279	0.456	0	0	0	0	0	0	0	0	0	0	0	0	0	0	0	0	0	0
2000	SMAL2	110.862	0	0	0	0	0	0	0	0.627	0	0	0	0	0	0	0	0	0	0	0	0	0	0	0	0	0	0	0	0	0	0	0	0	0	0	0	0	0	0	0	0	0	1.046	0.54	0	0	0	0	0	0	0	0	106.791	0	0	0	0	0	0	0	0	0	0	0	0	0.675	1.183	0	0	0	0	0	0	0	0	0	0	0	0	0	0	0	0	0	0
2001	SMAL2	153.784	0	0	0	0	0	0	0	0.612	0	0	0	0	0	0	0	0	0.128	0	0	0	2.266	29.827	0	0	0	0	0	0	0	0	0	0	0	0	0	0	0	0	0	0	0.102	0	0.2	0	0	0	0	0	0	0	0	116.523	0	0	0	0	0	0	0	0	0	0	0	0	0.442	3.684	0	0	0	0	0	0	0	0	0	0	0	0	0	0	0	0	0	0
2002	SMAL2	314.191	0	0	0	0	0	0	0	0.167	0	0	0	0	0	0	0	0	0	0	0	0	0.166	0	0	0	0	0	0	0	0	0	0	0	0	0	0	0	0	0	0	0	0.058	0.117	1.951	0	0	0	0	0	0	0	0	310.36	0	0	0	0	0	0	0	0	0	0	0	0	0.916	0.456	0	0	0	0	0	0	0	0	0	0	0	0	0	0	0	0	0	0
2003	SMAL2	581.084	0	0	0	0	0	0	0	0.915	0	0	0	0	0	0	0	0	0	0	0	0	0.553	4.578	0	0	0	0	0	0	0	0	0	0	0	0	0	0	0	0	0	0	0.263	0	0	0	0	0	0	0	0	0	0	571.433	0	0	0	0	0	0	0	0	0	0	0	0	2.767	0.575	0	0	0	0	0	0	0	0	0	0	0	0	0	0	0	0	0	0
2004	SMAL2	1549.879	0.01	2.185	0.235	0.094	0	0	0	0.578	0	0	0	0	0	0	0	0	0	0	0.753	0	0.458	0.004	0	0	0	0	0	0	0	0	0	0	0	0	0	0	0	0	0	0	0	0	0.18	0	0	0	0	0	0	0	0	1500.119	0	0	0	0	0	0	0	1.729	0	0	0	0	39.069	0.394	0	0	0	0	0	0	0	0	0.456	0.093	0	0	0	0	3.516	0	0.006	0
2005	SMAL2	499.718	0	0	0	0	0	0	0	3.552	0	0	0	0	0	0.114	0	0	0.289	0	0	0	0	49.477	0	0	0	0	0	0	0	0	0	0	0	0	0	0	0	0	0	0	0	0.846	13.956	0	0	0	0	0	0	0	0	420.175	0	0	0	0	0	0	0	0	0	0	0	0	11.257	0	0	0	0	0	0	0	0	0	0	0	0	0	0	0	0.052	0	0	0
2006	SMAL2	6.756	0	0	0	0	0	0	0	0.351	0	0	0	0	0	0	0	0	0	0	0	0	0	0	0	0	0	0	0	0	0	0	0	0	0	0	0	0	0	0	0	0	0	5.879	0	0	0	0	0	0	0	0	0	0.35	0	0	0	0	0	0	0	0	0	0	0	0	0.176	0	0	0	0	0	0	0	0	0	0	0	0	0	0	0	0	0	0	0
2007	SMAL2	55.074	0	0	0	0	0	0	0	0	0	0	0	0	0	0.004	0	0	0	0	0	0	0	0	0	0	0	0	0	0	0	0	0	0	0	0	0	0	0	0	0	0	0	28.459	1.701	0	0	0	0	0	0	0	0	0	0	0	0	0	0	0	0	0	0	0	0	0	23.446	1.081	0	0	0	0	0	0	0	0	0	0	0	0	0	0	0.383	0	0	0
2008	SMAL2	2.559	0	0	0	0	0	0	0	0	0	0	0	0	0	0	0	0	0	0	0	0	0	0	0	0	0	0	0	0	0	0	0	0	0	0	0	0	0	0	0	0	0	1.649	0	0	0	0	0	0	0	0	0	0.008	0	0	0	0	0	0	0	0	0	0	0	0	0.902	0	0	0	0	0	0	0	0	0	0	0	0	0	0	0	0	0	0	0
1989	SMAL3	301.922	0	0	0	0	0	0	0	42.214	0	0	0	0	0	0	0.413	0	0	0	0	0	0	0	0	0	0	0	0	0	0	0	0	0	0	0	0	0	0	0	0	0	0	0.935	0	0	0	0	0	0	0	0	0	257.255	0	0	0	0	0	0	0	0	0	0	0	0	0.079	0.035	0	0	0	0.991	0	0	0	0	0	0	0	0	0	0	0	0	0	0
1990	SMAL3	650.737	0	0	0	0	0.148	0	0	0.439	0	0	0	0	0	0	20.909	0	0	0	0	0	0	0	0	0	0	0	0	0	0	0	0	0	0	0	0	0	0	0	0	0	0	0	0	0	0	0	0	0	0	0	0	628.49	0	0	0	0	0	0	0	0	0	0	0	0	0	0.054	0	0	0	0.697	0	0	0	0	0	0	0	0	0	0	0	0	0	0
1991	SMAL3	45.153	0	0	0	0	0	0	0	0.489	0	0	0	0	0	0	3.719	0	0	0	0	0	0	0	0	0	0	0	0	0	0	0	0	0	0	0	0	0	0	0	0	0	0	0.08	0	0	0	0	0	0	0	0	0	40.777	0	0	0	0	0	0	0	0	0	0	0	0	0	0	0	0	0	0.088	0	0	0	0	0	0	0	0	0	0	0	0	0	0
1992	SMAL3	435.959	0	0	0	0	0	0	0	1.953	0	0	0	0	0	0.212	0	0	0	0	0	0	0	6.646	0	0	0	0	0	0	0	0	0	0	0	0	0	0	0	0	0	0	0	0	1.201	0	0	0	0	0	0	0	0	420.068	0	0	0	0	0	0	0	0	0	0	0	0	0	1.989	0	0	0	3.89	0	0	0	0	0	0	0	0	0	0	0	0	0	0
1993	SMAL3	274.795	0	0	0	0	0	0	0	9.635	0	0	0	0	0	0	0	0.74	0	0	0	0	0	1.994	0	0	0	0	0	0	0	0	0	0	0	0	0	0	0	0	0	0	0	0	12.206	0	0	0	0	0	0	0	0	236.381	0	0	0	0	0	0	0	0	0	0	0	0	0	2.317	0	0.466	0	11.056	0	0	0	0	0	0	0	0	0	0	0	0	0	0
1994	SMAL3	10.512	0	0	0	0	0	0	0	0	0	0	0	0	0	0	0	0	0	0	0	0	0	0	0	0	0	0	0	0	0	0	0	0	0	0	0	0	0	0	0	0	0	0	0	0	0	0	0	0	0	0	0	10.196	0	0	0	0	0	0	0	0	0	0	0	0	0	0	0	0	0	0.316	0	0	0	0	0	0	0	0	0	0	0	0	0	0
1995	SMAL3	332.099	0	0	0	0	0	0	0	1.049	0	0	0	0	0	0.039	0.537	0	0.721	0	0	0	0	136.133	0	0	0	0	0	0	0	0	0	0	0	0	0	0	0	0	0	0	0	0.049	29.594	0	0	0	0	0	0	0.163	0	135.553	0	0	0	0	0	0	0	0	0	0	0	0	0	0.239	23.191	4.726	0	0	0	0	0	0	0	0.105	0	0	0	0	0	0	0	0
1996	SMAL3	5.518	0	0	0	0	0	0	0	0.028	0	0	0	0	0	0	0	0	0	0	0	0	0.675	0	0	0	0	0	0	0	0	0	0	0	0	0	0	0	0	0	0	0	0	0	0	0	0	0	0	0	0	0	0	0.26	0	0	0	0	0	0	0	0	0	0	0	0	0	1.096	3.459	0	0	0	0	0	0	0	0	0	0	0	0	0	0	0	0	0
1997	SMAL3	2962.351	0	0	0	0	0	0	0	9.881	0	0	0	0	0	0	0	0	0.448	0	0	0	0	0.15	0	0	0	0	0	0	0	0	0	0	0	0	0	0	0	0	0	0	0	3.006	0	0	0	0	0	0	0	0	0	2757.953	0	0	0	0	0	0	0	0	0	0	0	0	1.38	0.274	189.259	0	0	0	0	0	0	0	0	0	0	0	0	0	0	0	0	0
1998	SMAL3	94.468	0	0	0	0	0	0	0	0.476	0	0	0	0	0	0	0	0	0	0	0	0	0	0.922	0	0	0	0	0	0	0	0	0	0	0	0	0	0	0	0	0	0	0	0	0	0	0	0	0	0	0	0	0	65.606	0	0	0	0	0	0	0	0	0	0	0	0	0.04	0.058	27.366	0	0	0	0	0	0	0	0	0	0	0	0	0	0	0	0	0
1999	SMAL3	57.69	0	0	0	0	0	0	0	0.084	0	0	0	0	0	0	0	0	0	0	0	0	0	0	0	0	0	0	0	0	0	0	0	0	0	0	0	0	0	0	0	0	0	0	0	0	0	0	0	0	0	0	0	40.614	0	0	0	0	0	0	0	0	0	0	0	0	0	0.718	16.274	0	0	0	0	0	0	0	0	0	0	0	0	0	0	0	0	0
2000	SMAL3	249.606	0	0	0	0	0	0	0	0.21	0	0	0	0	0	0	0	0	0	0	0	0	0	0	0	0	0	0	0	0	0	0	0	0	0	0	0	0	0	0	0	0	0.046	0.063	0	0	0	0	0	0	0	0	0	248.086	0	0	0	0	0	0	0	0	0	0	0	0	0.301	0.896	0.004	0	0	0	0	0	0	0	0	0	0	0	0	0	0	0	0	0
2001	SMAL3	190.167	0	0	0	0	0	0	0	0	0	0	0	0	0	0.018	0	0	0	0	0	0	1.09	22.419	0	0	0	0	0	0	0	0	0	0	0	0	0	0	0	0	0	0	0.089	0	0	0	0	0	0	0	0	0	0	110.439	0	0	0	0	0	0	0	0	0	0	0	0	0.053	2.633	53.426	0	0	0	0	0	0	0	0	0	0	0	0	0	0	0	0	0
2002	SMAL3	450.853	0	0	0	0	0	0	0	0.007	0	0	0	0	0	0	0	0	0.032	0	0	0	0.021	0.052	0	0	0	0	0	0	0	0	0	0	0	0	0	0	0	0	0	0	0	0.29	0	0	0	0	0	0	0	0	0	447.875	0	0	0	0	0	0	0	0	0	0	0	0	0.099	0.317	2.16	0	0	0	0	0	0	0	0	0	0	0	0	0	0	0	0	0
2003	SMAL3	692.974	0	0	0	0	0	0	0	0	0	0	0	0	0	0	0	0	0	0	0	0	0.685	7.222	1.155	0	0	0	0	0	0	0	0	0	0	0	0	0	0	0	0	0	0	0	0.6	0	0	0	0	0	0	0	0	658.307	0	0	0	0	0	0	0	0	0	0	0	0	0.402	0.669	23.919	0	0	0	0	0	0	0.015	0	0	0	0	0	0	0	0	0	0
2004	SMAL3	1520.653	1.434	8.533	0.011	3.479	0	0	0	0	0	0	0	0	0	0	0	0	0	0	0	0	0	0	0	0	0	0	0	0	0	0	0	0	0.151	0	0	0	0	0	0	0	0	0	0.614	0	0	0	0	0	0	0	0	1412.765	5.223	0	0	0	0	0	0	0.273	0	0.007	0	0	3.509	3.726	67.085	0	0	0	0	0	0	0	0.096	0	0.175	0	0	0	13.572	0	0	0
2005	SMAL3	705.089	0	0	0	0	0	0	0	0	0	0	0	0	0	0	0	0	0	0	0	0	0	7.104	0	0	0	0	0	0	0	0	0	0	0	0	0	0	0	0	0	0	0	0	0	0	0	0	0	0	0	0	0	602.585	0	0	0	0	0	0	0	0	0	0	0	0	1.411	0	91.913	0	0	0	0	0	0	0	0	0	0	0	0	0	2.076	0	0	0
2006	SMAL3	10.946	0	0	0	0	0	0	0	0.796	0	0	0	0	0	0	0	0	0	0	0	0	0	0	0	0	0	0	0	0	0	0	0	0	0	0	0	0	0	0	0	0	0	0.561	0	0	0	0	0	0	0	0	0	1.325	0	0	0	0	0	0	0	0	0	0	0	0	0.081	0	8.183	0	0	0	0	0	0	0	0	0	0	0	0	0	0	0	0	0
2007	SMAL3	312.547	0	0	0	0	0	0	0	2.823	0	0	0	0	0	0	0	0	0.801	0	0	0	0	0	0	0	0	0	0	0	0	0	0	0	0	0	0	0	0	0	0	0	0	3.656	11.005	0	0	0	0	0	0	0	0	0.945	0	0	0	0	0	0	0	0	0	0.021	0	0	7.549	1.523	275.283	0	0	0	0	0	0	0	0	0	0	0	0	0	8.941	0	0	0
2008	SMAL3	1.795	0	0	0	0	0	0	0	0.047	0	0	0	0	0	0	0	0	0	0	0	0	0	0	0	0	0	0	0	0	0	0	0	0	0	0	0	0	0	0	0	0	0	0.402	0	0	0	0	0	0	0	0	0	0.582	0	0	0	0	0	0	0	0	0	0.007	0	0	0.185	0.222	0.35	0	0	0	0	0	0	0	0	0	0	0	0	0	0	0	0	0
1989	SMAL4	289.522	0	0	0	0	0	0	0	30.932	0	0	0	0	0	0	0	0	0	0	0	0	0	0	0	0	0	0	0	0	0	0	0	0	0	0	0	0	0	0	0	0	0	0	0	0	0	0	0	0	0	0	0	255.588	0	0	0	0	0	0	0	0	0	0	0	0	1.741	0.019	0	0	0	1.242	0	0	0	0	0	0	0	0	0	0	0	0	0	0
1990	SMAL4	783.356	0	0	0	0	0	0	0	38.828	0	0	0	0	0	0	0.397	0	0.014	0	0	0	0	0	0	0	0	0	0	0	0	0	0	0	0	0	0	0	0	0	0	0	0	0.642	0	0	0	0	0	0	0	0	0	732.829	0	0	0	0	0	0	0	0	0	0	0	0	0.056	0	0	0	0	10.59	0	0	0	0	0	0	0	0	0	0	0	0	0	0
1991	SMAL4	76.722	0	0	0	0	0	0	0	1.568	0	0	0	0	0	0	0	0	0	0	0	0	0	0	0	0	0	0	0	0	0	0	0	0	0	0	0	0	0	0	0	0	0	0.071	0	0	0	0	0	0	0	0	0	74.565	0	0	0	0	0	0	0	0	0	0	0	0	0	0	0	0	0	0.518	0	0	0	0	0	0	0	0	0	0	0	0	0	0
1992	SMAL4	485.284	0	0	0	0	0	0	0	6.531	0	0	0	0	0	0	0	0	0	0	0	0	0	0	0	0	0	0	0	0	0	0	0	0	0	0	0	0	0	0	0	0	0	3.496	0	0	0	0	0	0	0	0	0	468.778	0	0	0	0	0	0	0	0	0	0	0	0	0	0.174	0	0	0	6.305	0	0	0	0	0	0	0	0	0	0	0	0	0	0
1993	SMAL4	277.442	0	0	0	0	0	0	0	25.409	0	0	0	0	0	0	0	0	0	0	0	0	0	4.194	0	0	0	0	0	0	0	0	0	0	0	0	0	0	0	0	0	0	0	1.056	0.65	0	0	0	0	0	0	0	0	234.773	0	0	0	0	0	0	0	0	0	0	0	0	0.04	0	0	0	0	11.32	0	0	0	0	0	0	0	0	0	0	0	0	0	0
1994	SMAL4	12.596	0	0	0	0	0	0	0	0	0	0	0	0	0	0	0	0	0	0	0	0	0	0	0	0	0	0	0	0	0	0	0	0	0	0	0	0	0	0	0	0	0	0	0	0	0	0	0	0	0	0	0	11.672	0	0	0	0	0	0	0	0	0	0	0	0	0	0	0	0	0	0.924	0	0	0	0	0	0	0	0	0	0	0	0	0	0
1995	SMAL4	215.372	0	0	0	0	0	0	0	2.804	0	0	0	0	0	0.025	0	0	0.848	0	0	0	0	19.429	0	0	0	0	0	0	0	0	0	0	0	0	0	0	0	0	0	0	0	0.391	26.97	0	0	0	0	0	0	0.163	0	145.026	0	0	0	0	0	0	0	0	0	0	0	0	0.005	0	19.711	0	0	0	0	0	0	0	0	0	0	0	0	0	0	0	0	0
1996	SMAL4	1.409	0	0	0	0	0	0	0	0.048	0	0	0	0	0	0	0	0	0	0	0	0	0	0	0	0	0	0	0	0	0	0	0	0	0	0	0	0	0	0	0	0	0	0.156	0	0	0	0	0	0	0	0	0	0.56	0	0	0	0	0	0	0	0	0	0	0	0	0.001	0.425	0.219	0	0	0	0	0	0	0	0	0	0	0	0	0	0	0	0	0
1997	SMAL4	2799.939	0	0	0	0	0	0	0	3.859	0	0	0	0	0	0	0	0	3.646	0	0	0	0	0	0	0	0	0	0	0	0	0	0	0	0	0	0	0	0	0	0	0	0	10.177	0.95	0	0	0	0	0	0	0	0	2710.365	0	0	0	0	0	0	0	0	0	0	0	0.618	1.069	1.208	67.974	0	0	0	0	0	0	0	0	0	0	0	0	0	0.073	0	0	0
1998	SMAL4	81.479	0	0	0	0	0	0	0	1.056	0	0	0	0	0	0	0	0	0	0	0	0	0	0	0	0	0	0	0	0	0	0	0	0	0	0	0	0	0	0	0	0	0	0	0	0	0	0	0	0	0	0	0	61.833	0	0	0	0	0	0	0	0	0	0	0	0	0	0	18.59	0	0	0	0	0	0	0	0	0	0	0	0	0	0	0	0	0
1999	SMAL4	44.819	0	0	0	0	0	0	0	0.276	0	0	0	0	0	0	0	0	0	0	0	0	0	0	0	0	0	0	0	0	0	0	0	0	0	0	0	0	0	0	0	0	0	0.152	0	0	0	0	0	0	0	0	0	36.92	0	0	0	0	0	0	0	0	0	0	0	0	0	0.056	7.415	0	0	0	0	0	0	0	0	0	0	0	0	0	0	0	0	0
2000	SMAL4	408.164	0	0	0	0	0	0	0	1.931	0	0	0	0	0	0	0	0	0	0	0	0	0	0	0	0	0	0	0	0	0	0	0	0	0	0	0	0	0	0	0	0	0	1.452	0	0	0	0	0	0	0	0	0	404.648	0	0	0	0	0	0	0	0	0	0	0	0	0.079	0.054	0	0	0	0	0	0	0	0	0	0	0	0	0	0	0	0	0	0
2001	SMAL4	213.262	0	0	0	0	0	0	0	0.548	0	0	0	0	0	0.034	0	0	0	0	0	0	0	16.966	0	0	0	0	0	0	0	0	0	0	0	0	0	0	0	0	0	0	0.013	0.053	0	0	0	0	0	0	0	0	0	184.621	0	0	0	0	0	0	0	0	0	0.003	0	0	0.137	4.947	5.94	0	0	0	0	0	0	0	0	0	0	0	0	0	0	0	0	0
2002	SMAL4	482.811	0	0	0	0	0	0	0	0.016	0	0	0	0	0	0	0	0	0	0	0	0	0	0	0	0	0	0	0	0	0	0	0	0	0	0	0	0	0	0	0	0	0	0.442	0	0	0	0	0	0	0	0	0	481.687	0	0	0	0	0	0	0	0	0	0	0	0	0.137	0.525	0.004	0	0	0	0	0	0	0	0	0	0	0	0	0	0	0	0	0
2003	SMAL4	718.832	0	0	0	0	0	0	0	0.302	0	0	0	0	0	0	0	0	0	0	0	0	0	2.666	0	0	0	0	0	0	0	0	0	0	0	0	0	0	0	0	0	0	0.036	0.036	0	0	0	0	0	0	0	0	0	713.478	0	0	0	0	0	0	0	0	0	0	0	0	0.22	1.332	0.747	0	0	0	0	0	0	0.015	0	0	0	0	0	0	0	0	0	0
2004	SMAL4	1841.138	2.931	0.591	1.551	0	0	0	0	0.001	0	0	0	0	0	0	0	0	0	0	0	0	0	0	0	0	0	0	0	0	0	0	0	0.66	0.089	0	0	0	0	0	0	0	0	2.204	0.12	0	0	0	0	0	0	0	0	1826.722	0	0	0	0	0	0	0	0	0	0	0	0	1.689	0.923	0	0	0	0	0	0	0	0	0.133	0	0	0	0	0	3.465	0	0.059	0
2005	SMAL4	450.498	0	0	0	0	0	0	0	0	0	0	0	0	0	0	0	0	0	0	0	0	0	0.546	0	0	0	0	0	0	0	0	0	0	0	0	0	0	0	0	0	0	0	0	0	0	0	0	0	0	0	0	0	445.696	0	0	0	0	0	0	0	0	0	0	0	0	0.617	0	3.552	0	0	0	0	0	0	0	0	0	0	0	0	0	0.087	0	0	0
2006	SMAL4	8.136	0	0	0	0	0	0	0	0.339	0	0	0	0	0	0	0	0	0	0	0	0	0	0	0	0	0	0	0	0	0	0	0	0	0	0	0	0	0	0	0	0	0	0.664	0	0	0	0	0	0	0	0	0	7.133	0	0	0	0	0	0	0	0	0	0	0	0	0	0	0	0	0	0	0	0	0	0	0	0	0	0	0	0	0	0	0	0
2007	SMAL4	54.608	0	0	0	0	0	0	0	0	0	0	0	0	0	0	0	0	0	0	0	0	0	0	0	0	0	0	0	0	0	0	0	0	0	0	0	0	0	0	0	0	0	8.284	0	0	0	0	0	0	0	0	0	1.835	0	0	0	0	0	0	0	0	0	0	0	0	4.012	0	18.486	0	0	0	0	0	0.104	0	0	0	0	0	0	0	21.887	0	0	0
2008	SMAL4	3.011	0	0	0	0	0	0	0	0	0	0	0	0	0	0	0	0	0	0	0	0	0	0	0	0	0	0	0	0	0	0	0	0	0	0	0	0	0	0	0	0	0	1.533	0	0	0	0	0	0	0	0	0	0.154	0	0	0	0	0	0	0	0	0	0	0	0	0.256	0	1.068	0	0	0	0	0	0	0	0	0	0	0	0	0	0	0	0	0
1989	TOBO	120.204	0	0	0	0	0	0	0	0	0	0	0	0	0	0	0	0	0	0	0	0	0	0	0	0	0	0	0	0	0	0	0	0	0	0	0	0	0	0	0	49.892	0	0	0	0	0	0	0	0	0	0	0	0	0	0	0	0	0	0	0	0	0	0	0	0	0	0	0	0	70.312	0	0	0	0	0	0	0	0	0	0	0	0	0	0	0
1990	TOBO	86.869	0	0	0	0	0	0	0	0	0	0	0	0	0	0	0	0	0	0	0	0	0	0	0	0	0	0	0	0	0	0	0	0	0	0	0	0	0	0	0	26.049	0	0	0	0	0	0	0	0	0	0	0	0	0	0	0	0	0	0	0	0	0	0	0	0	0	0	0	0	60.82	0	0	0	0	0	0	0	0	0	0	0	0	0	0	0
1991	TOBO	64.478	0	0	0	0	0	0	0	0	0	0	0	0	0	0	0	0	0	0	0	0	0	0	0	0	0	0	0	0	0	0	0	0	0	0	0	0	0	0	0	1.914	0	0	0.01	0	0	0	0	0	0	0	0	0	0	0	0	0.005	0	0	0	0	0	0	0	0	0	0	0	0	62.549	0	0	0	0	0	0	0	0	0	0	0	0	0	0	0
1992	TOBO	587.833	0	0	0	0	0.139	0	0	0	0	0	0	0	0.467	0	0	0	0	0	0	0	0	0	0	0	0	0	0	0	0	0	0	0.31	0	0	0	0	0	0	0	346.044	0	0.721	14.386	0	0	0	0	0	0	0	0	0	0	0	0	0	0	0	0	0	0	0	0	0	0	0	0	0	225.766	0	0	0	0	0	0	0	0	0	0	0	0	0	0	0
1993	TOBO	226.016	0	0	0	0	0	0	0	0	0	0	0	0	0	0	0	0	0	0	0	0	0	2.445	0	0	0	0	0.011	0	0	0	0	0	0	0	0	0	0	0	0	110.341	0	0.187	2.512	0	0	0	0	0	0	0	0	0	0	0	0	0	0	0	0	0	0	0	0	0	0	0	0	0	110.52	0	0	0	0	0	0	0	0	0	0	0	0	0	0	0
1994	TOBO	167.343	0	0	0	0	0	0	0	0	0	0	0	0	0	0	0	0	0	0	0	0	0	0	0	0	0	0	0	0	0	0	0	0	0	0	0	0	0	0	0	129.645	0	0	0	0	0	0	0	0	0	0	0	0	0	0	0	0	0	0	0	0	0	0	0	0	0	0	0	0	37.698	0	0	0	0	0	0	0	0	0	0	0	0	0	0	0
1995	TOBO	72.283	0	0	0	0	0	0	0	0	0	0	0	0	0	0	0	0	0	0	0	0	0	10.002	0	0	0	0	0	0	0	0	0	0	0	0	0	0	0	0	0	0	0	0	2.833	0	0	0	0	0.018	0	0.163	0	0	0	0	0	0.747	0	14.566	0	0	0	0	0	0	0	0	0	0	43.954	0	0	0	0	0	0	0	0	0	0	0	0	0	0	0
1996	TOBO	1.107	0	0	0	0	0	0	0	0	0	0	0	0	0	0	0	0	0	0	0	0	0	0	0	0	0	0	0	0	0	0	0	0	0	0	0	0	0	0	0	0	0	0	0	0	0	0	0	0	0	0	0	0	0	0	0	0	0	0	0	0	0	0	0	0	0	0	0	0	1.107	0	0	0	0	0	0	0	0	0	0	0	0	0	0	0
1997	TOBO	98.671	0	0	0	0	0	0	0	0	0	0	0	0	0	0	0	0	0	0	0	0	0	0	0	0	0	0	0	0	0	0	0	0	0	0	0	0	0	0	0	0	0	0	19.669	0	0	0	0	0	0	0	0	0	0	0	0	0	0	58.455	0	0	0	0	0	0	0	0	0	0	20.521	0	0	0.026	0	0	0	0	0	0	0	0	0	0	0	0
1998	TOBO	93.562	0	0	0	0	0	0	0	0	0	0	0	0	0	0	0	0	0	0	0	0	0	0	0	0	0	0	0	0	0	0	0	0	0	0	0	0	0	0	0	0	0	0	0	0	0	0	0	0	0	0	0	0	0	0	0	0	0	63.77	0	0	0	0	0	0	0	0	0	0	29.788	0	0	0	0.004	0	0	0	0	0	0	0	0	0	0	0
1999	TOBO	102.383	0	0	0	0	0	0	0	0	0	0	0	0	0	0	0	0	0	0	0	0	0	0	0	0	0	0	0	0	0	0	0	0	0	0	0	0	0	0	0	0	0	0	0.2	0	0	0	0	0	0	0	0	0	0	0	0	0	0	59.707	0	0	0	0	0	0	0	0	0	0	42.476	0	0	0	0	0	0	0	0	0	0	0	0	0	0	0
2000	TOBO	1.429	0	0	0	0	0	0	0	0	0	0	0	0	0	0	0	0	0	0	0	0	0	0	0	0	0	0	0	0	0	0	0	0	0	0	0	0	0	0	0	0	0	0	0	0	0	0	0	0	0	0	0	0	0	0	0	0	0	0.274	0	0	0	0	0	0	0	0	0	0	1.155	0	0	0	0	0	0	0	0	0	0	0	0	0	0	0
2001	TOBO	223.39	0	0	0	0	0	0	0.782	0	0	1.325	0.002	0	0	0	0	0	0	0	0	0	0	43.814	0	0.007	0	0	0.106	0	0	0	0	0	0	0	0	0	0	0	0	0	0	0	31.968	0	0	0	0	0	0	0.488	0	0	0	0	1.314	0.552	0	59.34	0	0	0	0	0	0	0	0	0	0	83.692	0	0	0	0	0	0	0	0	0	0	0	0	0	0	0
2002	TOBO	0.179	0	0	0	0	0	0	0	0	0	0	0	0	0	0	0	0	0	0	0	0	0	0	0	0	0	0	0	0	0	0	0	0	0	0	0	0	0	0	0	0	0	0	0	0	0	0	0	0	0	0	0	0	0	0	0	0	0	0	0	0	0	0	0	0	0	0	0	0	0.179	0	0	0	0	0	0	0	0	0	0	0	0	0	0	0
2003	TOBO	222.667	0	0	0	0	0	0	0	0	0	0	0	0	0	0	0	0	0	0	0	0	0	0	0	0	0	0	0	0	0	0	0	0	0	0	0	0	0	0	0	0	0	0	0	0	0	0	0	0	0	0	0	0	0	0	0	0	0	159.082	0	0	0	0	0	0	0	0	0	0	63.585	0	0	0	0	0	0	0	0	0	0	0	0	0	0	0
2004	TOBO	223.107	0	0	0	0	0	0	0	0	0	0	0	0	0	0	0	0	0	0	0	0	0	0	0	0	0	0	0	0	0	0.003	0	0.068	0.048	0	0	0	0	0	0	0	0	0	0	0	0	0	0	0	0	0	0	0	0	0	0	0	0	184.373	0	0	0	0	0	0	0	0	0	0	38.512	0	0	0	0.103	0	0	0	0	0	0	0	0	0	0	0
2005	TOBO	519.371	0	0	0	0	0	0	0	0	0	0	0	0	0	0	0	0	0	0	0	0	0	59.131	0	0	0	0	0.264	0	0	0	0	0	0	0	0	0	0	0	0	0	0	0	43.73	0	0	0	0	0.92	0	0.488	0	0	0	0	0	0	0	276.595	0	0	0	0	0	0	0	0	0	0	138.15	0	0	0	0.014	0	0	0	0	0	0	0	0.079	0	0	0
2007	TOBO	1969.535	0	0	0	0	0	0	0	0	0	0	0	0	0	0	0	0	0.216	0	0	0	0	0	0	0	0	11.717	0	0	0	0	0	0	0	0	0	0	0	0	0	0	0	1.136	712.288	0	0	0	0	0	0	0	0	0	0	0	0	0	0.075	884.955	0	0	0	0	0	0	0	0	0	0	359.148	0	0	0	0	0	0	0	0	0	0	0	0	0	0	0
2008	TOBO	15.371	0	0	0	0	0	0	0	0	0	0	0	0	0	0	0	0	0	0	0	0	0	0	0	0	0	0	0	0	0	0	0	0	0	0	0	0	0	0	0	0	0	0	0	0	0	0	0	0	0	0	0	0	0	0	0	0	0	0	0	0	0	0	0	0	0	0	0	0	15.371	0	0	0	0	0	0	0	0	0	0	0	0	0	0	0
1989	TOBO1	197.155	0	0	0	0	0	0	0	0	0	0	0	0	0	0	0	0	0	0	0	0	0	0	0	0	0	0	0	0	0	0	0	0	0	0	0	0	0	0	0	62.447	0	0	0	0	0	0	0	0	0	0	0	0	0	0	0	0	0	0	0	0	0	0	0	0	0	0	0	0	134.708	0	0	0	0	0	0	0	0	0	0	0	0	0	0	0
1990	TOBO1	120.658	0	0	0	0	0	0	0	0	0	0	0	0	0	0	0	0	0	0	0	0	0	0	0	0	0	0	0	0	0	0	0	0	0	0	0	0	0	0	0	36.863	0	0	0	0	0	0	0	0	0	0	0	0	0	0	0	0	0	0	0	0	0	0	0	0	0	0	0	0	83.795	0	0	0	0	0	0	0	0	0	0	0	0	0	0	0
1991	TOBO1	72.226	0	0	0	0	0	0	0	0	0	0	0	0	0	0	0	0	0	0	0	0	0	0	0	0	0	0	0	0	0	0	0	0	0	0	0	0	0	0	0	3.293	0	0	0	0	0	0	0	0	0	0	0	0	0	0	0	0	0	0	0	0	0	0	0	0	0	0	0	0	68.933	0	0	0	0	0	0	0	0	0	0	0	0	0	0	0
1992	TOBO1	491.795	0	0	0	0	0.752	0	0	0	0	0	0	0	0.467	0	0	0	0	0	0	0	0	0	0	0	0	0	0	0	0	0	0	0	0	0	0	0	0	0	0	354.787	0	1.47	0.86	0	0	0	0	0	0	0	0	0	0	0	0	0	0	0	0	0	0	0	0	0	0	0	0	0	133.459	0	0	0	0	0	0	0	0	0	0	0	0	0	0	0
1993	TOBO1	223.461	0	0	0	0	0	0	0	0	0	0	0	0	0	0	0	0	0	0	0	0	0	0.07	0	0	0	0	0.549	0	0	0	0	0	0	0	0	0	0.011	0	0	146.086	0	0.031	1.044	0	0	0	0	0	0	0	0	0	0	0	0	0	0	0	0	0	0	0	0	0	0	0	0	0	75.67	0	0	0	0	0	0	0	0	0	0	0	0	0	0	0
1994	TOBO1	221.076	0	0	0	0	0	0	0	0	0	0	0	0	0	0	0	0	0	0	0	0	0	0	0	0	0	0	0	0	0	0	0	0	0	0	0	0	0	0	0	163.285	0	0	0	0	0	0	0	0	0	0	0	0	0	0	0	0	0	0	0	0	0	0	0	0	0	0	0	0	57.791	0	0	0	0	0	0	0	0	0	0	0	0	0	0	0
1995	TOBO1	86.263	0	0	0	0	0	0	0	0	0	0	0	0	0	0	0	0	0	0	0	0	0	13.358	0	0	0	0	0	0	0	0	0	0	0	0	0	0	0	0	0	0	0	0	1.038	0	0	0	0	0.062	0	0.488	0	0	0	0	0	0.232	0	21.943	0	0	0	0	0	0	0	0	0	0	49.142	0	0	0	0	0	0	0	0	0	0	0	0	0	0	0
1996	TOBO1	1.692	0	0	0	0	0	0	0	0	0	0	0	0	0	0	0	0	0	0	0	0	0	0	0	0	0	0	0	0	0	0	0	0	0	0	0	0	0	0	0	0	0	0	0	0	0	0	0	0	0	0	0	0	0	0	0	0	0	0	0	0	0	0	0	0	0	0	0	0	1.692	0	0	0	0	0	0	0	0	0	0	0	0	0	0	0
1997	TOBO1	99.04	0	0	0	0	0	0	0	0	0	0	0	0	0	0	0	0	0	0	0	0	0	0	0	0	0	0	0	0	0	0	0	0	0	0	0	0	0	0	0	0	0	0	0.68	0	0	0	0	0	0	0	0	0	0	0	0	0	0	70.062	0	0	0	0	0	0	0	0	0	0	28.298	0	0	0	0	0	0	0	0	0	0	0	0	0	0	0
1998	TOBO1	56.304	0	0	0	0	0	0	0	0	0	0	0	0	0	0	0	0	0	0	0	0	0	0	0	0	0	0	0	0	0	0	0	0	0	0	0	0	0	0	0	0	0	0	0	0	0	0	0	0	0	0	0	0	0	0	0	0	0	33.469	0	0	0	0	0	0	0	0	0	0	22.835	0	0	0	0	0	0	0	0	0	0	0	0	0	0	0
1999	TOBO1	121.026	0	0	0	0	0	0	0	0	0	0	0	0	0	0	0	0	0	0	0	0	0	0.228	0	0	0	0	0	0	0	0	0	0	0	0	0	0	0	0	0	0	0	0	0	0	0	0	0	0	0	0	0	0	0	0	0	0	0	60.418	0	0	0	0	0	0	0	0	0	0	60.38	0	0	0	0	0	0	0	0	0	0	0	0	0	0	0
2000	TOBO1	0.577	0	0	0	0	0	0	0	0	0	0	0	0	0	0	0	0	0	0	0	0	0	0	0	0	0	0	0	0	0	0	0	0	0	0	0	0	0	0	0	0	0	0	0	0	0	0	0	0	0	0	0	0	0	0	0	0	0	0.332	0	0	0	0	0	0	0	0	0	0	0.245	0	0	0	0	0	0	0	0	0	0	0	0	0	0	0
2001	TOBO1	192.27	0	0	0	0	0	0	0	0	0	0	0	0	0	0	0	0	0	0	0	0	0	61.107	0	0	0	0	0.049	0	0	0	0	0	0	0	0	0	0	0	0	0	0	0	24.678	0	0	0	0	0	0	0	0	0	0	0	0	0	0	53.834	0	0	0	0	0	0	0	0	0	0	52.602	0	0	0	0	0	0	0	0	0	0	0	0	0	0	0
2002	TOBO1	0.164	0	0	0	0	0	0	0	0	0	0	0	0	0	0	0	0	0	0	0	0	0	0	0	0	0	0	0	0	0	0	0	0	0	0	0	0	0	0	0	0	0	0	0	0	0	0	0	0	0	0	0	0	0	0	0	0	0	0	0	0	0	0	0	0	0	0	0	0	0.164	0	0	0	0	0	0	0	0	0	0	0	0	0	0	0
2003	TOBO1	193.249	0	0	0	0	0	0	0	0	0	0	0	0	0	0	0	0	0	0	0	0	0	0	0	0	0	0	0	0	0	0	0	0	0	0	0	0	0	0	0	0	0	0	0	0	0	0	0	0	0	0	0	0	0	0	0	0	0	138.512	0	0	0	0	0	0	0	0	0	0	54.737	0	0	0	0	0	0	0	0	0	0	0	0	0	0	0
2004	TOBO1	212.27	0	0	0	0	0	0	0	0	0	0	0	0	0	0	0	0	0	0	0	0	0	0	0	0	0	0	0	0	0	0.155	0	1.359	0	0	0	0	0	0	0	0	0	0	0.22	0	0	0.24	0	0	0	0	0	0	0	0	0	0	0	190.385	0	0	0	0	0	0	0	0	0	0	19.863	0	0	0	0.048	0	0	0	0	0	0	0	0	0	0	0
2005	TOBO1	478.331	0	0	0	0	0	0	0	0	0	0	0	0	0.467	0	0	0	0	0	4.518	0	0	80.381	0	0	0	0	2.237	0	0	0	0	0	0	0	0	0	0	0	0	0	0	0.089	8.554	0	0	0	0	0	0	0	0	0	0	0	0	0	0	275.411	0	0	0	0	0	0	0	0	0	0	85.562	0	0	0	0	0	0	0	0	0	0	0	0	0	0	21.112
2007	TOBO1	1826.548	0	0	0	0	0	0	0	0	0	0	0	0	0	0	0	0	1.514	0	0	0	0	0	0	0	0	22.182	0	0	0	0	0	0	0	0	0	0	0	0	0	0	0	0	530.31	0	0	0	0	0	0	0	0	0	0	0	0	0	0	1054.889	0	0	0	0	0	0	0	0	0	0	217.653	0	0	0	0	0	0	0	0	0	0	0	0	0	0	0
2008	TOBO1	-99	-99	-99	-99	-99	-99	-99	-99	-99	-99	-99	-99	-99	-99	-99	-99	-99	-99	-99	-99	-99	-99	-99	-99	-99	-99	-99	-99	-99	-99	-99	-99	-99	-99	-99	-99	-99	-99	-99	-99	-99	-99	-99	-99	-99	-99	-99	-99	-99	-99	-99	-99	-99	-99	-99	-99	-99	-99	-99	-99	-99	-99	-99	-99	-99	-99	-99	-99	-99	-99	-99	-99	-99	-99	-99	-99	-99	-99	-99	-99	-99	-99	-99	-99	-99
1989	TOBO2	190.202	0	0	0	0	0	0	0	0	0	0	0	0	0	0	0	0	0	0	0	0	0	0	0	0	0	0	0	0	0	0	0	0	0	0	0	0	0	0	0	75.424	0	0	0	0	0	0	0	0	0	0	0	0	0	0	0	0	0	0	0	0	0	0	0	0	0	0	0	0	114.778	0	0	0	0	0	0	0	0	0	0	0	0	0	0	0
1990	TOBO2	142.951	0	0	0	0	0	0	0	0	0	0	0	0	0	0	0	0	0	0	0	0	0	0	0	0	0	0	0	0	0	0	0	0	0	0	0	0	0	0	0	53.375	0	0	0	0	0	0	0	0	0	0	0	0	0	0	0	0	0	0	0	0	0	0	0	0	0	0	0	0	89.576	0	0	0	0	0	0	0	0	0	0	0	0	0	0	0
1991	TOBO2	77.197	0	0	0	0	0	0	0	0	0	0	0	0	0	0	0	0	0	0	0	0	0	0	0	0	0	0	0	0	0	0	0	0	0	0	0	0	0	0	0	3.694	0	0	0.064	0	0	0	0	0	0	0	0	0	0	0	0	0	0	0	0	0	0	0	0	0	0	0	0	0	73.439	0	0	0	0	0	0	0	0	0	0	0	0	0	0	0
1992	TOBO2	770.133	0	0	0	0	0.841	0	0	0	0	0	0	0	0	0	0	0	0	0	0	0	0	0	0	0	0	0	0	0	0	0	0	0	0	0	0	0	0	0	0	541.551	0	4.068	9.304	0	0	0	0	0	0	0	0	0	0	0	0	0	0	0	0	0	0	0	0	0	0	0	0	0	214.369	0	0	0	0	0	0	0	0	0	0	0	0	0	0	0
1993	TOBO2	226.534	0	0	0	0	0	0	0	0	0	0	0	0	0	0	0	0	0	0	0	0	0	2.802	0	0	0	0	0.447	0	0	0	0	0	0	0	0	0	0	0	0	157.21	0	1.229	2.057	0	0	0	0	0	0	0	0	0	0	0	0	0	0	0	0	0	0	0	0	0	0	0	0	0	62.789	0	0	0	0	0	0	0	0	0	0	0	0	0	0	0
1994	TOBO2	191.017	0	0	0	0	0	0	0	0	0	0	0	0	0	0	0	0	0	0	0	0	0	0	0	0	0	0	0	0	0	0	0	0	0	0	0	0	0	0	0	130.558	0	0	0	0	0	0	0	0	0	0	0	0	0	0	0	0	0	0	0	0	0	0	0	0	0	0	0	0	60.459	0	0	0	0	0	0	0	0	0	0	0	0	0	0	0
1995	TOBO2	107.578	0	0	0	0	0	0	0	0	0	0	0	0	0	0	0	0	0	0	0	0	0	22.158	0	0	0	0	0	0	0	0	0	0	0	0	0	0	0	0	0	0	0	0.636	2.567	0	0	0	0	0	0	0	0	0	0	0	0	0	0	25.261	0	0	0	0	0	0	0	0	0	0	56.956	0	0	0	0	0	0	0	0	0	0	0	0	0	0	0
1996	TOBO2	0.703	0	0	0	0	0	0	0	0	0	0	0	0	0	0	0	0	0	0	0	0	0	0	0	0	0	0	0	0	0	0	0	0	0	0	0	0	0	0	0	0	0	0	0	0	0	0	0	0	0	0	0	0	0	0	0	0	0	0	0	0	0	0	0	0	0	0	0	0	0.703	0	0	0	0	0	0	0	0	0	0	0	0	0	0	0
1997	TOBO2	104.993	0	0	0	0	0	0	0	0	0.003	0	0	0	0	0	0	0	0	0	0	0	0	0	0	0	0	0	0	0	0	0	0	0	0	0	0	0	0	0	0	0	0	0	0.326	0	0	0	0	0	0	0	0	0	0	0	0	0	0	82.95	0	0	0	0	0	0	0	0	0	0	21.714	0	0	0	0	0	0	0	0	0	0	0	0	0	0	0
1998	TOBO2	109.208	0	0	0	0	0	0	0	0	0	0	0	0	0	0	0	0	0	0	0	0	0	0	0	0	0	0	0	0	0	0	0	0	0	0	0	0	0	0	0	0	0	0	0	0	0	0	0	0	0	0	0	0	0	0	0	0	0	81.02	0	0	0	0	0	0	0	0	0	0	28.188	0	0	0	0	0	0	0	0	0	0	0	0	0	0	0
1999	TOBO2	91.1	0	0	0	0	0	0	0	0	0	0	0.006	0	0	0	0	0	0	0	0	0	0	0	0	0	0	0	0	0	0	0	0	0	0	0	0	0	0	0	0	0	0	0	0	0	0	0	0	0	0	0	0	0	0	0	0	0	0	59.356	0	0	0	0	0	0	0	0	0	0	31.738	0	0	0	0	0	0	0	0	0	0	0	0	0	0	0
2000	TOBO2	0.412	0	0	0	0	0	0	0	0	0	0	0	0	0	0	0	0	0	0	0	0	0	0	0	0	0	0	0	0	0	0	0	0	0	0	0	0	0	0	0	0	0	0	0	0	0	0	0	0	0	0	0	0	0	0	0	0	0	0.067	0	0	0	0	0	0	0	0	0	0	0.345	0	0	0	0	0	0	0	0	0	0	0	0	0	0	0
2001	TOBO2	207.953	0	0	0	0	0	0	0	0	0	0	0	0	0	0	0	0	0	0	1.506	0	0	58.442	0	0	0	0	0.192	0	0	0	0	0	0	0	0	0	0	0	0	0	0	0.022	19.865	0	0	0	0	0	0	0	0	0	0	0	0	0	0	68.356	0	0	0	0	0	0	0	0	0	0	59.57	0	0	0	0	0	0	0	0	0	0	0	0	0	0	0
2002	TOBO2	0.308	0	0	0	0	0	0	0	0	0	0	0	0	0	0	0	0	0	0	0	0	0	0	0	0	0	0	0	0	0	0	0	0	0	0	0	0	0	0	0	0	0	0	0	0	0	0	0	0	0	0	0	0	0	0	0	0	0	0	0	0	0	0	0	0	0	0	0	0	0.308	0	0	0	0	0	0	0	0	0	0	0	0	0	0	0
2003	TOBO2	175.795	0	0	0	0	0	0	0	0	0	0	0	0	0	0	0	0	0	0	0	0	0	0	0	0	0	0	0	0	0	0	0	0	0	0	0	0	0	0	0	0	0	0	0	0	0	0	0	0	0	0	0	0	0	0	0	0	0	152.554	0	0	0	0	0	0	0	0	0	0	23.241	0	0	0	0	0	0	0	0	0	0	0	0	0	0	0
2004	TOBO2	226.558	0	0	0	0	0	0	0	0	0	0	0	0	0	0	0	0	0	0	0	0	0	0	0	0	0	0	0	0	0	0.116	0	0	0	1.228	0	0	0	0	0	0	0	0	0	0	0	0	0	0	0	0	0	0	0	0	0	0	0	204.615	0	0	0	0	0	0	0	0	0	0	20.599	0	0	0	0	0	0	0	0	0	0	0	0	0	0	0
2005	TOBO2	409.9	0	0	0	0	0	0	0	0	0	0	0	0	0	0	0	0	0	0	1.506	0	0	87.877	0	0	0	0	0.712	0	0	0	0	0	0	0	0	0	0	0	0	0	0	0.045	34.167	0	0	0	0	0	0	0	0	0	0	0	0	0	0	220.639	0	0	0	0	0	0	0	0	0	0	64.954	0	0	0	0	0	0	0	0	0	0	0	0	0	0	0
2007	TOBO2	1633.194	0	0	0	0	0	0	0	0	0	0	0	0	0	0	0	0	4.327	0	0	0	0	0	0	0	0	14.267	0	0	0	0	0	0	0	0	0	0	0.19	0	0	0	0	3.059	617.653	0	0	0	0	0	0	0	0	0	0	0	0	0	0	751	0	0	0	0	0	0	0	0	0	0	242.698	0	0	0	0	0	0	0	0	0	0	0	0	0	0	0
2008	TOBO2	1.358	0	0	0	0	0	0	0	0	0	0	0	0	0	0	0	0	0	0	0	0	0	0	0	0	0	0	0	0	0	0	0	0	0	0	0	0	0	0	0	0	0	0	0	0	0	0	0	0	0	0	0	0	0	0	0	0	0	0	0	0	0	0	0	0	0	0	0	0	1.358	0	0	0	0	0	0	0	0	0	0	0	0	0	0	0
1989	TOBO3	215.609	0	0	0	0	0	0	0	0	0	0	0	0	0	0	0	0	0	0	0	0	0	0	0	0	0	0	0	0	0	0	0	0	0	0	0	0	0	0	0	78.913	0	0	0	0	0	0	0	0	0	0	0	0	0	0	0	0	0	0	0	0	0	0	0	0	0	0	0	0	136.696	0	0	0	0	0	0	0	0	0	0	0	0	0	0	0
1990	TOBO3	131.128	0	0	0	0	0	0	0	0	0	0	0	0	0	0	0	0	0	0	0	0	0	0	0	0	0	0	0	0	0	0	0	0	0	0	0	0	0	0	0	44.344	0	0	0	0	0	0	0	0	0	0	0	0	0	0	0	0	0	0	0	0	0	0	0	0	0	0	0	0	86.784	0	0	0	0	0	0	0	0	0	0	0	0	0	0	0
1991	TOBO3	84.222	0	0	0	0	0	0	0	0	0	0	0	0	0	0	0	0	0	0	0	0	0	0.003	0	0	0	0	0	0	0	0	0	0	0	0	0	0	0	0	0	2.925	0	0	0.006	0	0	0	0	0.036	0	0	0	0	0	0	0	0	0	0	0	0	0	0	0	0	0	0	0	0	81.252	0	0	0	0	0	0	0	0	0	0	0	0	0	0	0
1992	TOBO3	936.317	0	0	0	0	10.558	0	0	0	0	0	0	0	0	0	0	0	0	0	0	0	0	1.329	0	0	0	0	0	0	0	0	0	0	0.029	0	0	0	0	0	0	483.963	0	1.648	52.733	0	0	0	0	0	0	0	0	0	0	0	0	0	0	0	0	0	0	0	0	0	0	0	0	0	386.057	0	0	0	0	0	0	0	0	0	0	0	0	0	0	0
1993	TOBO3	203.549	0	0	0	0	0	0	0	0	0	0	0	0	0	0	0	0	0	0	0	0	0	1.493	0	0	0	0	0.053	0	0	0	0	0	0	0	0	0	0	0	0	131.098	0	0.236	2.531	0	0	0	0	0	0	0	0	0	0	0	0	0	0	0	0	0	0	0	0	0	0	0	0	0	68.138	0	0	0	0	0	0	0	0	0	0	0	0	0	0	0
1994	TOBO3	200.293	0	0	0	0	0	0	0	0	0	0	0	0	0	0	0	0	0	0	0	0	0	0	0	0	0	0	0	0	0	0	0	0	0	0	0	0	0	0	0	153.489	0	0	0	0	0	0	0	0	0	0	0	0	0	0	0	0	0	0	0	0	0	0	0	0	0	0	0	0	46.804	0	0	0	0	0	0	0	0	0	0	0	0	0	0	0
1995	TOBO3	134.546	0	0	0	0	0	0	0	0	0	0	0	0	0	0	0	0	0	0	0.753	0	0	19.864	0	0	0	0	0	0.031	0	0	0	0	0	0	0	0	0	0	0	0	0	0	7.809	0	0	0	0	0	0	0.976	0	0	0	0	0	0	0	17.509	0	0	0	0	0	0	0	0	0	0	87.604	0	0	0	0	0	0	0	0	0	0	0	0	0	0	0
1996	TOBO3	0.448	0	0	0	0	0	0	0	0	0	0	0	0	0	0	0	0	0	0	0	0	0	0	0	0	0	0	0	0	0	0	0	0	0	0	0	0	0	0	0	0	0	0	0	0	0	0	0	0	0	0	0	0	0	0	0	0	0	0	0	0	0	0	0	0	0	0	0	0	0.446	0	0	0.002	0	0	0	0	0	0	0	0	0	0	0	0
1997	TOBO3	99.689	0	0	0	0	0	0	0	0	0	0	0	0	0	0	0	0	0	0	0	0	0	0	0	0	0	0	0	0	0	0	0	0	0	0	0	0	0	0	0	0	0	0	1.496	0	0	0	0	0	0	0	0	0	0	0	0	0	0	81.872	0	0	0	0	0	0	0	0	0	0	16.321	0	0	0	0	0	0	0	0	0	0	0	0	0	0	0
1998	TOBO3	91.951	0	0	0	0	0	0	0	0	0	0	0	0	0	0	0	0	0	0	0	0	0	0	0	0	0	0	0	0	0	0	0	0	0	0	0	0	0	0	0	0	0	0	0	0	0	0	0	0	0	0	0	0	0	0	0	0	0	63.17	0	0	0	0	0	0	0	0	0	0	28.781	0	0	0	0	0	0	0	0	0	0	0	0	0	0	0
1999	TOBO3	114.898	0	0	0	0	0	0	0	0	0	0	0	0	0	0	0	0	0	0	0	0	0	0	0	0	0	0	0	0	0	0	0	0	0	0	0	0	0	0	0	0	0	0	0	0	0	0	0	0	0	0	0	0	0	0	0	0	0	69.771	0	0	0	0	0	0	0	0	0	0	45.127	0	0	0	0	0	0	0	0	0	0	0	0	0	0	0
2000	TOBO3	0.612	0	0	0	0	0	0	0	0	0	0	0	0	0	0	0	0	0	0	0	0	0	0	0	0	0	0	0	0	0	0	0	0	0	0	0	0	0	0	0	0	0	0	0	0	0	0	0	0	0	0	0	0	0	0	0	0	0	0.152	0	0	0	0	0	0	0	0	0	0	0.46	0	0	0	0	0	0	0	0	0	0	0	0	0	0	0
2001	TOBO3	193.129	0	0	0	0	0	0	0	0	0	0	0	0	0	0	0	0	0	0	0.753	0	0	60.8	0	0	0	0	0.228	0	0	0	0	0	0	0	0	0	0	0	0	0	0	0	8.659	0	0	0	0	0	0	0	0	0	0	0	0	0	0	60.145	0	0	0	0	0	0	0	0	0	0	62.544	0	0	0	0	0	0	0	0	0	0	0	0	0	0	0
2002	TOBO3	1.001	0	0	0	0	0	0	0	0	0	0	0	0	0	0	0	0	0	0	0	0	0	0	0	0	0	0	0	0	0	0	0	0	0	0	0	0	0	0	0	0	0	0	0	0	0	0	0	0	0	0	0	0	0	0	0	0	0	0.002	0	0	0	0	0	0	0	0	0	0	0.999	0	0	0	0	0	0	0	0	0	0	0	0	0	0	0
2003	TOBO3	207.499	0	0	0	0	0	0	0	0	0	0	0	0	0	0	0	0	0	0	0	0	0	0	0	0	0	0	0	0	0	0	0	0	0	0	0	0	0	0	0	0	0	0.036	0	0	0	0	0	0	0	0	0	0	0	0	0	0	0	140.872	0	0	0	0	0	0	0	0	0	0	66.47	0	0	0	0.121	0	0	0	0	0	0	0	0	0	0	0
2004	TOBO3	227.505	0	0	0	0	0	0	0	0	0	0	0	0	0	0	0	0	0	0	0	0	0	0	0	0	0	0	0	0	0	0.726	0	0	0	0.511	0	0	0	0	0	0	0	0.267	0	0	0	0	0	0	0	0	0	0	0	0	0	0	0	207.342	0	0	0	0	0	0	0	0	0	0	18.105	0	0	0	0.554	0	0	0	0	0	0	0	0	0	0	0
2005	TOBO3	652.528	0	0	0	0	0	0	0	0	0	0	0	0	0	0	0	0	0	0	0.753	0	0	120.923	0	0	0	0	0	0	0	0	0	0	0	0	0	0	0	0	0	0	0	1.447	51.024	0	0	0	0	0	0	0.651	0	0	0	0	0	0	0	357.522	0	0	0	0	0	0	0	0	0	0	120.208	0	0	0	0	0	0	0	0	0	0	0	0	0	0	0
2007	TOBO3	2173.286	0	0	0	0	0	0	0	0	0	0	0	0	0	0	0	0	3.549	0	0	0	0	0	0	0	0	22.255	0	0	0	0	0	0	0	0	0	0	0	0	0	0	0	0.846	823.038	0	0	0	0	0	0	0	0	0	0	0	0	0	0	945.537	0	0	0	0	0	0	0	0	0	0	378.061	0	0	0	0	0	0	0	0	0	0	0	0	0	0	0
2008	TOBO3	1.78	0	0	0	0	0	0	0	0	0	0	0	0	0	0	0	0	0	0	0	0	0	0	0	0	0	0	0	0	0	0	0	0	0	0	0	0	0	0	0	0	0	0	0	0	0	0	0	0	0	0	0	0	0	0	0	0	0	0	0	0	0	0	0	0	0	0	0	0	1.78	0	0	0	0	0	0	0	0	0	0	0	0	0	0	0
1989	TOBO4	211.302	0	0	0	0	0	0	0	0	0	0	0	0	0	0	0	0	0	0	0	0	0	0	0	0	0	0	0	0	0	0	0	0	0	0	0	0	0	0	0	49.924	0	0	0	0	0	0	0	0	0	0	0	0	0	0	0	0	0	0	0	0	0	0	0	0	0	0	0	0	161.378	0	0	0	0	0	0	0	0	0	0	0	0	0	0	0
1990	TOBO4	128.227	0	0	0	0	0	0	0	0	0	0	0	0	0	0	0	0	0	0	0	0	0	0	0	0	0	0	0	0	0	0	0	0	0	0	0	0	0	0	0	30.376	0	0	0	0	0	0	0	0	0	0	0	0	0	0	0	0	0	0	0	0	0	0	0	0	0	0	0	0	97.851	0	0	0	0	0	0	0	0	0	0	0	0	0	0	0
1991	TOBO4	88.016	0	0	0	0	0	0	0	0	0	0	0	0	0	0	0	0	0	0	0	0	0	0.002	0	0	0	0	0	0	0	0	0	0	0	0	0	0	0	0	0	2.148	0	0	0.036	0	0	0	0	0	0	0	0	0	0	0	0	0	0	0	0	0	0	0	0	0	0	0	0	0	85.83	0	0	0	0	0	0	0	0	0	0	0	0	0	0	0
1992	TOBO4	560.153	0	0	0	0	2.559	0	0	0	0	0	0	0	0	0	0	0	0	0	0	0	0	0	0	0	0	0	0	0	0	0	0	0	0	0	0	0	0	0	0	298.615	0	0.98	8.493	0	0	0	0	0	0	0	0	0	0	0	0	0	0	0	0	0	0	0	0	0	0	0	0	0	249.506	0	0	0	0	0	0	0	0	0	0	0	0	0	0	0
1993	TOBO4	215.826	0	0	0	0	0	0	0	0	0	0	0	0	0	0	0	0	0	0	0	0	0	1.336	0	0	0	0	0	0	0	0	0	0	0	0	0	0	0	0	0	105.294	0	0.045	4.234	0	0	0	0	0	0	0	0	0	0	0	0	0	0	0	0	0	0	0	0	0	0	0	0	0	104.917	0	0	0	0	0	0	0	0	0	0	0	0	0	0	0
1994	TOBO4	225.094	0	0	0	0	0	0	0	0	0	0	0	0	0	0	0	0	0	0	0	0	0	0	0	0	0	0	0	0	0	0	0	0	0	0	0	0	0	0	0	160.502	0	0	0	0	0	0	0	0	0	0	0	0	0	0	0	0	0	0	0	0	0	0	0	0	0	0	0	0	64.592	0	0	0	0	0	0	0	0	0	0	0	0	0	0	0
1995	TOBO4	125.589	0	0	0	0	0	0	1.392	0	0	0	0	0	0	0	0	0	0	0	0.753	0	0	21.286	0	0	0	0	0	0	0	0	0	0	0	0	0	0	0	0	0	0	0	0	4.631	0.011	0	0	0	0	0	0.163	0	0	0	0	0	0	0	15.642	0	0	0	0	0	0	0	0	0	0	81.711	0	0	0	0	0	0	0	0	0	0	0	0	0	0	0
1996	TOBO4	0.586	0	0	0	0	0	0	0	0	0	0	0	0	0	0	0	0	0	0	0	0	0	0	0	0	0	0	0	0	0	0	0	0	0	0	0	0	0	0	0	0	0	0	0	0	0	0	0	0	0	0	0	0	0	0	0	0	0	0	0	0	0	0	0	0	0	0	0	0	0.586	0	0	0	0	0	0	0	0	0	0	0	0	0	0	0
1997	TOBO4	117.815	0	0	0	0	0	0	0	0	0	0	0	0	0	0	0	0	0	0	0	0	0	0	0	0	0	0	0	0	0	0	0	0	0	0	0	0	0	0	0	0	0	0	0.684	0	0	0	0	0	0	0	0	0	0	0	0	0	0	78.351	0	0	0	0	0	0	0	0	0	0	38.78	0	0	0	0	0	0	0	0	0	0	0	0	0	0	0
1998	TOBO4	125.999	0	0	0	0	0	0	0	0	0	0	0	0	0	0	0	0	0	0	0	0	0	0	0	0	0	0	0	0	0	0	0	0	0	0	0	0	0	0	0	0	0	0	0	0	0	0	0	0	0	0	0	0	0	0	0	0	0	59.81	0	0	0	0	0	0	0	0	0	0	66.189	0	0	0	0	0	0	0	0	0	0	0	0	0	0	0
1999	TOBO4	114.62	0	0	0	0	0	0	0	0	0	0	0	0	0	0	0	0	0	0	0	0	0	0.1	0	0	0	0	0	0	0	0	0	0	0	0	0	0	0	0	0	0	0	0	0	0	0	0	0	0	0	0	0	0	0	0	0	0	0	37.944	0	0	0	0	0	0	0	0	0	0	76.576	0	0	0	0	0	0	0	0	0	0	0	0	0	0	0
2000	TOBO4	1.08	0	0	0	0	0	0	0	0	0	0	0	0	0	0	0	0	0	0	0	0	0	0	0	0	0	0	0	0	0	0	0	0	0	0	0	0	0	0	0	0	0	0	0	0	0	0	0	0	0	0	0	0	0	0	0	0	0	0.128	0	0	0	0	0	0	0	0	0	0	0.952	0	0	0	0	0	0	0	0	0	0	0	0	0	0	0
2001	TOBO4	286.51	0	0	0	0	0	0	1.511	0	0	0	0	0	0	0	0	0	0	0	0.753	0	0	72.687	0	0	0	0	0	0	0	0	0	0	0	0	0	0	0	0	0	0	0	0	12.801	0.023	0	0	0	0	0	0.488	0	0	0	0	0	0	0	55.641	0	0	0	0	0	0	0	0	0	0	142.606	0	0	0	0	0	0	0	0	0	0	0	0	0	0	0
2002	TOBO4	0.31	0	0	0	0	0	0	0	0	0	0	0	0	0	0	0	0	0	0	0	0	0	0	0	0	0	0	0	0	0	0	0	0	0	0	0	0	0	0	0	0	0	0	0	0	0	0	0	0	0	0	0	0	0	0	0	0	0	0	0	0	0	0	0	0	0	0	0	0	0.31	0	0	0	0	0	0	0	0	0	0	0	0	0	0	0
2003	TOBO4	178.256	0	0	0	0	0	0	0	0	0	0	0	0	0	0	0	0	0	0	0	0	0	0	0	0	0	0	0	0	0	0	0	0	0	0	0	0	0	0	0	0	0	0	0	0	0	0	0	0	0	0	0	0	0	0	0	0	0	94.565	0	0	0	0	0	0	0	0	0	0	83.691	0	0	0	0	0	0	0	0	0	0	0	0	0	0	0
2004	TOBO4	247.111	0	0	0	0	0	0	0	0	0	0	0	0	0	0	0	0	0	0	0	0	0	0	0	0	0	0	0	0	0	0.093	0	0	0	0	0	0	0	0	0	0	0	0	0	0	0	0	0	0	0	0	0	0	0	0	0	0	0	169.253	0	0	0	0	0	0	0	0	0	0	77.171	0	0	0	0.594	0	0	0	0	0	0	0	0	0	0	0
2005	TOBO4	665.963	0	0	0	0	0	0	0	0	0	0	0	0	0	0	0	0	0	0	0	0	0	115.281	0	0	0	0	0	0	0	0	0	0	0	0	0	0	0	0	0	0	0	0	48.722	0	0.776	0	0	0	0	0	0	0	0	0	0	0	0	254.318	0.431	0	0	0	0	0	0	0	0	0	232.83	0	0	0	0.078	0	0	0	0	0	0	0	0	0	0	13.527
2007	TOBO4	2228.28	0	0	0	0	0	0	0	0	0	0	0.163	0	0	0	0	0	4.889	0	0	0	0	0	0	0	0	30.308	0	0	0	0	0	0	0	0	0	0	0	0	0	0	0	0.258	731.292	0	0	0	0	0	0	0	0	0	0	0	0	0	0	823.469	0	0	0	0	0.294	0	0	0	0	0	637.607	0	0	0	0	0	0	0	0	0	0	0	0	0	0	0
2008	TOBO4	0.776	0	0	0	0	0	0	0	0	0	0	0	0	0	0	0	0	0	0	0	0	0	0	0	0	0	0	0	0	0	0	0	0	0	0	0	0	0	0	0	0	0	0	0	0	0	0	0	0	0	0	0	0	0	0	0	0	0	0	0	0	0	0	0	0	0	0	0	0	0.776	0	0	0	0	0	0	0	0	0	0	0	0	0	0	0
