Year	site	total	ACWR	AMAR	AMAR1	AMPA	AMPU	APRA	ARAD	ARGL	ARHA	ARIS1	ARLO	ARNE	ARPU	ARPU1	ARWR	ASNU	ASTE	ASTE1	ASTR1	BAAB	BAMU	CABA	CAJA	CHIN	COCO	CONI	CRAN	CRCR	CRMI	CRPO	CRYP1	DAPU	DEPI	DIWI	ERAB	ERAN	ERDV	ERIO1	ERPU	ERRO	EUAL	FABA1	HAGR	HEHU	HOGL	LEGO	LESQ1	LIVE	MACH1	MALI	MAPI	MEPU	MSDL1	MUPO	NAHI	PECT1	PEPA	PHAC1	PHIN	POOL	PORT1	PSTA	SAKA	SCAR	SELE	SOEL	SPIN	SPOR1	SPSU	SPVEG	TECO	TILA	UKFO1	UKFO8	UKGR1	UKGR2	UKGS1	XASA	XASP1
1989	NORT	0.952	0	0	0	0	0	0	0	0	0	0	0	0	0	0	0	0	0	0	0	0	0	0	0	0	0	0	0	0	0	0	0	0	0	0	0	0	0	0	0.952	0	0	0	0	0	0	0	0	0	0	0	0	0	0	0	0	0	0	0	0	0	0	0	0	0	0	0	0	0	0	0	0	0	0	0	0	0	0	0	0
1990	NORT	12.97	0	0	0	0	0	0	0	0	0	0	0	0	0	0	0	0	0	0	0	0	0	0.04	0	0	0	0	0	0	0	0	0	0	0	0	0	0	0	0	12.544	0	0	0	0	0	0	0	0	0	0	0	0	0	0	0	0	0	0	0	0	0	0	0	0.015	0	0	0	0	0	0.286	0.085	0	0	0	0	0	0	0	0	0
1991	NORT	8.982	0	0	0	0	0	0	0	0	0	0	0	0	0	0	0	0	0	0	0	0	0	0.003	0	0	0	0	0	0	0	0	0	0	0	0	0	0	0	0	8.947	0	0	0	0	0	0	0	0	0	0	0	0	0	0	0	0	0	0	0	0	0	0	0	0	0	0	0	0	0	0.032	0	0	0	0	0	0	0	0	0	0
1992	NORT	19.345	0	0	0	0	0	0	0	0	0	0	0	0	0	0	0	0	0	0	0	0	0	0	0	0	0	0	0	0	0	0	0	0	0.483	0	0.209	0	0	0	14.371	0	0	0	0	0	0	0	0	0	0	0	0	0	0	0	0	0	0	0	0	0	0	0	0.406	0	0	0	0	0	3.463	0.413	0	0	0	0	0	0	0	0	0
1993	NORT	14.619	0	0	0	0	0	0	0	0	0	0	0	0	0	0	0	0	0	0	0	0	0	0	0	0	0	0	0	0	0	0	0	0	0.4	0	0	0	0	0	13.181	0	0	0	0	0	0	0	0	0	0	0	0	0	0	0	0	0	0	0	0	0	0	0	0.446	0	0	0	0	0	0.201	0.391	0	0	0	0	0	0	0	0	0
1994	NORT	6.871	0	0	0	0	0	0	0	0	0	0	0	0	0	0	0	0	0	0	0	0	0	0	0	0	0	0	0	0	0	0	0	0	0	0	0	0	0	0	6.871	0	0	0	0	0	0	0	0	0	0	0	0	0	0	0	0	0	0	0	0	0	0	0	0	0	0	0	0	0	0	0	0	0	0	0	0	0	0	0	0
1995	NORT	2.542	0	0	0	0	0	0	0	0	0	0	0	0	0	0	0	0	0	0	0	0	0	0	0	0	0	0	0	0	0	0	0	0.048	2.418	0	0	0	0	0	0	0	0	0	0	0	0	0	0	0	0	0	0	0	0	0	0	0	0	0	0	0	0	0	0.048	0	0	0	0	0	0.028	0	0	0	0	0	0	0	0	0	0
1996	NORT	0.038	0	0	0	0	0	0	0	0	0	0	0	0	0	0	0	0	0	0	0	0	0	0	0	0	0	0	0	0	0	0	0	0.038	0	0	0	0	0	0	0	0	0	0	0	0	0	0	0	0	0	0	0	0	0	0	0	0	0	0	0	0	0	0	0	0	0	0	0	0	0	0	0	0	0	0	0	0	0	0	0
1997	NORT	4.421	0	0	0	0	0	0	0	0	0	0	0	0	0	0	0	0	0	0	0	0	0	0	0	0	0	0	0	0	0	0	0	0	2.924	0	0	0	0	0	0	0	0	0	0	0	0	0	0	0	0	0	0	0	0	0	0	0	0	0	0	0.003	0	0	0.014	0	0	0	0	1.348	0.132	0	0	0	0	0	0	0	0	0	0
1998	NORT	0.288	0	0	0	0	0	0	0	0	0	0	0	0	0	0	0	0	0	0	0	0	0	0	0	0	0	0	0	0	0	0	0	0.286	0	0	0	0	0	0	0	0	0	0	0	0	0	0	0	0	0	0	0	0	0	0	0	0	0	0	0	0	0	0	0	0	0	0	0	0	0.002	0	0	0	0	0	0	0	0	0	0
1999	NORT	0.012	0	0	0	0	0	0	0	0	0	0	0	0	0	0	0	0	0	0	0	0	0	0	0	0	0	0	0	0	0	0	0	0	0	0.01	0	0	0	0	0	0	0	0	0	0	0	0	0	0	0	0	0	0	0	0	0	0	0	0	0	0	0	0	0	0	0	0	0	0	0.002	0	0	0	0	0	0	0	0	0	0
2001	NORT	4.362	0	0	0	0	0	0	0	0	0	0	0	0	0	0	0	0	0	0	0	0	0	0	0	0	0	0	0	0	0	0	0	0.285	4.026	0	0	0	0	0	0	0	0.051	0	0	0	0	0	0	0	0	0	0	0	0	0	0	0	0	0	0	0	0	0	0	0	0	0	0	0	0	0	0	0	0	0	0	0	0	0	0
2002	NORT	0.095	0	0	0	0	0	0	0	0	0	0	0	0	0	0	0	0	0	0	0	0	0	0	0	0	0	0	0	0	0	0	0	0.095	0	0	0	0	0	0	0	0	0	0	0	0	0	0	0	0	0	0	0	0	0	0	0	0	0	0	0	0	0	0	0	0	0	0	0	0	0	0	0	0	0	0	0	0	0	0	0
2003	NORT	6.929	0	0	0	0	0	0	0	0	0	0	0	0	0	0	0	0	0	0	0	0	0	0	0	0	0	0	0	0	0	0	0	0	6.929	0	0	0	0	0	0	0	0	0	0	0	0	0	0	0	0	0	0	0	0	0	0	0	0	0	0	0	0	0	0	0	0	0	0	0	0	0	0	0	0	0	0	0	0	0	0
2005	NORT	29.945	0	0	0	0	0	0	0	0	0	0	0	0	0	0	0	0	0	0	0	0	0	0	0	0	0	0	0	0	0	0	0	0	29.945	0	0	0	0	0	0	0	0	0	0	0	0	0	0	0	0	0	0	0	0	0	0	0	0	0	0	0	0	0	0	0	0	0	0	0	0	0	0	0	0	0	0	0	0	0	0
2007	NORT	1455.796	0	0	0	0	0	0	0	0	0	0	0	0	0	0	0	0	0	0	0	0	10.247	1.454	0	0	0	0	0	0	0	0	0	11.659	2.983	1188.851	0	0	0	0	0	0	0	0	0	0	0	0	0	0	0	0	0	0	0	0	0.004	0	0	0	0	0	0	0	0.883	0	0	0	0	239.715	0	0	0	0	0	0	0	0	0	0	0
2008	NORT	1.22	0	0	0	0	0	0	0	0	0	0	0	0	0	0	0	0	0	0	0	0	0	0.793	0	0	0	0	0	0	0	0	0	0.2	0	0	0	0	0	0	0	0	0	0	0	0	0	0	0	0	0	0	0	0	0	0	0	0	0	0	0	0	0	0	0	0	0	0	0	0.227	0	0	0	0	0	0	0	0	0	0	0
1989	NORT1	0.045	0	0	0	0	0	0	0	0	0	0	0	0	0	0	0	0	0	0	0	0	0	0	0	0	0	0	0	0	0	0	0	0	0	0	0	0	0	0	0	0	0	0	0	0	0	0	0	0	0	0	0	0	0	0	0	0	0	0	0	0	0	0	0	0	0	0	0	0	0.045	0	0	0	0	0	0	0	0	0	0
1990	NORT1	1.63	0	0	0	0	0	0	0	0	0	0	0	0	0	0	0	0	0	0	0	0	0	0.397	0	0	0	0	0	0	0	0	0	0	0.002	0	0	0	0	0	0.666	0	0	0	0	0	0	0	0	0	0	0	0	0	0	0	0	0	0	0	0	0	0	0	0	0	0	0	0	0	0.304	0.261	0	0	0	0	0	0	0	0	0
1991	NORT1	0.021	0	0	0	0	0	0	0	0	0	0	0	0	0	0	0	0	0	0	0	0	0	0	0	0	0	0	0	0	0	0	0	0	0	0	0	0	0	0	0	0	0	0	0	0	0	0	0	0	0	0	0	0	0	0	0	0	0	0	0	0	0	0	0	0	0	0	0	0	0.021	0	0	0	0	0	0	0	0	0	0
1992	NORT1	5.403	0	0	0	0	0	0	0	0	0	0	0	0	0	0	0	0	0	0	0	0	0	0	0	0	0	0	0	0	0	0	0	0	0.361	0	0	0	0	0	0.381	0	0	0	0	0	0	0	0	0	0	0	0	0	0	0	0	0	0	0	0	0.011	0	0	0.261	0	0	0	0	0	4.389	0	0	0	0	0	0	0	0	0	0
1993	NORT1	3.09	0	0	0	0	0	0	0	0	0	0	0	0	0	0	0	0	0	0	0	0	0	0	0	0	0	0	0	0	0	0	0	0	2.666	0	0	0	0	0	0	0	0	0	0	0	0	0	0	0	0	0	0	0	0	0	0	0	0	0	0	0	0	0	0.035	0	0	0	0	0.087	0.302	0	0	0	0	0	0	0	0	0	0
1995	NORT1	7.306	0	0	0	0	0	0	0	0	0	0	0	0	0	0	0	0	0	0	0	0	0	0	0	0	0	0	0	0	0	0	0	0	7.261	0	0	0	0	0	0	0	0	0	0	0	0	0	0	0	0	0	0	0	0	0	0	0	0	0	0	0	0	0	0	0	0	0	0	0	0.045	0	0	0	0	0	0	0	0	0	0
1996	NORT1	0.019	0	0	0	0	0	0	0	0	0	0	0	0	0	0	0	0	0	0	0	0	0	0	0	0	0	0	0	0	0	0	0	0.019	0	0	0	0	0	0	0	0	0	0	0	0	0	0	0	0	0	0	0	0	0	0	0	0	0	0	0	0	0	0	0	0	0	0	0	0	0	0	0	0	0	0	0	0	0	0	0
1997	NORT1	5.306	0	0	0.107	0	0	0	0	0	0	0	0	0	0	0	0	0	0	0	0	0	0.009	0	0	0	0	0	0	0	0	0	0	0.381	0.676	0.725	0	0	0	0	0	0	0	0.003	0	0	0	0	0	0	0	0	0	0	0	2.514	0	0	0	0	0	0.551	0	0	0.012	0	0	0	0	0.326	0	0	0	0.002	0	0	0	0	0	0	0
1999	NORT1	0.001	0	0	0	0	0	0	0	0	0	0	0	0	0	0	0	0	0	0	0	0	0.001	0	0	0	0	0	0	0	0	0	0	0	0	0	0	0	0	0	0	0	0	0	0	0	0	0	0	0	0	0	0	0	0	0	0	0	0	0	0	0	0	0	0	0	0	0	0	0	0	0	0	0	0	0	0	0	0	0	0
2001	NORT1	37.22	0	0	0	0	0	0	0	0	0	0	0	0	0	0	0	0	0	0	0	0	0	0	0	0	0	0	0	0	0	0	0	0	6.588	0	0	0	0	0	0	0	0	0	0	0	0	0	0	0	0	0	0	0	0	30.162	0	0	0	0	0	0	0	0	0	0	0.166	0	0	0.304	0	0	0	0	0	0	0	0	0	0	0
2002	NORT1	64.145	0	0	0	0	0	0	0	0	0	0	0	0	0	0	0	0	0	0	0	0	0	0	0	0	0	0	0	0	0	0	0	0	0	0	0	0	0	0	0	0	0	0	0	0	0	0	0	0	0	0	0	0	0	64.145	0	0	0	0	0	0	0	0	0	0	0	0	0	0	0	0	0	0	0	0	0	0	0	0	0
2003	NORT1	26.466	0	0	0	0	0	0	0	0	0	0	0	0	0	0	0	0	0	0	0	0	0	0	0	0	0	0	0	0	0	0	0	0	26.466	0	0	0	0	0	0	0	0	0	0	0	0	0	0	0	0	0	0	0	0	0	0	0	0	0	0	0	0	0	0	0	0	0	0	0	0	0	0	0	0	0	0	0	0	0	0
2004	NORT1	42.227	0	0	0	0	0	0	0	0	0	0	0	0	0	0	0	0	0	0	0	0	0	0	0	0	0	0	0	0	0	0	0	0	0	0	0	0	0	0	0	0	0	0	0	0	0	0	0	0	0	0	0	0	0	42.227	0	0	0	0	0	0	0	0	0	0	0	0	0	0	0	0	0	0	0	0	0	0	0	0	0
2005	NORT1	53.913	0	0	0	0	0	0	0	0	0	0	0	0	0	0	0	0	0	0	0	0	0.104	0	0	0	0	0	0	0	0	0	0	0	52.401	0	0	0	0	0	0	0	0	0	0	0	0	0	0	0	0	0	0	0	0	1.408	0	0	0	0	0	0	0	0	0	0	0	0	0	0	0	0	0	0	0	0	0	0	0	0	0
2006	NORT1	40.82	0	0	0	0	0	0	0	0	0	0	0	0	0	0	0	0	0	0	0	0	0	0	0	0	0	0	0	0	0	0	0	0	0	0	0	0	0	0	0	0	0	0	0	0	0	0	0	0	0	0	0	0	0	40.82	0	0	0	0	0	0	0	0	0	0	0	0	0	0	0	0	0	0	0	0	0	0	0	0	0
2007	NORT1	1881.107	0	0	0	0	0	0	0	0	0	0	0	0	0	0	0	0	0	0	0	0	2.822	1.719	0	0	0	0	0	0	0	0	0	17.607	0.035	1123.596	0	0	0	0	0	0	0	0	0	0	0	0	0	0	0	0	0	0	0	357.675	12.319	0	0	0	0	0	0	0	3.615	0.35	41.827	0	0	319.542	0	0	0	0	0	0	0	0	0	0	0
2008	NORT1	459.169	0	0	0	0	0	0	0	0	0	0	0	0	0	0	0	0	0	0	0	0	0	0	0	0	0	0	0	0	0	0	0	0	0	0	0	0	0	0	0	0	0	0	0	0	0	0	0	0	0	0	0	0	0	458.267	0	0	0	0	0	0	0	0	0	0	0	0	0	0.902	0	0	0	0	0	0	0	0	0	0	0
1989	NORT2	0.005	0	0	0	0	0	0	0	0	0	0	0	0	0	0	0	0	0	0	0	0	0	0	0	0	0	0	0	0	0	0	0	0	0	0	0	0	0	0	0	0	0	0	0	0	0	0	0	0	0	0	0	0	0	0	0	0	0	0	0	0	0	0	0	0	0	0	0	0	0.005	0	0	0	0	0	0	0	0	0	0
1990	NORT2	2.998	0	0	0	0	0	0	0	0	0	0	0	0	0	0	0	0	0	0	0	0	0	0	0	0	0	0	0	0	0	0	0	0	0	0	0	0	0	0	0.286	0	2.541	0	0	0	0	0	0	0	0	0	0	0	0	0	0	0	0	0	0	0	0	0	0.057	0	0	0	0	0	0	0.114	0	0	0	0	0	0	0	0	0
1991	NORT2	4.397	0	0	0	0	0	0	0	0	0	0	0	0	0	0	0	0	0	0	0	0	0	0	0	0	0	0	0	0	0	0	0	0	0	0	0	0	0	0	0.952	0	0.01	0	0	0	0	0	0	0	0	0	0	0	0	0	0	0	0	0	0	0	0	0	0	0	0	0	0	0	0	3.435	0	0	0	0	0	0	0	0	0
1992	NORT2	34.033	0	0	0	0	0	0	0	0	0	0	0	0	0	0	0	0	0	0	0	0	0	0	0	0	0	0	0	0	0	0	0	0	0.212	0	0	0	0	0	3.093	0	1.484	0	0	0	0	0	0	0	0	0	0	0	0	0	0	0	0	0	0	0	0	0	2.291	0	0	0	0	0	0	26.953	0	0	0	0	0	0	0	0	0
1993	NORT2	13.551	0	0	0	0	0	0	0	0	0	0	0	0	0	0	0	0	0	0	0	0	0	0	0	0	0	0	0	0	0	0	0	0	2.049	0	0	0	0	0	2.056	0	0.122	0	0	0	0	0	0	0	0	0	0	0	0	0	0	0	0	0	0	0	0	0	0.123	0	0	0	0	0	0.027	9.174	0	0	0	0	0	0	0	0	0
1994	NORT2	6.761	0	0	0	0	0	0	0	0	0	0	0	0	0	0	0	0	0	0	0	0	0	0	0	0	0	0	0	0	0	0	0	0	0	0	0	0	0	0	0.761	0	0	0	0	0	0	0	0	0	0	0	0	0	0	0	0	0	0	0	0	0	0	0	0	0	0	0	0	6	0	0	0	0	0	0	0	0	0	0	0
1995	NORT2	9.177	0	0	0	0	0	0	0	0	0	0	0	0	0	0	0	0	0	0	0	0	0	0	0	0	0	0	0	0	0	0	0	0	8.469	0.435	0	0	0	0	0	0	0.03	0	0	0	0	0	0	0	0	0	0	0	0	0	0	0	0	0	0	0	0	0	0.193	0	0	0	0	0	0.05	0	0	0	0	0	0	0	0	0	0
1997	NORT2	2.047	0	0	0.114	0	0	0	0	0	0	0	0	0	0	0	0	0	0	0	0	0	0	0	0	0	0	0	0	0	0	0	0	0	0	0	0	0	0	0	0	0	0.376	0	0	0	0	0	0	0	0	0	0	0	0	0	0	0	0	0	0	0.014	0	0	0	0	0	0	0.035	1.326	0.182	0	0	0	0	0	0	0	0	0	0
1998	NORT2	0.688	0	0	0	0	0	0	0	0	0	0	0	0	0	0	0	0	0	0	0	0	0	0	0	0	0	0	0	0	0	0	0	0	0	0	0	0	0	0	0	0	0	0	0	0	0	0	0	0	0	0	0	0	0	0	0	0	0	0	0	0	0	0	0	0	0.688	0	0	0	0	0	0	0	0	0	0	0	0	0	0
1999	NORT2	0.036	0	0	0	0	0	0	0	0	0	0	0	0	0	0	0	0	0	0	0	0	0	0	0	0	0	0	0	0	0	0	0	0	0	0	0	0	0	0	0	0	0	0	0	0	0	0	0	0	0	0	0	0	0	0	0	0	0	0	0	0	0	0	0	0	0	0	0	0	0.036	0	0	0	0	0	0	0	0	0	0
2001	NORT2	5.828	0	0	0	0	0	0	0	0	0	0	0	0	0	0	0	0	0	0	0	0	0.001	0	0	0	0	0	0	0	0	0	0	0.19	1.689	0	0	0	0	0	0	0	1.84	0	0	0	0	0	0	0	0	0	0	0	0	0	0	0	0	0	0	0	0	0	0	0	2.108	0	0	0	0	0	0	0	0	0	0	0	0	0	0
2002	NORT2	0.125	0	0	0	0	0	0	0	0	0	0	0	0	0	0	0	0	0	0	0	0	0	0	0	0	0	0	0	0	0	0	0	0.095	0	0	0	0	0	0	0	0	0.03	0	0	0	0	0	0	0	0	0	0	0	0	0	0	0	0	0	0	0	0	0	0	0	0	0	0	0	0	0	0	0	0	0	0	0	0	0	0
2003	NORT2	13.475	0	0	0	0	0	0	0	0	0	0	0	0	0	0	0	0	0	0	0	0	0	0	0	0	0	0	0	0	0	0	0	0.286	13.179	0	0	0	0	0	0	0	0.01	0	0	0	0	0	0	0	0	0	0	0	0	0	0	0	0	0	0	0	0	0	0	0	0	0	0	0	0	0	0	0	0	0	0	0	0	0	0
2004	NORT2	10.957	0	0	0	0	0	0	0	0	0	0	0	0	0	0	0	0	0	0	0	0	0	0	0	0	0	0	0	0	0	0	0	0	0	0	0	0	0	0	0	0	0	0	0	0	0	0	0	0	0	0	0	0	0	0	0	0	0	0	0	0	0	0	0	0	0	0	0	10.957	0	0	0	0	0	0	0	0	0	0	0
2005	NORT2	71.453	0	0	0	0	0	0	0	0	0	0	0	0	0	0	0	0	0	0	0	0	0	0	0	0	0	0	0	0	0	0	0	0	54.439	0	0	0	0	0	0	0	0	0	0	0	0	0	0	0	0	0	0	0	0	0	0	0	0	0	0	0	0	0	0.014	0	0	0	0	17	0	0	0	0	0	0	0	0	0	0	0
2006	NORT2	1.63	0	0	0	0	0	0	0	0	0	0	0	0	0	0	0	0	0	0	0	0	0	0	0	0	0	0	0	0	0	0	0	0	0	0	0	0	0	0	0	0	0	0	0	0	0	0	0	0	0	0	0	0	0	0	0	0	0	0	0	0	0	0	0	0	0	0	0	1.63	0	0	0	0	0	0	0	0	0	0	0
2007	NORT2	1351.407	0	0	0	0	0	0	0	0	0	2.248	0	0	0	0	0	0	0	0	0	0	5.102	0.661	0	0	0	0	0	0	0	0	0	1.618	9.782	1010.608	0	0	0	0	0	0	2.643	0	0	0	0	0	0	0	0	0	0	0	0.007	0	0	0	0	0	0	0	0	0	0.82	0	0	0	0	317.889	0	0	0	0	0	0.029	0	0	0	0	0
2008	NORT2	0.575	0	0	0	0	0	0	0	0	0	0	0	0	0	0	0	0	0	0	0	0	0	0.198	0	0	0	0	0	0	0	0	0	0.286	0	0	0	0	0	0	0	0	0	0	0	0	0	0	0	0	0	0	0	0	0	0	0	0	0	0	0	0	0	0	0	0	0	0	0	0.091	0	0	0	0	0	0	0	0	0	0	0
1989	NORT3	0.024	0	0	0	0	0	0	0	0	0	0	0	0	0	0	0	0	0	0	0	0	0	0	0	0	0	0	0	0	0	0	0	0	0	0	0	0	0	0	0	0	0	0	0	0	0	0	0	0	0	0	0	0	0	0	0	0	0	0	0	0	0	0	0.01	0	0	0	0	0	0.014	0	0	0	0	0	0	0	0	0	0
1990	NORT3	67.089	0	0	0	0	0	0	0	0	0	0	0	0	0	0	0	0	0	0	0	0	0	0	0	0	0	0	0	0	0	0	0	0	0	0	0	0	0	0	0	0	0	0	0	0	0	0	0	0	0	0	0	0	0	66.156	0	0	0	0	0	0	0	0	0.266	0	0	0	0	0	0.667	0	0	0	0	0	0	0	0	0	0
1991	NORT3	0.136	0	0	0	0	0	0	0	0	0	0	0	0	0	0	0	0	0	0	0	0	0	0	0	0	0	0	0	0	0	0	0	0	0	0	0	0	0	0	0	0	0	0	0	0	0	0	0	0	0	0	0	0	0	0	0	0	0	0	0	0	0	0	0	0	0	0	0	0	0.136	0	0	0	0	0	0	0	0	0	0
1992	NORT3	81.766	0	0	0	0	0	0	0	0	0	0	0	0	0	0	0	0	0	0	0	0	0	0	0	0	0	0	0	0	0	0	0	0	0.335	0	0	0	0	0	0	0	0	0	0	0	0	0	0	0	0	0	0	0	0	71.083	0	0	0	0	0	0	0	0	0.457	0	0	0	0	0	1.021	8.87	0	0	0	0	0	0	0	0	0
1993	NORT3	53.89	0	0	0	0	0	0	0	0	0	0	0	0	0	0	0	0	0	0	0	0	0	0	0	0	0	0	0	0	0	0	0	0	0.03	0	0	0	0	0	0	0	0	0	0	0	0	0	0	0	0	0	0	0	0	53.387	0	0	0	0	0	0	0	0	0.4	0	0	0	0	0	0.073	0	0	0	0	0	0	0	0	0	0
1994	NORT3	46.098	0	0	0	0	0	0	0	0	0	0	0	0	0	0	0	0	0	0	0	0	0	0	0	0	0	0	0	0	0	0	0	0	0	0	0	0	0	0	0	0	0	0	0	0	0	0	0	0	0	0	0	0	0	46.098	0	0	0	0	0	0	0	0	0	0	0	0	0	0	0	0	0	0	0	0	0	0	0	0	0
1995	NORT3	53.405	0	0	0	0	0	0	0	0	0	0	0	0	0	0	0	0	0	0	0	0	0	0	0	0	0	0	0	0.753	0	0	0	0	9.6	0.097	0	0	0	0	0	0	0	0	0	0	0	0	0	0	0	0	0	0	0	41.624	0	0	0	0	0	0	0	0	1.331	0	0	0	0	0	0	0	0	0	0	0	0	0	0	0	0
1996	NORT3	25.839	0	0	0	0	0	0	0	0	0	0	0	0	0	0	0	0	0	0	0	0	0	0	0	0	0	0	0	0	0	0	0	0	0	0	0	0	0	0	0	0	0	0	0	0	0	0	0	0	0	0	0	0	0	25.839	0	0	0	0	0	0	0	0	0	0	0	0	0	0	0	0	0	0	0	0	0	0	0	0	0
1997	NORT3	33.976	0	0	0	0	0	0	0	0	0	0	0	0	0	0	0	0	0	0	0	0	0	0	0	0	0	0	0	0	0	0	0	0	2.932	0	0	0	0	0	0	0	0	0	0	0	0	0	0	0	0	0	0	0	0	30.816	0	0	0	0	0	0	0	0	0.119	0	0	0	0	0.109	0	0	0	0	0	0	0	0	0	0	0
1999	NORT3	7.138	0	0	0	0	0	0	0	0	0	0	0	0	0	0	0	0	0	0	0	0	0	0	0	0	0	0	0	0	0	0	0	0	0	0	0	0	0	0	0	0	0	0	0	0	0	0	0	0	0	0	0	0	0	7.138	0	0	0	0	0	0	0	0	0	0	0	0	0	0	0	0	0	0	0	0	0	0	0	0	0
2000	NORT3	53.94	0	0	0	0	0	0	0	0	0	0	0	0	0	0	0	0	0	0	0	0	0	0	0	0	0	0	0	0	0	0	0	0	0	0	0	0	0	0	0	0	0	0	0	0	0	0	0	0	0	0	0	0	0	53.94	0	0	0	0	0	0	0	0	0	0	0	0	0	0	0	0	0	0	0	0	0	0	0	0	0
2001	NORT3	19.913	0	0	0	0	0	0	0	0	0	0	0	0	0	0	0	0	0	0	0	0	0.006	0	0	0	0	0	0	0	0	0	0	0	9.85	0	0	0	0	0	0	0	0	0	0	0	0	0	0	0	0	0	0	0	0	9.853	0	0	0	0	0	0	0	0	0.014	0	0	0	0	0.19	0	0	0	0	0	0	0	0	0	0	0
2002	NORT3	16.087	0	0	0	0	0	0	0	0	0	0	0	0	0	0	0	0	0	0	0	0	0	0	0	0	0	0	0	0	0	0	0	0	0	0	0	0	0	0	0	0	0	0	0	0	0	0	0	0	0	0	0	0	0	16.087	0	0	0	0	0	0	0	0	0	0	0	0	0	0	0	0	0	0	0	0	0	0	0	0	0
2003	NORT3	31.297	0	0	0	0	0	0	0	0	0	0	0	0	0	0	0	0	0	0	0	0	0	0	0	0	0	0	0	0	0	0	0	0	26.063	0	0	0	0	0	0	0	0	0	0	0	0	0	0.003	0	0	0	0	0	0	4.122	0	0	0	0	0	0	0	0	0	0	0	0	0	1.109	0	0	0	0	0	0	0	0	0	0	0
2004	NORT3	3.373	0.062	0	0	0	0	0	0	0	0	0	0	0	0	0	0	0	0	0	0	0	0	0	0	0	0	0	0	0	0	0	0	0	0	0	0	0	0	0	0	0	0	0	0	0	0	0	0	0	0	0	0	0	0	2.815	0	0	0	0	0	0	0	0	0	0	0	0	0	0.496	0	0	0	0	0	0	0	0	0	0	0
2005	NORT3	135.403	0	0	0	0	0	0	0	0	0	0	0	0	0	0	0	0	0	0	0	0	0	0	0	0	0	0	0	0	0.167	0	0	0	96.34	0	0.706	0	0	0	0	0	0	0	0	0	0	0	0	0	0	0	0	0	0	4.183	0	0	0	0	31.852	0	0	0	1.155	0	0	0	0	0	0	1	0	0	0	0	0	0	0	0	0
2007	NORT3	2480.427	0	0	0	0	0	0	0	0	0	0	0	0	0	0	0	0	0	0	0	0	114.406	0	0	0	0	0	0	0	0	0	0	4.759	0.133	1459.176	0	0	0	0	0	0	0	0	0	0	0	0	0	0	0	0	0	0	0	145.182	11.148	0	0	0	248.84	0	0.004	0	8.44	0	13.924	0	0	474.317	0	0	0.022	0	0	0.076	0	0	0	0	0
2008	NORT3	0.514	0	0	0	0	0	0	0	0	0	0	0	0	0	0	0	0	0	0	0	0	0	0	0	0	0	0	0	0	0	0	0	0.143	0	0	0	0	0	0	0	0	0	0	0	0	0	0	0	0	0	0	0	0	0	0	0	0	0	0	0	0	0	0	0	0	0	0	0	0.371	0	0	0	0	0	0	0	0	0	0	0
1989	NORT4	1.314	0	0	0	0.043	0	0	0	0	0	0	0	0	0	0	0	0	0	0	0	0	0	0	0	0	0	0	0	0	0	0	0	0	0	0	0	0	0	0	0	0	0	0	0	0	0	0	0	0	0	0	0	0	0	0	0	0	0	0	0	0	0	0	0	0	0	0	0	0	1.271	0	0	0	0	0	0	0	0	0	0
1990	NORT4	8.267	0	0	0	0	0	0	0	0	0	0	0	0	0	0	0	0	0	0	0	0	0	0	0	0	0	0	0	0	0	0	0	0	0	0.015	0	0	0	0	2.779	0	0	0	0	0	0	0	0	0	0	0	0	0	0	4.524	0	0	0	0	0	0	0	0	0.29	0	0	0	0	0	0.41	0	0.249	0	0	0	0	0	0	0	0
1991	NORT4	7.154	0	0	0	0	0	0	0	0	0	0	0	0	0	0	0	0	0	0	0	0	0	0	0	0	0	0	0	0	0	0	0	0	0	0	0	0	0	0	1.903	0	0	0	0	0	0	0	0	0	0	0	0	0	0	5.228	0	0	0	0	0	0	0	0	0	0	0	0	0	0	0.005	0	0.018	0	0	0	0	0	0	0	0
1992	NORT4	17.855	0	0	0	0	0	0	0	0	0	0	0	0	0	0	0	0	0	0	0	0	0	0	0	1.536	0	0	0	0	0	0	0	0	4.575	0	0	0	0	0	0	0	0.762	0	0	0	0	0	0	0	0	0	0	0	0	3.057	0	0	0	0	0	0	0	0	0	0	0	1.912	0	0	3.109	2.904	0	0	0	0	0	0	0	0	0
1993	NORT4	5.148	0	0	0	0	0	0	0	0	0	0	0	0	0	0	0	0	0	0	0	0	0	0	0	0	0	0	0	0	0	0	0	0	3.198	0	0	0	0	0	0	0	0	0	0	0	0	0	0	0	0	0	0	0	0	0	0	0	0	0	0	0	0	0	0.04	0	0	0	0	0.587	0.726	0	0.597	0	0	0	0	0	0	0	0
1995	NORT4	10.763	0	0	0	0	0	0	0	0	0	0	0	0	0	0	0	0	0	0	0	0	0	0	0	0	0	0	0	0	0	0	0	0	10.648	0	0	0	0	0	0	0	0	0	0	0	0	0	0	0	0	0	0	0	0	0	0	0	0	0	0	0	0	0	0.067	0	0	0	0	0	0.003	0	0.045	0	0	0	0	0	0	0	0
1997	NORT4	16.568	0	0	0.227	0	0	0	0	0	0	0	0	0	0	0	0	0	0	0	0	0	0	0	0	0	0	0	0	0	0	0	0	0.286	0.177	0	0	0	0	0	0	0	0	0	0	0	0	0	0	0	0	0	0	0	0	12.065	0	0	0	0	0	0.358	0	0	0	0	0	0.193	0	1.848	0.182	0	1.232	0	0	0	0	0	0	0	0
1998	NORT4	0.187	0	0	0	0	0	0	0	0	0	0	0	0	0	0	0	0	0	0	0	0	0	0	0	0	0	0	0	0	0	0	0	0.143	0	0	0	0	0	0	0	0	0	0	0	0	0	0	0	0	0	0	0	0	0	0	0	0	0	0	0	0	0	0	0	0	0.044	0	0	0	0	0	0	0	0	0	0	0	0	0	0
1999	NORT4	0.141	0	0	0	0	0	0	0	0	0	0	0	0	0	0	0	0	0	0	0	0	0	0	0	0	0	0	0	0	0	0.002	0	0	0.036	0	0	0	0	0	0	0	0	0	0	0	0	0	0	0	0	0	0	0	0	0	0	0	0	0	0	0	0	0	0	0	0	0	0	0.043	0	0	0.06	0	0	0	0	0	0	0	0
2001	NORT4	33.121	0	0	0	0	0	0	0	0	0	0	0	0	0	0	0	0	0	0	0	0	0	0	0	0	0	0	0	0	0	0	0	0	20.447	0.097	0	0	0	0	0	0	0.559	0	0	0	0	0	0	0	0	0	0	0	0	9.25	0	0	0	0	0	0	0	0	0	0	2.663	0	0	0	0	0	0	0	0	0	0.105	0	0	0	0
2002	NORT4	9.049	0	0	0	0	0	0	0	0	0	0	0	0	0	0	0	0	0	0	0	0	0	0	0	0	0	0	0	0	0	0	0	0	0	0	0	0	0	0	0	0	0	0	0	0	0	0	0	0	0	0	0	0	0	9.049	0	0	0	0	0	0	0	0	0	0	0	0	0	0	0	0	0	0	0	0	0	0	0	0	0
2003	NORT4	19.367	0	0	0	0	0	0	0	0	0	0	0	0	0	0	0	0	0	0	0	0	0	0	0	0	0	0	0	0	0	0	0	0	19.143	0	0	0	0	0	0	0	0	0	0	0	0	0	0	0	0	0	0	0	0	0	0	0	0	0	0	0	0	0	0	0	0	0	0	0	0	0	0.224	0	0	0	0	0	0	0	0
2004	NORT4	3.18	0	0	0	0	0.242	0	0	0	0	0	0	0	0	0	0	0	0	0	0	0	0	0	0	0	0	0	0	0	0	0	0	0	0	0	0	0	0	0	0	0	0	0	0	0	0	0	0	0	0	0	0	0	0	2.815	0	0	0	0	0	0	0	0	0	0	0	0	0	0	0	0	0.082	0.041	0	0	0	0	0	0	0
2005	NORT4	40.937	0	0	0	0	0	0	0	0	0	0	0	0	0	0	0	0	0	0	0	0	0	0	0	0	0	0	0	0.753	0	0	0	0	38.422	0	0	0	0	0	0	0	0.102	0	0	0	0	0	0	0	0	0	0	0	0	0	0	0	0	0	0	0	0	0	0.003	0	0	0	0	0.761	0	0	0.896	0	0	0	0	0	0	0	0
2006	NORT4	15.61	0	0	0	0	0	0	0	0	0	0	0	0	0	0	0	0	0	0	0	0	0	0	0	0	0	0	0	0	0	0	0	0	0	0	0	0	0	0	0	0	0	0	0	0	0	0	0	0	0	0	0	0	0	15.584	0	0	0	0	0	0	0	0	0	0	0	0	0	0.026	0	0	0	0	0	0	0	0	0	0	0
2007	NORT4	3285.227	0	0	0	0	0	0	0	0	0	0	0	0	0	0	0	0	0	0	0	0	100.979	0	0	0	0	0	0	0	0	0	0	16.941	0.281	2484.163	0	0	0	0	0	0	0	0	0	0	0	0	0	0	0	0	0	0	0	239.137	1.917	0	0	0	0	0	0	0	2.479	0	16.975	9.442	0	394.861	11.22	0	6.832	0	0	0	0	0	0	0	0
2008	NORT4	177.686	0	0	0	0	0	0	0	0	0	0	0	0	0	0	0	0	0	0	0	0	0	0	0	0	0	0	0	0	0	0	0	0.41	0	0	0	0	0	0	0	0	0	0	0	0	0	0	0	0	0	0	0	0	0	175.746	0	0	0	0	0	0	0	0	0	0	0	0	0	1.233	0.036	0	0.261	0	0	0	0	0	0	0	0
1989	RABB	154.975	0	0	0	0	0	0	0	0	0	0	0	0	0	0	0	0	0	0	0	0	0	0	0	0	0	0	0	0	0	0	0	0	0	0	0	0	0	0	0.063	0	15.181	0	0	0	0	0	0	0	0	0	0	0	0	134.846	0	0	0	0	0	0	0	0	0.167	0	0	0	0	0	0	4.718	0	0	0	0	0	0	0	0	0
1990	RABB	130.82	0	0	0	0	0	0	0	0	0	0	0	0	0	0	0	0	0	0	0	0	0	0	0	0	0	0	0	0	0	0	0	0	0	0	0	0	0	0	8.712	0	6.183	0	0	0	0	0	0	0	0	0	0	0	0	106.978	0	0	0	0	0	0	0	0	5.556	0	0	0	0	0	0	3.391	0	0	0	0	0	0	0	0	0
1991	RABB	157.794	0	0	0	0	0	0	0	0	0	0	0	0	0	0	0	0	0	0	0	0	0	0	0	0	0	0	0	0	0	0	0	0	0	0	0	0	0	0	27.105	0	1.158	0	0	0	0	0	0	0	0	0	0	0	0	129.314	0	0	0	0	0	0	0	0	0	0	0	0	0	0	0	0.217	0	0	0	0	0	0	0	0	0
1992	RABB	206.986	0.045	0	0	0	0	0	0	0	0	0	0	0	0	0	0	0	0	0	0	0	0	0	0	0	0	0	0	0	0	0	0	0	0.222	0	0	0	0	0	40.491	0	5.425	0	0	0	0	0	0	0	0	0	0	0	0	150.405	0	0	0.183	0	0	0.696	0	0	0	0	0	0	0	0	0	9.516	0	0.003	0	0	0	0	0	0	0
1993	RABB	276.792	0	0	0	0	0	0	0	0	0	0	0	0	0	0	0	0	0	0	0	0	0.002	0	0	0	0	0	0	0	0	0	0	0	16.881	0	0	0	0	0	29.776	0	4.062	0	0	0	0	0	0	0	0	0	0	0	0	215.754	0	0	0	0	0	0	0	0	0.534	0	0	0	0	9.783	0	0	0	0	0	0	0	0	0	0	0
1994	RABB	258.965	0	0	0	0	0	0	0	0	0	0	0	0	0	0	0	0	0	0	0	0	0	0	0	0	0	0	0	0	0	0	0	0	0	0	0	0	0	0	12.351	0	0.374	0	0	0	0	0	0	0	0	0	0	0	0	239.957	0	0	0	0	0	0	0	0	0	0	0	0	0	6.283	0	0	0	0	0	0	0	0	0	0	0
1995	RABB	316.64	0	0	0	0	0	0	0	0	0	0	0	0	0	0	0	0	0	0	0	0	0.024	0	0	0	0	0	0	0	0.084	0	0	0.665	115.235	0	0	0	0	0	0	0	1.616	0	0	0	0	0	0	0	0	0	0	0	0	197.636	0	0	0	0	0	0	0	0	0	0	0	0	0	0.967	0	0	0	0	0	0	0	0	0	0.413	0
1996	RABB	165.09	0	0	0	0	0	0	0	0	0	0.014	0	0	0	0	0	0	0	0	0	0	0	0	0	0	0	0	0	0	0	0	0	0.264	0	0	0	0	0	0	0	0	0	0	0	0	0	0	0	0	0	0	0	0	0	164.789	0	0	0	0	0	0	0	0	0.017	0	0	0	0	0.006	0	0	0	0	0	0	0	0	0	0	0
1997	RABB	200.318	0	0	0	0	0	0	0	0	0	0	0	0	0	0	0	0	0	0	0	0	0.432	0	0	0	0	0	0	0	0	0	0	7.533	0	0	0	0	0	0	0	0	0.512	0	0	0	0	0	0	0	0	0	0	0	0.006	187.989	0	0	0	0	0	0	0	0	1.036	0	0	0	0	0.635	0	2.174	0	0.001	0	0	0	0	0	0	0
1998	RABB	174.134	0	0	0	0	0	0	0	0	0	0	0	0	0	0	0	0	0	0	0	0	0.001	0	0	0	0	0	0	0	0	0	0	23.441	0	0	0	0	0	0	0	0	2.299	0	0	0	0	0	0	0	0	0	0	0	0	147.708	0	0	0	0	0	0	0	0	0.002	0	0	0	0	0	0	0.683	0	0	0	0	0	0	0	0	0
1999	RABB	225.223	0	0	0	0	0	0	0	0	0	0	0	0	0	0	0	0	0	0	0	0	0.272	0	0	0	0	0	0	0	0	0	0	16.628	24.559	0.073	0	0	0	0	0	0	0.68	0	0	0	0	0	0	0	0	0	0	0	0	183.01	0.001	0	0	0	0	0	0	0	0	0	0	0	0	0	0	0	0	0	0	0	0	0	0	0	0
2000	RABB	181.243	0	0	0	0	0	0	0	0	0	0	0	0	0	0	0	0	0	0	0	0	0	0	0	0	0	0	0	0	0	0	0	0.896	0	0	0	0	0	0	0	0	0.068	0	0	0	0	0	0	0	0	0	0	0	0	180.279	0	0	0	0	0	0	0	0	0	0	0	0	0	0	0	0	0	0	0	0	0	0	0	0	0
2001	RABB	273.03	0	0	0	0	0	0	0	0	0	0	0	0	0	0	0	0	0	0	0	0	0.043	0	0	0	0	0	0	0	0.017	0	0	21.29	53.911	0.484	0.004	0	0	0	0	0	4.377	0	0	0	0	0	0	0	0	0	0	0	0	191.343	0	0	0	0	0	0	0	1.017	0.109	0	0	0	0	0.435	0	0	0	0	0	0	0	0	0	0	0
2002	RABB	267.349	0	0	0	0	0	0	0	0	0	0	0	0	0	0	0	0	0	0	0	0	0	0	0	0	0	0	0	0	0	0	0	1.944	0	0	0	0	0	0	0	0	0	0	0	0	0	0	0	0	0	0	0	0	0	265.405	0	0	0	0	0	0	0	0	0	0	0	0	0	0	0	0	0	0	0	0	0	0	0	0	0
2003	RABB	359.092	0	0	0	0	0	0	0	0	0	0	0	0	0	0	0	0	0	0	0	0	0	0	0	0	0	0	0	0	0	0	0	4.19	74.219	0	0	0	0	0	0	0	0.376	0	0	0	0	0	0	0	0	0	0	0	0	280.307	0	0	0	0	0	0	0	0	0	0	0	0	0	0	0	0	0	0	0	0	0	0	0	0	0
2004	RABB	401.986	0	0	0	0	0	0	0	0	0	0	0	0	0	0	0	0	0	0	0	0	0	0	0	0	0	0	0.057	0.753	0	0	0	0.282	0	0	0	0	0	0	0	0	2.238	0	0	0	0	0	0	0	0	0	0	0	0	398.245	0	0	0	0	0	0	0	0	0.38	0	0	0	0	0	0	0	0	0.031	0	0	0	0	0	0	0
2005	RABB	230.304	0	0	0	0	0	0	0	0	0	0.142	0	0	0	0	0	0	0	0	0	0	0.484	0	0	0	0	0	0	1.506	0.778	0	0	0.376	112.65	2.538	0.003	0	0	0	0	0	0.115	0	0	0	0	0	0	0	0	0	0	0	0	111.058	0.625	0	0	0	0	0	0	0.003	0	0	0	0	0	0.026	0	0	0	0	0	0	0	0	0	0	0
2006	RABB	38.918	0	0	0	0	0	0	0	0	0	0.095	0	0	0	0	0	0	0	0	0	0	0	0	0	0	0	0	0	0	0	0	0	0	0	0	0	0	0	0	0	0	0	0	0	0	0	0	0	0	0	0	0	0	0	38.78	0	0	0	0	0	0	0	0	0	0	0	0	0	0.043	0	0	0	0	0	0	0	0	0	0	0
2007	RABB	4850.285	0	0	0	0	0	0	0	0	0	0	0	1.538	32.536	0	0	0	0	0	0	0	58.821	0.067	0	0	0	0	0	0	0	0	0	47.618	0	3846.667	0.01	0	0	0	0	0	0.155	0	0	0	0	0	0	0	0	0	0	0	0.001	616.731	22.479	0.181	0	0.033	0.058	0	0	0	0.228	0.1	0	0	0	223.062	0	0	0	0	0	0	0	0	0	0	0
2008	RABB	94.212	0	0	0	0	0	0	0	0	0	3.845	0	0	0	0	0	0	0	0	0	0	0	0	0	0	0	0	0	0	0	0	0	2.64	0	0	0	0	0	0	0	0	0	0	0	0	0	0	0	0	0	0	0	0	0	86.819	0	0	0	0	0	0	0	0	0	0	0	0	0	0.908	0	0	0	0	0	0	0	0	0	0	0
1989	RABB1	18.023	0	0	0	0	0	0	0	0	0	0	0	0	0	0	0	0	0	0	0	0	0	0	0	0	0	0	0	0	0	0	0	0	0	0	0	0	0	0	0	0	16.081	0	0	0	0	0	0	0	0	0	0	0	0	0	0	0	0	0	0	0	0	0	0.247	0	0	0	0	0	0	1.695	0	0	0	0	0	0	0	0	0
1990	RABB1	29.844	0	0	0	0	0	0	0	0	0	0	0	0	0	0	0	0	0	0	0	0	0	0	0	0	0	0	0	0	0	0	0	0	0	0	0	0	0	0	1.694	0	8.324	0	0	0	0	0	0	0	0	0	0	0	0	0	0	0	0	0	0	0	0	0	11.648	0	0	0	0	0	0	8.175	0	0.003	0	0	0	0	0	0	0
1991	RABB1	10.242	0	0	0	0	0	0	0	0	0	0	0	0	0	0	1.136	0	0	0	0	0	0	0	0	0	0	0	0	0	0	0	0	0	0	0	0	0	0	0	5.049	0	1.74	0	0	0	0	0	0	0	0	0	0	0	0	0	0	0	0	0	0	0	0	0	0	0	0	0	0	0	0	2.317	0	0	0	0	0	0	0	0	0
1992	RABB1	40.451	3.048	0	0	0	0	0	0	0	0	0	0	0	0	0	0	0	0	0	0	0	0	0	0	0	0	0	0	0	0	0	0	0	0.842	0	0	0	0	0	7.026	0	14.286	0	0	0	0	0	0	0	0	0	0	0	0	0	0	0	0.054	0	0	1.132	0	0	0.516	0	0	0	0	0	0	13.521	0	0.026	0	0	0	0	0	0	0
1993	RABB1	37.988	0	0	0	0	0	0	0	0	0	0	0	0	0	0	0	0	0	0	0	0.017	0	0	0	0	0	0	0	0	0	0	0	0	18.229	0	0	0	0	0	2.29	0	9.946	0	0	0	0	0	0	0	0	0	0	0	0.002	0	0.206	0	0	0	0	0	0	0	2.254	0	0	0	0	0.792	0	4.252	0	0	0	0	0	0	0	0	0
1994	RABB1	4.327	0	0	0	0	0	0	0	0	0	0	0	0	0	0	0	0	0	0	0	0	0	0	0	0	0	0	0	0	0	0	0	0	0	0	0	0	0	0	1.505	0	0.788	0	0	0	0	0	0	0	0	0	0	0	0	0	0	0	0	0	0	0	0	0	0	0	0	0	0	1.825	0	0.209	0	0	0	0	0	0	0	0	0
1995	RABB1	127.84	0	0	0	0	0	0	0	0	0	0	0	0	0	0	0	0	0	0	0	0	0.031	0	0	0	0	0	0	0	0.117	0	0	0	121.074	0.242	0	0	0	0	0	0	1.87	0	0	0	0	0	0	0	0	0	0	0	0	0	0.007	0	0	0	0	0	0	0	0.333	0	0	0	0	0.261	0	0	0	0	0	0	0	0	0	3.905	0
1996	RABB1	15.65	0	0	0	0	0	0	0	0	0	0	0	0	0	0	0	0	0	0	0	0	0	0.002	0	0	0	0	0	0	0	0	0	0.189	0	0	0	0	0	0	0	0	0.003	0	0	0	0	0	0	0	0	0	0	0	0	0	0	0	0	0	0	0	0	0	0.021	0	0	0	0	0.039	0	0	0	0	0	0	0	0	0	15.396	0
1997	RABB1	34.487	0	0	0.001	0	0	0	0	0	0	0	0	0	0	0	0	0	0	0	0	0	0.186	0.067	0	0	0	0	0	0	0	0	0	8.55	0	0	0	0	0	0	0	0	1.099	0	0	0	0	0	0	0	0	0	0	0	0	0	0	0	0	0	0	0.13	0	0.02	24.432	0	0	0	0	0	0	0	0	0.002	0	0	0	0	0	0	0
1998	RABB1	8.018	0	0	0	0	0	0	0	0	0	0	0	0	0	0	0	0	0	0	0	0	0	0.126	0	0	0	0	0	0	0	0	0	6.618	0	0	0	0	0	0	0	0	1.231	0	0	0	0	0	0	0	0	0	0	0	0	0	0	0	0	0	0	0	0	0	0.043	0	0	0	0	0	0	0	0	0	0	0	0	0	0	0	0
1999	RABB1	3.995	0	0	0	0	0	0	0	0	0	0	0	0	0	0	0	0	0	0	0	0	0.127	0	0	0	0	0	0	0	0	0	0	2.416	0.894	0	0	0	0	0	0	0	0.558	0	0	0	0	0	0	0	0	0	0	0	0	0	0	0	0	0	0	0	0	0	0	0	0	0	0	0	0	0	0	0	0	0	0	0	0	0	0
2000	RABB1	2.291	0	0	0	0	0	0	0	0	0	0	0	0	0	0	0	0	0	0	0	0	0	0	0	0	0	0	0	0	0	0	0	2.007	0	0	0	0	0	0	0	0	0.284	0	0	0	0	0	0	0	0	0	0	0	0	0	0	0	0	0	0	0	0	0	0	0	0	0	0	0	0	0	0	0	0	0	0	0	0	0	0
2001	RABB1	79.828	0	0	0	0	0	0	0	0	0	0	0	0	0	0	0	0	0	0	0	0	0.308	0	0	0	0	0	0	0	0	0	0	11.29	62.083	1.658	0	0	0	0	0	0	2.741	0	0	0	0	0	0	0	0	0	0	0	0	0	0.057	0	0	0	0	0	0	0.294	0	0	0	0	0	0	0	1.304	0	0	0.093	0	0	0	0	0	0
2002	RABB1	4.34	0	0	0	0	0	0	0	0	0	0	0	0	0	0	0	0	0	0	0	0	0	0	0	0	0	0	0	0	0	0	0	4.121	0	0	0	0	0	0	0	0	0.219	0	0	0	0	0	0	0	0	0	0	0	0	0	0	0	0	0	0	0	0	0	0	0	0	0	0	0	0	0	0	0	0	0	0	0	0	0	0
2003	RABB1	98.927	0	0	0	0	0	0	0	0	0	0	0	0	0	0	0	0	0	0.014	0	0	0	0	0	0	0	0	0	0	0.005	0	0	1.788	92.144	3.92	0	0	0	0	0	0	1.051	0	0	0	0	0	0	0	0	0	0	0	0	0	0	0	0	0	0	0	0	0	0.005	0	0	0	0	0	0	0	0	0	0	0	0	0	0	0	0
2004	RABB1	3.412	0.354	0	0	0	0	0	0	0	0	0	0	0	0	0	0	0	0	0	0	0	0	0	0	0	0	0	0	0	0	0	0	0	0	0	0	0	0	0	0	0	0.464	0	0	0	0	0	0	0	0	0	0	0	0	0	0	0	0	0	0	0	0	0	0	0	0	0	0	0.783	0	0	0	1.811	0	0	0	0	0	0	0
2005	RABB1	508.634	0	0	0	0	0	0	0	0	0	0	0	0	0	0	0	0	0	0	0	0	0.402	0	0	0	0	0	0	0	0.328	0	0	0.063	101.724	382.83	0	0	0	0	0	0	0.382	0	0	0	0	0	0	0	0	0	0	0	0	0	1.158	0	0	0	0	0	0	0	21.356	0	0	0	0	0.391	0	0	0	0	0	0	0	0	0	0	0
2007	RABB1	3365.771	0	0	0	0	0	0	0	0	0	2.307	0	0	8.045	0	0	0	0	0	0	0	90.735	1.06	0	0	0	0	0	0	0	0	0	40.333	0	2802.272	0.026	0	0	0	0	0	2.657	0	0	0	0	0	0	0	0	4.473	0	0	0	0	26.264	0.002	0	0	0.083	0	0	0	0	0	0	0	0	369.774	0	17.74	0	0	0	0	0	0	0	0	0
2008	RABB1	3.571	0	0	0	0	0	0	0	0	0	0	0	0	0	0	0	0	0	0	0	0	0	0	0	0	0	0	0	0	0	0	0	1.694	0	0	0	0	0	0	0	0	0	0	0	0	0	0	0	0	0	0	0	0	0	0	0	0	0	0	0	0	0	0	0	0	0	0	0	1.877	0	0	0	0	0	0	0	0	0	0	0
1989	RABB2	2.611	0	0	0	0	0	0	0	0	0	0	0	0	0	0	0	0	0	0	0	0	0	0	0	0	0	0	0	0	0	0	0	0	0	0	0	0	0	0	0.126	0	2.319	0	0	0	0	0	0	0	0	0	0	0	0	0	0	0	0	0	0	0	0	0	0.166	0	0	0	0	0	0	0	0	0	0	0	0	0	0	0	0
1990	RABB2	47.583	0	0	0	0	0	0	0	0	0	0	0	0	0	0	0.781	0	0	0	0	0	0	0.05	0	0	0	0	0	0	0	0	0	0	0	0	0	0	0	0	7.916	0	10.787	0	0	0	0	0	0	0	0	0	0	0	0	17.772	0	0	0	0	0	0	0	0	7.89	0	0	0	0	0	0	2.387	0	0	0	0	0	0	0	0	0
1991	RABB2	30.779	0	0	0	0	0	0	0	0	0	0	0	0	0	0	0	0	0	0	0	0	0	0.067	0	0	0	0	0	0	0	0	0	0	0	0	0	0	0	0	29.896	0	0.816	0	0	0	0	0	0	0	0	0	0	0	0	0	0	0	0	0	0	0	0	0	0	0	0	0	0	0	0	0	0	0	0	0	0	0	0	0	0
1992	RABB2	166.235	0.161	0	0	0	0	0	0	0	0	0	0	0	0	0	0	0	0	0	0	0	0	0	0	0	0	0	0	0	0	0	0	0	0	0	0	0	0	0	45.158	0	17.597	0	0	0	0	0	0	0	0	0	0	0	0	82.291	0	0	0.19	0	0	1.713	0	0	0.077	0	0	0	0	0	0	19.043	0	0.005	0	0	0	0	0	0	0
1993	RABB2	97.02	0	0	0	0	0	0	0	0	0	0	0.059	0	0	0	0	0	0	0	0	0	0.037	0	0	0	0	0	0	0	0	0	0	0	21.939	0	0	0	0	0	15.945	0	9.174	0	0	0	0	0	0	0	0	0	0	0	0	43.289	0.488	0	0	0	0	0	0	0	0.98	0	0	0	0	0	0	5.109	0	0	0	0	0	0	0	0	0
1994	RABB2	128.238	0	0	0	0	0	0	0	0	0	0.035	0	0	0	0	0	0	0	0	0	0	0	0	0	0	0	0	0	0	0	0	0	0	0	0	0	0	0	0	9.19	0	1.178	0	0	0	0	0	0	0	0	0	0	0	0	117.835	0	0	0	0	0	0	0	0	0	0	0	0	0	0	0	0	0	0	0	0	0	0	0	0	0
1995	RABB2	98.205	0	0	0	0	0	0	0	0	0	0	0	0	0	0	0	0	0	0	0	0	1.278	0	0	0	0	0	0	0	1.597	0	0	0.458	28.031	0.653	0	0	0	0	0	0	4.465	0	0	0	0	0	0	0	0	0	0	0	0	61.683	0	0	0	0	0	0	0	0.026	0.014	0	0	0	0	0	0	0	0	0	0	0	0	0	0	0	0
1996	RABB2	16.023	0	0	0	0	0	0	0	0	0	0	0	0	0	0	0	0	0	0	0	0	0	0	0	0	0	0	0	0	0	0	0	1.11	0	0	0	0	0	0	0	0	0.082	0	0	0	0	0	0	0	0	0	0	0	0	14.798	0	0	0	0	0	0	0	0	0.026	0	0	0	0	0.007	0	0	0	0	0	0	0	0	0	0	0
1997	RABB2	35.317	0	0	0	0	0	0	0	0	0	0	0	0	0	0	0	0	0	0	0	0	0.515	0	0	0	0	0	0	0	0.134	0	0	19.453	0	0	0	0	0	0	0	0	3.927	0	0	0	0	0	0	0	0	0	0	0	0	10.961	0	0	0	0	0	0	0	0	0.205	0	0	0	0	0.122	0	0	0	0	0	0	0	0	0	0	0
1998	RABB2	52.8	0	0	0	0	0	0	0	0	0	0	0	0	0	0	0	0	0	0	0	0	0	0	0	0	0	0	0	0	0	0	0	23.197	0	0	0	0	0	0	0	0	2.606	0	0	0	0	0	0	0	0	0	0	0	0	26.693	0	0	0	0	0	0	0	0	0	0	0	0	0	0.304	0	0	0	0	0	0	0	0	0	0	0
1999	RABB2	34.328	0	0	0	0	0	0	0	0	0	0	0	0	0	0	0	0	0	0	0	0	0.416	0	0	0	0	0	0	0	0	0	0	3.989	0	0.015	0	0	0	0	0	0	1.071	0	0	0	0	0	0	0	0	0	0	0	0	28.836	0.001	0	0	0	0	0	0	0	0	0	0	0	0	0	0	0	0	0	0	0	0	0	0	0	0
2000	RABB2	26.204	0	0	0	0	0	0	0	0	0	0	0	0.592	0	0	0	0	0	0	0	0	0	0	0	0	0	0	0	0	0	0	0	9.724	0	0	0	0	0	0	0	0	0.328	0	0	0	0	0	0	0	0	0	0	0	0	15.559	0	0	0	0	0	0	0	0	0.001	0	0	0	0	0	0	0	0	0	0	0	0	0	0	0	0
2001	RABB2	125.665	0	0	0	0	0	0	0	0	0	0.035	0	2.839	5.679	0	0	0	0	0	0.032	0	2.564	0	0	0	0	0	0	0	0.803	0	0	41.043	11.335	0.184	0	0	0	0	0	0	6.559	0	0	0	0	0	0	0	0	0	0	0	0	54.561	0.031	0	0	0	0	0	0	0	0	0	0	0	0	0	0	0	0	0	0	0	0	0	0	0	0
2002	RABB2	158.4	0	0	0	0	0	0	0	0	0	0.805	0	0	0	0	0	0	0	0.056	0	0	0	0	0	0	0	0	0	0	0	0	0	6.098	0	0	0	0	0	0	0	0	0.068	0	0	0	0	0	0	0	0	0	0	0	0	151.373	0	0	0	0	0	0	0	0	0	0	0	0	0	0	0	0	0	0	0	0	0	0	0	0	0
2003	RABB2	86.621	0	0	0	0	0	0	0	0	0	3.194	0	0	0	0	0	0	0	0	0	0	0	0	0	0	0	0	0	0	0	0	0	13.079	12.242	0	0	0	0	0	0	0	0.81	0	0	0	0	0	0	0	0	0	0	0	0	56.774	0	0	0	0	0	0	0	0	0	0	0	0	0	0	0	0.522	0	0	0	0	0	0	0	0	0
2004	RABB2	74.519	0	0	0	0	0	0	0	0	0	0	0	0	0	0	0	0	0	0	0	0	0	0	0	0	0	0	0	0	0.177	0	0	0.013	0	0	0	0	0	0	0	0	0.672	0	0	0	0	0	0	0	0	0	0	0	0	73.647	0	0	0	0	0	0	0	0	0	0	0	0	0	0	0	0	0	0.01	0	0	0	0	0	0	0
2005	RABB2	238.134	0	0	0	0	0	0	0	0	0	0	0	0	0	0	0	0	0	0.027	0	0	0.119	0	0	0	0	0	0	0	6.121	0	0	0.439	69.18	125.193	0	0	0	0	0	0	1.49	0	0	0	0	0	0	0	0	0	0	0	0	32.571	0	0	0	0	0	0	0	0	2.994	0	0	0	0	0	0	0	0	0	0	0	0	0	0	0	0
2006	RABB2	8.748	0	0	0	0	0	0	0	0	0	0	0	0	0	0	0	0	0	0	0	0	0	0	0	0	0	0	0	0	0	0	0	0	0	0	0	0	0	0	0	0	0	0	0	0	0	0	0	0	0	0	0	0	0	8.748	0	0	0	0	0	0	0	0	0	0	0	0	0	0	0	0	0	0	0	0	0	0	0	0	0
2007	RABB2	2869.744	0	0	0	0	0	0	0	0	0	0.544	0	0.166	0	0	0	0	0	0	0	0	49.201	0.353	0	0	0	0	0	0	0	0	0	41.15	0	2474.618	0	0	0	0	0	0	4.111	0	0	0	0	0	0	0	0	0	0	0	0	129.591	83.563	0	0	0	0	0	0	0	0	0	9.292	0	0	77.155	0	0	0	0	0	0	0	0	0	0	0
2008	RABB2	104.162	0	0	0	0	0	0	0	0	0	0.284	0	0	0	0	0	0	0	0	0	0	0	0.002	0	0	0	0	0	0	0	0	0	10.131	0	0	0	0	0	0	0	0	0	0	0	0	0	0	0	0	0	0	0	0	0	92.94	0	0	0	0	0	0	0	0	0	0	0	0	0	0.805	0	0	0	0	0	0	0	0	0	0	0
1989	RABB3	50.877	0	0	0	0	0	0	0	0	0	0	25.401	0	0	0	0	0	0	0	0	0	0.009	0	0	0	0	0	0	0	0	0	0	0	0	0	0	0	0	0	8.469	0	16.979	0	0	0	0	0	0	0	0	0	0	0	0	0	0	0	0	0	0	0	0	0	0.019	0	0	0	0	0	0	0	0	0	0	0	0	0	0	0	0
1990	RABB3	91.279	0	0	0	0	0	0	0	0	0	0	0	0	0	0	45.94	0	0	0	0	0	0	0.362	0	0	0	0	0	0	0	0	0	0	0	0	0	0	0	0	26.998	0	15.884	0	0	0	0	0	0	0	0	0	0	0	0	0	0	0	0	0	0	0	0	0	0.454	0	0	0	0	0	0	1.625	0	0.016	0	0	0	0	0	0	0
1991	RABB3	108.388	0	0	0	0	0	0	0	0	0	0	0	0	0	0	35.861	0	0	0	0	0	0	0.05	0	0	0	0	0	0	0	0	0	0	0	0	0	0	0	0	70.306	0	2.084	0	0	0	0	0	0	0	0	0	0	0	0	0	0	0	0	0	0	0	0	0	0	0	0	0	0	0	0	0.087	0	0	0	0	0	0	0	0	0
1992	RABB3	273.658	0.056	0	0	0	0	0	0	0	0	0	0	0	0	0	60.283	0	0	0	0	0	0	0.677	0	0	0	0	0	0	0	0	0	0	0.002	0	0	0	0	0	186.246	0	14.227	0	0	0	0	0	0	0	0	0	0	0	0	0	0	0	0.09	0	0	0.641	0	0	0.547	0	0	0	0	0	0	10.884	0	0.005	0	0	0	0	0	0	0
1993	RABB3	107.367	0	0	0	0	0	0	0	0	0	0	1.515	0	0	0	38.984	0	0	0	0	0	0	0.017	0	0	0	0	0	0	0	0	0.061	0	0.094	0	0	0	0	0	36.218	0	24.926	0	0	0	0	0	0	0	0	0	0	0	0	0	0.133	0	0	0	0	0	0	0	1.334	0	0	0	0	3.928	0	0.157	0	0	0	0	0	0	0	0	0
1994	RABB3	37.598	0	0	0	0	0	0	0	0	0	22.162	0	0	0	0	0	0	0	0	0	0	0	0.084	0	0	0	0	0	0	0	0	0	0	0	0	0	0	0	0	14.144	0	0.902	0	0	0	0	0	0	0	0	0	0	0	0	0	0	0	0.001	0	0	0	0	0	0	0	0	0	0	0.305	0	0	0	0	0	0	0	0	0	0	0
1995	RABB3	34.639	0	0	0	0	0	0	0	0	0	0.313	0	4.614	0	0	0	0	0	0	0	0	0	0	0	0	0	0	0	0	0.067	0	0	1.129	20.226	0.483	0.021	0	0	0	0	0.015	4.417	0	0	0	0	0	0	0	0	0	0	0	0	0	0	0	0	0	0	0	0	0.002	0	0	0	0	0	0.861	0	0	0	0	0	0	0	0	0	2.491	0
1996	RABB3	2.574	0	0	0	0	0	0	0	0	0	0.1	0	0	0	0	0	0	0	0	0	0	0	0	0	0	0	0	0	0	0	0	0	1.718	0	0	0	0	0	0	0	0	0.017	0	0	0	0	0	0	0	0	0	0	0	0	0	0	0	0	0	0	0	0	0	0.105	0	0	0	0	0.044	0	0	0	0	0	0	0	0	0	0.59	0
1997	RABB3	50.439	0	0	0	0	0	0	0	0	0	0	0	0	0	2.839	0	0	0	0	0	0	0	0	0	0	0	0	0	0	0.075	0	0	39.783	0	0	0	0	0	0	0	0	5.974	0	0	0	0	0	0	0	0	0	0	0	0	0	0	0	0	0	0	0	0	0	0.106	0	0	0	0	1.157	0	0.5	0	0	0	0	0	0	0.005	0	0
1998	RABB3	44.676	0	0	0	0	0	0	0	0	0	0.071	0	0.734	0	0	0	0	0	0	0	0	0	0	0	0	0	0	0	0	0	0	0	39.982	0	0	0	0	0	0	0	0	3.801	0	0	0	0	0	0	0	0	0	0	0	0	0	0	0	0	0	0	0	0	0	0.032	0	0	0	0	0	0	0.056	0	0	0	0	0	0	0	0	0
1999	RABB3	15.665	0	0	0	0	0	0.001	0	0	0	0	0	0	0	0	0	0	0	0	0	0	0.053	0.005	0	0	0	0	0	0	0.005	0	0	12.169	0	0.17	0	0	0	0	0	0.073	1.822	0	0	0	0	0	0	0	0	0	0	0	0	0.152	0.014	0	0	0	0	0	0	0.005	0	0	0	0	0	0	0	1.196	0	0	0	0	0	0	0	0	0
2000	RABB3	19.8	0	0	0	0	0	0	0	0	0	1.42	0	0	0	0	0	0	0	0	0	0	0	0	0	0	0	0	0	0	0	0	0	17.03	0	0	0	0	0	0	0	0	1.35	0	0	0	0	0	0	0	0	0	0	0	0	0	0	0	0	0	0	0	0	0	0	0	0	0	0	0	0	0	0	0	0	0	0	0	0	0	0
2001	RABB3	70.532	0	0	0	0	0	0	0	0	0	0.733	0	0	6.625	0	0	0	0	0	0.008	0	0.844	0	0	0	0	0	0	0	0.212	0	0	35.628	20.698	0.556	0.034	0	0	0	0	0.003	4.952	0	0	0	0	0	0	0	0	0	0	0	0	0	0	0	0	0	0	0	0	0	0	0	0	0	0	0.239	0	0	0	0	0	0	0	0	0	0	0
2002	RABB3	17.967	0	0	0	0	0	0	0	0	0	10.696	0	0	0	0	0	0	0	0	0	0	0	0	0	0	0	0	0	0	0	0	0	7.151	0	0	0	0	0	0	0	0	0.12	0	0	0	0	0	0	0	0	0	0	0	0	0	0	0	0	0	0	0	0	0	0	0	0	0	0	0	0	0	0	0	0	0	0	0	0	0	0
2003	RABB3	33.035	0	0	0	0	0	0	0	0	0	9.228	0	0	0	0	0	0	0	0.005	0	0	0	0	0	0	0	0	0	0	0.003	0	0	20.174	3.301	0.015	0	0	0	0	0	0	0.309	0	0	0	0	0	0	0	0	0	0	0	0	0	0	0	0	0	0	0	0	0	0	0	0	0	0	0	0	0	0	0	0	0	0	0	0	0	0
2004	RABB3	8.237	0	0	0	0	0	0	0	0	0	0	0	7.631	0	0	0	0	0	0	0	0	0	0	0	0	0	0	0	0	0.251	0	0	0.126	0	0	0	0	0	0	0	0	0.227	0	0	0	0	0	0	0	0	0	0	0	0	0	0	0	0	0	0	0	0	0	0	0	0	0	0	0	0	0	0	0.002	0	0	0	0	0	0	0
2005	RABB3	203.582	0	0	0	0	0	0	0	0	0	0	0	8.424	0	0	0	0	0	0	0	0	0.361	0	0	0	0	0	0	0	2.878	0	0	0.314	12.89	178.098	0	0	0	0	0	0	0.579	0	0	0	0	0	0	0	0	0	0	0	0	0	0	0	0	0	0	0	0	0	0.038	0	0	0	0	0	0	0	0	0	0	0	0	0	0	0	0
2006	RABB3	0.946	0	0	0	0	0	0	0	0	0	0.946	0	0	0	0	0	0	0	0	0	0	0	0	0	0	0	0	0	0	0	0	0	0	0	0	0	0	0	0	0	0	0	0	0	0	0	0	0	0	0	0	0	0	0	0	0	0	0	0	0	0	0	0	0	0	0	0	0	0	0	0	0	0	0	0	0	0	0	0	0
2007	RABB3	1546.129	0	0	0	0	0	0	0	0	0	3.076	0	110.562	4.259	0	0	0	0	0	0	0	97.933	0.421	0	0	0	0	0	0	0	0	0	62.369	0	1036.71	0	0	0	0	0	0	3.278	0	0	0	0	0	0	0	0	0	0	0	0	0	34.28	0.025	0	0	0	0	0	0	0	0	0	0	0	183.095	0	10.087	0	0	0	0	0	0	0.034	0	0
2008	RABB3	106.294	0	0	0	0	0	0	0	0	0	40.416	0	0	0	0	46.97	0	0	0	0	0	0	0	0	0	0	0	0	0	0	0	0	11.04	0	0	0	0	0	0	0	0	0.014	0	0	0	0	0	0	0	0	0	0	0	0	0	0	0	0	0	0	0	0	0	0	0	0	0	0	7.854	0	0	0	0	0	0	0	0	0	0	0
1989	RABB4	59.975	0	0	0	0	0	0	0	0	0	0	10.057	0	0	0	0	0	0	0	0	0	0	0	0	0	0	0	0	0	0	0	0	0	0	0	0	0	0	0	10.475	0	39.4	0	0	0	0	0	0	0	0	0	0	0	0	0	0	0	0	0	0	0	0	0	0.043	0	0	0	0	0	0	0	0	0	0	0	0	0	0	0	0
1990	RABB4	62.761	0	0	0	0	0	0	0	0	0	0	0	0	0	0	15.12	0	0	0	0	0	0	0.05	0	0	0	0	0	0	0	0	0	0	0	0	0	0	0	0	25.437	0	12.215	0	0	0	0	0	0	0	0	0	0	0	0	0	0	0	0	0	0	0	0	0	9.229	0	0	0	0	0	0	0.71	0	0	0	0	0	0	0	0	0
1991	RABB4	58.749	0	0	0	0	0	0	0	0	0	0	0	0	0	0	12.825	0	0	0	0	0	0	0	0	0	0	0	0	0	0	0	0	0	0	0	0	0	0	0	43.985	0	0.852	0	0	0	0	0	0	0	0	0	0	0	0	0	0	0	0	0	0	0	0	0	0	0	0	0	0	0	0	1.087	0	0	0	0	0	0	0	0	0
1992	RABB4	107.449	0.075	0	0	0	0	0	0	0	0	0	0	0	0	0	20.539	0	0	0	0	0	0	0	0	0	0	0	0	0	0	0	0	0	0	0	0	0	0	0	60.25	0	8.476	0	0	0	0	0	0	0	0	0	0	0	0	0	0	0	0.01	0	0	0.135	0	0	0	0	0	0	0	0	0	17.939	0	0.025	0	0	0	0	0	0	0
1993	RABB4	102.486	0	0	0	0	0	0	0	0	0	0	21.216	0	0	0	5.573	0	0	0	0	0	0.002	0	0	0	0	0	0	0	0	0	0.024	0	23.811	0	0	0	0	0	22.946	0.005	15.336	0	0	0	0	0	0	0	0	0	0	0	0.006	0.221	0	0	0	0	0	0	0	0	0.744	0	1.054	0	0	0	0	11.548	0	0	0	0	0	0	0	0	0
1994	RABB4	18.406	0	0	0	0	0	0	0	0	0	10.875	0	0	0	0	0	0	0	0	0	0	0	0	0	0	0	0	0	0	0	0	0	0	0	0	0	0	0	0	3.625	0	0.284	0	0	0	0	0	0	0	0	0	0	0	0	0	0	0	0	0	0	0	0	0	0	0	0	0	0	3.622	0	0	0	0	0	0	0	0	0	0	0
1995	RABB4	64.884	0	0	0	0	0	0	0	0	0	0.473	0	1.893	0	0	0	0	0	0	0	0	0	0	0	0	0	0	0	0	0.025	0	0	0.565	56.622	0	0	0	0	0	0	0.049	4.78	0	0	0	0	0	0	0	0	0	0	0	0	0	0	0	0	0	0	0	0	0	0.002	0	0	0	0	0.264	0	0	0	0	0	0	0	0	0	0.211	0
1996	RABB4	0.345	0	0	0	0	0	0	0	0	0	0.059	0	0	0	0	0	0	0	0	0	0	0	0	0	0	0	0	0	0	0	0	0	0.257	0	0	0	0	0	0	0	0	0.009	0	0	0	0	0	0	0	0	0	0	0	0	0	0	0	0	0	0	0	0	0	0.01	0	0	0	0	0.01	0	0	0	0	0	0	0	0	0	0	0
1997	RABB4	22.556	0	0	0	0	0	0	0	0	0	0.035	0	4.732	0	0	0	0	0	0	0	0	0	0	0	0	0	0	0	0	0	0	0	7.703	0	0	0	0	0	0	0	0	6.241	0	0	0	0	0	0	0	0	0	0	0	0	0	0	0	0	0	0	0.055	0	0	0.019	0	3.162	0	0	0.609	0	0	0	0	0	0	0	0	0	0	0
1998	RABB4	20.762	0	0	0	0	0	0	0	0	0	1.065	0	0	0	0	0	0	0	0	0	0	0	0	0	0	0	0	0	0	0	0	0	15.305	0	0	0	0	0	0	0	0	2.992	0	0	0	0	0	0	0	0	0	0	0	0	0	0	0	0	0	0	0	0	0	0.038	0	0.144	0	0	0	0	1.218	0	0	0	0	0	0	0	0	0
1999	RABB4	14.39	0	0	0	0	0	0	0	0	0	0.237	0	0	0	0	0	0	0	0	0	0	0.077	0	0	0	0	0	0	0	0	0	0	10.702	2.224	0	0	0	0	0	0	0	1.15	0	0	0	0	0	0	0	0	0	0	0	0	0	0	0	0	0	0	0	0	0	0	0	0	0	0	0	0	0	0	0	0	0	0	0	0	0	0
2000	RABB4	7.337	0	0	0	0	0	0	0	0	0	0	0	0	0	0	0	0	0	0	0	0	0	0	0	0	0	0	0	0	0	0	0	4.887	0	0	0	0	0	0	0	0	0.472	0	0	0	0	0	0	0	0	0	0	0	0	0	0	0	0	0	0	0	0	0	0	0	0	0	0	0	0	1.978	0	0	0	0	0	0	0	0	0
2001	RABB4	75.119	0	0	0	0	0	0	0	0	0	0.035	0.532	0	2.13	0	0	0	0	0	0	0	0.228	0	0	0	0	0	0	0	0	0	0	16.93	34.657	0.193	0	0	0	0	0	0	4.408	0	0	0	0	0	0	0	0	0	0	0	0	0	0	0	0	0	0	0	0	0	0	0	3.606	0	0	12.4	0	0	0	0	0	0	0	0	0	0	0
2002	RABB4	6.663	0	0	0	0	0	0	0	0	0	0.592	0	0	0	0	0	0	0	0	0	0	0	0	0	0	0	0	0	0	0	0	0	2.069	0	0	0	0	0	0	0	0	0.008	0	0	0	0	0	0	0	0	0	0	0	0	0	0	0	0	0	0	0	0	0	0	0	3.994	0	0	0	0	0	0	0	0	0	0	0	0	0	0
2003	RABB4	80.904	0	0	0	0	0	0	0	0	0	2.78	0	0	0	0	0	0	0	0	0	0	0	0	0	0	0	0	0	0	0	0	0	5.056	66.357	0	0	0	0	0	0	0	0.32	0	0	0	0	0	0	0	0	0	0	0	0	0	0	0	0	0	0	0	0	0	0	0	0	0	0	6.391	0	0	0	0	0	0	0	0	0	0	0
2004	RABB4	3.265	0.023	0	0	0	0	0	0.698	0	0	0	0	2.012	0	0	0	0	0	0	0	0	0	0	0	0	0	0	0	0	0	0	0	0.25	0	0	0	0	0	0	0	0	0.267	0	0	0	0	0	0	0	0	0	0	0	0	0	0	0	0	0	0	0	0	0	0	0	0	0	0	0	0	0	0	0.015	0	0	0	0	0	0	0
2005	RABB4	108.885	0	0	0	0	0	0	0	0	0	0	4.732	7.572	0	0	0	0	0	0	0	0	0	0	0	0	0	0	0	0.753	0.007	0	0	1.977	92.667	0.58	0	0	0	0	0	0	0.073	0	0	0	0	0	0	0	0	0	0	0	0	0	0	0	0	0	0	0	0	0	0.002	0	0	0	0	0.522	0	0	0	0	0	0	0	0	0	0	0
2006	RABB4	2.741	0	0	0	0	0	0	0	0	0	1.775	0	0	0	0	0	0	0	0	0	0	0	0	0	0	0	0	0	0	0	0	0	0.006	0	0	0	0	0	0	0	0	0	0	0	0	0	0	0	0	0	0	0	0	0	0	0	0	0	0	0	0	0	0	0	0	0.943	0	0	0.017	0	0	0	0	0	0	0	0	0	0	0
2007	RABB4	1079.076	0	0	0	0	0	0	0	0	0	2.839	51.347	39.221	9.347	0	0	0	0	0	0	0	29.545	0.926	0	0	0	0	0	0	0	0	0.121	52.816	0	487.601	0	0	0	0	0	0	0.155	0	0	0	0	0	0	0	0	0	0	0	0	19.363	48.26	0.007	0	0	0	0	0	0	0	0	202.033	0	0	135.495	0	0	0	0	0	0	0	0	0	0	0
2008	RABB4	41.982	0	0	0	0	0	0	0	0	0	38.51	0	0	0	0	0	0	0	0	0	0	0	0	0	0	0	0	0	0	0	0	0	2.885	0	0	0	0	0	0	0	0	0	0	0	0	0	0	0	0	0	0	0	0	0	0	0	0	0	0	0	0	0	0	0	0	0	0	0	0.587	0	0	0	0	0	0	0	0	0	0	0
1989	WELL	51.03	0	0	0	0	0	0	0	0	0	0	15.387	0	0	0	0	0	0	0	0	0	0.006	0.044	0	0	0	0	0.04	0	0	0	0	0	0	0	0	0	0	0	26.889	0	0.028	0	0	0	0.094	0	0	0.05	0	0	0	0	0	0	0	0	0	0	0	0	0	0	0	0	0	0	0	0	0	8.492	0	0	0	0	0	0	0	0	0
1990	WELL	31.954	0	0	0	0	0	0	0	0	0	0	0	0	0	0	12.789	0	0	0	0	0	0	0	0	0	0	0	0	0	0	0	0	0	0	0	0	0	0	0	16.303	0	0.003	0	0	0	0.294	0	0	0	0	0	0	0	0	0	0	0	0	0	0	0	0	0	0	0	0	0	0	0	0	2.565	0	0	0	0	0	0	0	0	0
1991	WELL	18.179	0	0	0	0	0	0	0	0	0	0	0	0	0	0	11.877	0	0	0	0	0	0.033	0.088	0	0	0	0	0	0	0	0	0	0	0	0	0.002	0	0	0	5.345	0	0.014	0	0	0	0.013	0	0	0.063	0	0	0	0	0	0	0	0	0	0	0	0	0	0	0.029	0	0	0	0	0	0	0.678	0	0	0.037	0	0	0	0	0	0
1992	WELL	36.128	0	0	0	0	0	0	0	0	0	0	0	0	0	0	5.419	0	0	0	0	0	0	0.949	0	0	0	0	0	0	0	0	0	0	0	0	0.118	0	0	0	18.003	1.747	1.17	0	0	0	3.964	0	0	0	0	0	0	0	0	0	0	0	0	0	0	0	0	0	0.186	0	2.385	0	0	0	0	1.958	0	0.025	0.204	0	0	0	0	0	0
1993	WELL	160.19	0	0	0	0	0	0	0	0	0	0	0	0	0	0	0.976	0	0	0	0	0	0.265	0	0	0	0	0	0.024	0	0	0	0	0	0.157	0	0.491	0	0.033	0	13.253	4.161	0.59	0	0	0	1.211	0	0	0.94	0	0	0	0	0	0	1.45	0	0	0	0	0	0	0	0.125	0	0	0	0	0	0	2.978	0	0	0	0	0	0	0	0	133.536
1994	WELL	0.802	0	0	0	0	0	0	0	0	0	0.064	0	0	0	0	0	0	0	0	0	0	0	0	0	0	0	0	0	0	0	0	0	0	0	0	0	0	0	0	0.738	0	0	0	0	0	0	0	0	0	0	0	0	0	0	0	0	0	0	0	0	0	0	0	0	0	0	0	0	0	0	0	0	0	0	0	0	0	0	0	0
1995	WELL	103.252	0	0	0	0	0	0	0	0	0	0	0	0	0	0	0	0	0	0	0	0	0.024	0	1.267	0	0	0	0	7.53	0.284	0	0	0	69.725	10.986	1.21	0.042	0	0	0	6.118	0.197	0	0	0	0	0	0	0.549	0	0	0	0	0	0	0	0	0	0	0	0	0	0.01	0	0	0	0	0	0	0	0	0	0	0.047	0	0	0	0	0	5.263
1996	WELL	8.167	0	0	0	0	0	0	0	0	0	0	0	0	0	0	0	0	0	0	0	0	0	0	0.083	0	0	0	0	0	0	0	0	0.004	0	0	0	0	0	0	0	0	0.003	0	0	0	0	0	0	0	0	0	0	0	0	0	0	0	0	0	0	0	0	0	0.003	0	0	0	0	0	0	0	0	0	0	0	0	0	0	0	8.074
1997	WELL	49.061	0	0	0	0	0	0	0	0	0	0	0	0	0	0	0	0	0	0	0	0	0.16	4.015	3.136	0	0	0.424	0	0	0	0	0	0.02	0.035	4.763	0	0.009	0	0	0	0.456	0.396	0	0	0	0	0	0	0.056	0	0	0	0	0	0	0	0	0	0	0	0	0	0	0.257	0	0	0	0	0	0	0	0	0	0	0	0	0	0	0	35.334
1998	WELL	5.281	0	0	0	0	0	0	0	0	0	0	0	0	0	0	0	0	0	0	0	0	0	5.256	0	0	0	0	0	0	0	0	0	0	0	0	0	0	0	0	0	0.024	0	0	0	0	0	0	0	0	0	0	0	0	0	0	0	0	0	0	0	0	0	0	0.001	0	0	0	0	0	0	0	0	0	0	0	0	0	0	0	0
1999	WELL	2.807	0	0	0	0	0	0	0	0	0	0	0	0	0	0	0	0	0	0	0	0	0.001	1.391	0.104	0	0	0	0	0	0	0	0	0	0.139	0.431	0.176	0	0	0.003	0	0.254	0	0	0.014	0	0	0.001	0	0.293	0	0	0	0	0	0	0	0	0	0	0	0	0	0	0	0	0	0	0	0	0	0	0	0	0	0	0	0	0	0	0
2000	WELL	5.432	0	0	0	0	0	0	0	0	0	0	0	0	0	0	0	0	0	0	0	0	0	5.391	0	0	0	0	0	0	0	0	0	0	0	0	0	0	0	0	0	0	0.014	0	0	0	0	0	0	0	0	0	0.027	0	0	0	0	0	0	0	0	0	0	0	0	0	0	0	0	0	0	0	0	0	0	0	0	0	0	0	0
2001	WELL	95.757	0	0	0	0	0	0	0	0	0	0	0	0	0	0	0	0	0	0	0.006	0	0	5.785	1.755	0	0	0	0	0	0.142	0	0.639	0.024	79.482	0.421	0.481	0	0	0	0	6.094	0.337	0	0.136	0	0	0	0	0.297	0	0	0	0	0	0	0.078	0	0	0	0	0	0	0.08	0	0	0	0	0	0	0	0	0	0	0	0	0	0	0	0	0
2002	WELL	0.121	0	0	0	0	0	0	0	0	0	0	0	0	0	0	0	0	0	0	0	0	0	0	0	0	0	0	0	0	0	0.07	0	0	0	0	0	0	0	0	0	0	0	0	0	0	0	0	0	0.051	0	0	0	0	0	0	0	0	0	0	0	0	0	0	0	0	0	0	0	0	0	0	0	0	0	0	0	0	0	0	0
2003	WELL	1.519	0	0	0	0	0	0	0	0	0	0	0	0	0	0	0	0	0	0	0	0	0	0.117	0	0	0	0	0	0.753	0	0	0	0	0.035	0.179	0	0	0	0	0	0	0	0	0	0	0	0	0	0	0	0	0	0	0	0	0	0	0	0	0	0	0	0	0	0	0	0	0	0.435	0	0	0	0	0	0	0	0	0	0	0
2004	WELL	0.003	0	0	0	0	0	0	0	0	0	0	0	0	0	0	0	0	0	0	0	0	0	0.003	0	0	0	0	0	0	0	0	0	0	0	0	0	0	0	0	0	0	0	0	0	0	0	0	0	0	0	0	0	0	0	0	0	0	0	0	0	0	0	0	0	0	0	0	0	0	0	0	0	0	0	0	0	0	0	0	0
2005	WELL	165.392	0	0	0	0	0	0	0	0	0	0	0	0	0	0	0	0	0	0	0	0	0	0.268	0	0	0	0	0	3.012	0.067	0	0	0	155.079	0.744	0.161	0	0	0	0	4.228	0	0	0	0	0	0	0	0.902	0	0	0	0	0	0	0.632	0	0	0	0	0	0	0	0.299	0	0	0	0	0	0	0	0	0	0	0	0	0	0	0	0
2007	WELL	584.344	0	0	0	0	0	0	0	0	0	0	0	0	0	0	0	0	0	0	0	0	1.065	21.8	0	0	0.28	0	0	0	0	0	0	1.42	0	225.263	0.142	0	0	0	0	9.847	0.028	0	0	0	0	0	0	11.189	0	0	0	0	0	0	191.859	0	0	2.074	0.954	0	0	0	0	0	0	0	0	118.423	0	0	0	0	0	0	0	0	0	0	0
2008	WELL	0.295	0	0	0	0	0	0	0	0	0	0	0	0	0	0	0	0	0	0	0	0	0	0.281	0	0	0	0	0	0	0	0	0	0	0	0	0	0	0	0	0	0	0	0	0	0	0	0	0	0	0	0	0	0	0	0	0	0	0	0	0	0	0	0	0	0	0	0	0	0.014	0	0	0	0	0	0	0	0	0	0	0
1989	WELL1	159.45	0	0	0	0	0	0	0	0	0	0	37.539	0	0	0	0	0	0	0	0	0	0.086	0	0	0	0	0	0.004	0	0	0	0	0	0	0	0.01	0	0	0	4.734	0	0	0	0	0	0	0	0	0.201	0	0	0	0	0	110.915	0	0	0	0	0	0	0	0	0	0	0	0	0	0	0	5.961	0	0	0	0	0	0	0	0	0
1990	WELL1	95.285	0	0	0	0	0	0	0	0	0	0	0	0	0	0	16.543	0	0	0	0	0	0	0	0	0	0	0	0	0	0	0	0	0	0.068	0	0	0	0	0	9.24	0	0	0	0	0	0	0	0	0	0	0	0	0	0	64.715	0	0	0	0	0	0	0	0	0.067	0	0	0	0	0	0	4.652	0	0	0	0	0	0	0	0	0
1991	WELL1	118.829	0	0	0	0	0	0	0	0	0	0	0	0	0	0	18.557	0	0	0	0	0	0.022	0	0	0	0	0	0	0	0	0	0	0	0	0	0	0	0	0	25.74	0	0	0	0	0	0	0	0	0.066	0	0	0	0	0	71.976	0	0	0	0	0	0	0	0	0	0	0	0	0	0	0	2.468	0	0	0	0	0	0	0	0	0
1992	WELL1	157.13	0	0	0	0	0	0	0	0	0	0	0	0	0	0	0	0	0	0	0	0	0.255	1.314	0	0	0	0	0	0	0	0	0	0	0	0	0	0	0	0	15.517	0.073	0	0	0	0	0	0	0	0.508	0	0	0	0	0	87.86	0	0	0	0	0	0	0	0	0.741	0	37.378	0	0	0	0	13.422	0	0.062	0	0	0	0	0	0	0
1993	WELL1	169.007	0	0	0	0	0	0	0	0	2.602	0	0	0	0	0	0	0	0	0	0	0	0.424	0.117	0	0	0	0	0	0	0	0	0	0	1.978	3.572	0.22	0	0	0	17.124	0.854	0	0	0	0	0	0	0	1.005	0	0	0	0	0	50.946	1.239	0	0	0	0	0	0	0	0.537	0	35.808	0	0	0	0	3.529	0	0	0	0	0	0	0	0	49.052
1994	WELL1	65.542	0	0	0	0	0	0	0	0	0	0	0	0	0	0	0	0	0	0	0	0	0	0.009	0	0	0	0	0	0	0	0	0	0	0	0	0	0	0	0	1.712	0	0	0	0	0	0	0	0	0	0	0	0	0	0	55.639	0	0	0	0	0	0	0	0	0	0	0	0	0	8.182	0	0	0	0	0	0	0	0	0	0	0
1995	WELL1	163.011	0	0	0	0	0	0	0	0	0	0	0	0	0	0	0	0	0	0	0	0	0.021	0	0	0	0	0	0	9.036	0.092	0	0	0.004	101.354	0.635	0.406	0	0	0	0	5.576	0	0	0	0	0	0	0	0.377	0	0	0	0.174	0	41.298	0	0	0	0	0	0	0	0.034	0	0	0	0	0	0.07	0	0	0	0	0.082	0	0	0	0	0	3.852
1996	WELL1	0.707	0	0	0	0	0	0	0	0	0	0	0	0	0	0	0	0	0	0	0	0	0	0	0	0	0	0	0	0	0	0	0	0	0	0	0	0	0	0	0	0	0	0	0	0	0	0	0	0	0	0	0	0	0	0	0	0	0	0	0	0	0	0	0	0	0	0	0	0	0	0	0	0	0	0	0	0	0	0	0.707
1997	WELL1	3.754	0	0	0	0	0	0	0	0	0	0	0	0	0	0	0	0	0	0	0	0	0.065	0.978	0	0	0	0	0	0	0	0	0	0	0	0.119	0	0.037	0	0	0	0.297	0	0	0	0	0	0	0	0.112	0	0	0	0	0	0	0	0	0	0	0	0	0	0	0	0	0	0	0	0	0	0	0	0	0	0	0	0	0	0	2.146
1998	WELL1	3.475	0	0	0	0	0	0	0	0	0	0	0	0	0	0	0	0	0	0	0	0	0	3.475	0	0	0	0	0	0	0	0	0	0	0	0	0	0	0	0	0	0	0	0	0	0	0	0	0	0	0	0	0	0	0	0	0	0	0	0	0	0	0	0	0	0	0	0	0	0	0	0	0	0	0	0	0	0	0	0	0
1999	WELL1	3.114	0	0	0	0	0	0	0	0	0	0	0	0	0	0	0	0.013	0	0	0	0	0.005	2.427	0	0	0	0	0	0	0	0	0	0	0.337	0.139	0.063	0	0	0.008	0	0.069	0.006	0	0	0	0	0	0	0.041	0	0	0	0	0.002	0	0.004	0	0	0	0	0	0	0	0	0	0	0	0	0	0	0	0	0	0	0	0	0	0	0	0
2000	WELL1	2.015	0	0	0	0	0	0	0	0	0	0	0	0	0	0	0	0	0	0	0	0	0	2.015	0	0	0	0	0	0	0	0	0	0	0	0	0	0	0	0	0	0	0	0	0	0	0	0	0	0	0	0	0	0	0	0	0	0	0	0	0	0	0	0	0	0	0	0	0	0	0	0	0	0	0	0	0	0	0	0	0
2001	WELL1	68.885	0	0	0	0	0	0	0	0	0	0	0	0	0	0	0	0	0.032	0	0.021	0	0	2.22	0	0	0	0	0	0	1.725	0	1.744	0	59.539	0.418	0.281	0	0	0	0	2.157	0	0	0	0	0	0	0	0.57	0	0	0	0	0	0	0.152	0	0	0	0	0	0	0.026	0	0	0	0	0	0	0	0	0	0	0	0	0	0	0	0	0
2002	WELL1	0.176	0	0	0	0	0	0	0	0	0	0	0	0	0	0	0	0	0	0	0	0	0	0.029	0	0	0	0	0	0	0	0	0	0	0	0	0	0	0	0	0	0	0	0	0	0	0	0	0	0.147	0	0	0	0	0	0	0	0	0	0	0	0	0	0	0	0	0	0	0	0	0	0	0	0	0	0	0	0	0	0	0
2003	WELL1	3.175	0	0	0	0	0	0	0	0	0	0	0	0	0	0	0	0	0	0	0	0	0	0	0	0	0	0	0	0	0.02	0	0	0	2.466	0	0.005	0	0	0	0	0.684	0	0	0	0	0	0	0	0	0	0	0	0	0	0	0	0	0	0	0	0	0	0	0	0	0	0	0	0	0	0	0	0	0	0	0	0	0	0	0
2005	WELL1	306.419	0	0	0	0	0	0	0	0	0	0	0	0	0	0	0	0	0	0	0	0	1.124	0	0	0	0	0	0	1.506	0	0	0	0	274.482	24.412	0.523	0	0	0	0	1.56	0	0	0	0	0	0	0	0	0	0	0	0	0	0	0	0	0	2.654	0	0	0	0	0	0	0	0	0	0	0	0	0	0	0	0	0	0.158	0	0	0
2007	WELL1	3313.743	0	0	0	0	0	0	0	0	0	0	0	0	0	0	0	0	0	0	0	0	35.133	22.748	0	0	0	0	0	0	0	0	0	0.592	0	2905.998	0	0	0	0	0	2.04	0	0	0	0	0	0	0	5.557	0	0	0	0	0	0	133.222	0	0	0	0	0	0	0	0	0	51.257	0	0	157.196	0	0	0	0	0	0	0	0	0	0	0
2008	WELL1	0.925	0	0	0	0	0	0	0	0	0	0	0	0	0	0	0	0	0	0	0	0	0	0.66	0	0	0	0	0	0	0	0	0	0.197	0	0	0	0	0	0	0	0	0	0	0	0	0	0	0	0	0	0	0	0	0	0	0	0	0	0	0	0	0	0	0	0	0	0	0	0.068	0	0	0	0	0	0	0	0	0	0	0
1989	WELL2	10.943	0	0	0	0	0	0	0	0	0	0	3.446	0	0	0	0	0	0	0	0	0	0.107	0	0	0	0	0	0	0	0	0	0	0	0	0	0	0	0	0	6.313	0	0.014	0	0	0	0	0	0	0.048	0	0	0	0	0	0	0	0	0	0	0	0	0	0	0	0	0	0.023	0	0	0	0.992	0	0	0	0	0	0	0	0	0
1990	WELL2	414.277	0	0	0	0	0	0	0	0	0	0	0	0	0	0	6.999	0	0	0	0	0	0	0.135	0	0	0	0	0	0	0	0	0	0	0	0	0	0	0	0	406.918	0	0	0	0	0	0	0	0	0	0	0	0	0	0	0	0	0	0	0	0	0	0	0	0	0	0	0.077	0	0	0	0.148	0	0	0	0	0	0	0	0	0
1991	WELL2	11.831	0	0	0	0	0	0	0	0	0	0	0	0	0	0	3.181	0	0	0	0	0	0.004	0.277	0	0	0	0	0	0	0	0	0	0	0	3.821	0	0	0	0	3.61	0.001	0	0	0	0	0	0	0	0.076	0	0	0	0	0	0	0	0	0	0	0	0	0	0	0	0	0	0	0	0	0	0.861	0	0	0	0	0	0	0	0	0
1992	WELL2	36.357	0	0	0	0	0	0	0	0	0	0	0	0	0	0	5.059	0	0	0	0	0	0	0.511	0	0	0	0	0	0	0	0	0	0	0	0	0	0	0	0	10.912	0.02	0	0	0	0	0	0	0	0.247	0	0	0	0	0	0	0	0	0	0	0	0	0	0	4.457	0	5.132	4.248	0	0	0	5.77	0	0.001	0	0	0	0	0	0	0
1993	WELL2	134.085	0	0	0	0	0	0	0	1.06	0	0	0	0	0	0	0.551	0	0	0	0	0	0.256	0	0	0	0	0	0	0	0	0	0	0	0.103	0.794	0.063	0	0	0	15.281	0.509	0	0	0	0	0	0	0	1.996	0	0	0	0	0	0	3.17	0	0	0	0	0	0	0	0.085	0	13.452	0	0	0	0	2.113	0	0	0	0	0	0	0	0	94.652
1994	WELL2	2.943	0	0	0	0	0	0	0	0	0	0.085	0	0	0	0	0	0	0	0	0	0	0	0.015	0	0	0	0	0	0	0	0	0	0	0	0	0	0	0	0	0.66	0	0	0	0	0	0	0	0	0	0	0	0	0	0	0	0	0	0	0	0	0	0	0	0	0	0	0	0	2.183	0	0	0	0	0	0	0	0	0	0	0
1995	WELL2	143.352	0	0	0	0	0	0	0	0	0	0.445	0	0	0	0	0	0	0	0	0	0	0.157	0	0	0	0	0	0	8.283	4.345	0	0	0	89.794	24.539	0.132	0	0	0	0	6.492	0	0	0	0	0	0	0	0.679	0	0	0	0	0	0	0	0	0	0	0	0	0	0	0	0	0	0	0	0.196	0	0	0	0	0.023	0	0	0	0	0	8.267
1996	WELL2	7.651	0	0	0	0	0	0	0	0	0	0	0	0	0	0	0	0	0	0	0	0	0	0.003	0	0	0	0	0	0	0	0	0	0.008	0	0	0	0	0	0	0	0	0	0	0	0	0	0	0	0	0	0	0	0	0	0	0	0	0	0	0	0	0	0	0.002	0	0	0	0	0	0	0	0	0	0	0	0	0	0	0	7.638
1997	WELL2	15.005	0	0	0	0	0	0	0	0	0	0	0	0	0	0	0	0	0	0	0	0	0.29	1.098	0	0	0	0.013	0.024	0	0	0	0	0.02	0.93	5.637	0	0.063	0	0	0	1.594	0	0	0	0	0	0	0	2.776	0	0	0	0	0	0	0	0	0	0	0	0	0	0	0	0	0	0	0	0	0	0	0	0	0	0	0	0	0	0	2.56
1998	WELL2	3.583	0	0	0	0	0	0	0	0	0	0	0	0	0	0	0	0	0	0	0	0	0	3.577	0	0	0	0	0	0	0	0	0	0	0	0	0	0	0	0	0	0.006	0	0	0	0	0	0	0	0	0	0	0	0	0	0	0	0	0	0	0	0	0	0	0	0	0	0	0	0	0	0	0	0	0	0	0	0	0	0	0
1999	WELL2	8.277	0	0	0	0	0	0	0	0	0	0	0	0	0	0	0	0	0	0	0	0	0.031	3.297	0	0	0	0	0	0	0	0	0	0	0.68	3.459	0.003	0	0	0.002	0	0.164	0	0	0	0	0	0	0	0.463	0	0	0	0	0.001	0	0.177	0	0	0	0	0	0	0	0	0	0	0	0	0	0	0	0	0	0	0	0	0	0	0	0
2000	WELL2	7.187	0	0	0	0	0	0	0	0	0	0	0	0	0	0	0	0	0	0	0	0	0	7.187	0	0	0	0	0	0	0	0	0	0	0	0	0	0	0	0	0	0	0	0	0	0	0	0	0	0	0	0	0	0	0	0	0	0	0	0	0	0	0	0	0	0	0	0	0	0	0	0	0	0	0	0	0	0	0	0	0
2001	WELL2	123.762	0	0	0	0	0	0	0	0	0	0	0	0	0	0	0	0	0	0	0.061	0	0	5.038	0	0	0	0	0	0	3.346	0	3.166	0	97.06	7.618	0.999	0	0	0	0	4.827	0	0	0	0	0	0	0	1.218	0	0	0	0	0	0	0.185	0	0	0	0	0	0	0.244	0	0	0	0	0	0	0	0	0	0	0	0	0	0	0	0	0
2002	WELL2	0.123	0	0	0	0	0	0	0	0	0	0	0	0	0	0	0	0	0	0	0	0	0	0.091	0	0	0	0	0	0	0	0	0	0	0	0	0	0	0	0	0	0	0	0	0	0	0	0	0	0.032	0	0	0	0	0	0	0	0	0	0	0	0	0	0	0	0	0	0	0	0	0	0	0	0	0	0	0	0	0	0	0
2003	WELL2	15.291	0	0	0	0	0	0	0	0	0	0	0	0	0	0	0	0	0	0.114	0	0	0	0	0	0	0	0	0	0	0	0	0	0	15.138	0	0	0	0	0	0	0.039	0	0	0	0	0	0	0	0	0	0	0	0	0	0	0	0	0	0	0	0	0	0	0	0	0	0	0	0	0	0	0	0	0	0	0	0	0	0	0
2004	WELL2	2.641	0	0	0	0	0	0	0	0	0	0	0	0	0	0	0	0	0	0	0	0	0	0	0	0	0	0	0	0	0	0	0	0	0	0	0	0	0	0	0	2.641	0	0	0	0	0	0	0	0	0	0	0	0	0	0	0	0	0	0	0	0	0	0	0	0	0	0	0	0	0	0	0	0	0	0	0	0	0	0	0
2005	WELL2	314.785	0	0	0	0	0	0	0	0	0	0	0	0	0	0	0	0	0	0	0	0	0.231	0.324	0	0	0	0	0	7.53	5.979	0	0	0	263.191	29.711	0.068	0	0	0	0	3.815	0	0	0	0	0	0	0	0.102	0	0	0	0	0	0	3.834	0	0	0	0	0	0	0	0	0	0	0	0	0	0	0	0	0	0	0	0	0	0	0	0
2007	WELL2	1943.743	0	0	0	0	0	0	0	0	0	0	0	0	0	0	0	0	0	0	0	0	23.147	50.245	0	0	0	0	0	0	0	0	0	0.789	0	1579.922	1.44	0	0	0	0	2.501	0	0	0	0	0	0	0	4.976	0	0	0	0	0	0	171.371	0	0	0.549	0	0	0	0	0	0	7.378	0	0	101.425	0	0	0	0	0	0	0	0	0	0	0
2008	WELL2	0.659	0	0	0	0	0	0	0	0	0	0	0	0	0	0	0	0	0	0	0	0	0	0.438	0	0	0	0	0	0	0	0	0	0.158	0	0	0	0	0	0	0	0	0	0	0	0	0	0	0	0	0	0	0	0	0	0	0	0	0	0	0	0	0	0	0	0	0	0	0	0.063	0	0	0	0	0	0	0	0	0	0	0
1989	WELL3	7.454	0	0	0	0	0	0	0	0	0	0	0.117	0	0	0	0	0	0	0	0	0	0.036	0.456	0	0	0	0	0	0	0	0	0	0	0	0	0	0	0	0	2.603	0	0	0	0	0	1.161	0	0	1.967	0	0	0	0	0	0	0	0	0	0	0	0	0	0	0	0	0	0	0	0	0	1.114	0	0	0	0	0	0	0	0	0
1990	WELL3	2.621	0	0	0	0	0	0	0	0	0	0	0	0	0	0	0	0	0	0	0	0	0	0.006	0	0	0	0	0	0	0	0	0	0	0	0	0	0	0	0	1.796	0	0	0	0	0	0.245	0	0	0	0	0	0	0	0	0	0	0	0	0	0	0	0	0	0	0	0	0	0	0	0	0.574	0	0	0	0	0	0	0	0	0
1991	WELL3	3.316	0	0	0	0	0	0	0	0	0	0	0	0	0	0	0.127	0	0	0	0	0	0	0	0	0	0	0	0	0	0	0	0	0	0	0	0	0	0	0	2.177	0	0	0	0	0	0.356	0	0	0.018	0	0	0	0	0	0	0	0	0	0	0	0	0	0	0	0	0	0	0	0	0	0.638	0	0	0	0	0	0	0	0	0
1992	WELL3	129.88	0	0	0	0	0	0	0	0	0	0	0	0	0	0	0	0	0	0	0	1.907	0	0.409	0	0	0	0	0	0	0	0	0	0	0	0	0.261	0	0	0	13.134	0.098	0.003	0	0	0	0	0	0	0.63	0	0	0	0	0	0	0	0	0	0	0	0	0	0	0.618	0	4.437	0	0	0	0	108.301	0	0	0.082	0	0	0	0	0	0
1993	WELL3	84.455	0	0	0	0	0	0	0	0.636	0	0	0	0	0	0	0	0	0	0	0	0	0.268	0.058	0	0	0	0	0.105	0	0	0	0	0	0	0.387	0.085	0	0	0	11.102	0.801	0	0	0	0	0.668	0	0	2.565	0	0	0	0	0	0	1.01	0	0	0	0	0	0	0	0.107	0	0	0	0	0	0	1.39	0	0	0	0	0	0	0	0	65.273
1994	WELL3	0.683	0	0	0	0	0	0	0	0	0	0.085	0	0	0	0	0	0	0	0	0	0	0	0.018	0	0	0	0	0	0	0	0	0	0	0	0	0	0	0	0	0.58	0	0	0	0	0	0	0	0	0	0	0	0	0	0	0	0	0	0	0	0	0	0	0	0	0	0	0	0	0	0	0	0	0	0	0	0	0	0	0	0
1995	WELL3	37.663	0	0	0	0	0	0	0	0	0	0	0	0	0.742	0	0	0	0	0	0	0	0.041	0	0.197	0	0	0	0	9.036	1.546	0	0	0	13.215	4.413	0.348	0	0	0	0	5.924	0	0	0	0	0	0	0	0.866	0	0	0	0	0	0	0	0	0	0	0	0	0	0	0.013	0	0	0	0	0.157	0	0	0	0	0	0	0	0	0	0	1.165
1996	WELL3	1.417	0	0	0	0	0	0	0	0	0	0.106	0	0	0	0	0	0	0	0	0	0	0	0.024	0.104	0	0	0	0	0	0	0	0	0.024	0	0	0	0	0	0	0	0	0	0	0	0	0	0	0	0	0	0	0	0	0	0	0	0	0	0	0	0	0	0	0	0	0	0	0	0.001	0	0	0	0	0	0	0	0	0	0	1.158
1997	WELL3	26.735	0	0	0	0	0	0	0	0	0	0	0	0	0	0	0	0	0	0	0	0	0.072	1.186	0	0	0	0	0	0	0	0	0	0.157	0	0	0	0	0	0	0	0.215	0	0	0	0	0	0	0	2.381	0	0	0	0	0	0	0	0	0	0	0	0	0	0	0	0	0	0	0	0	0	0	0	0	0	0	0	0	0	0	22.724
1998	WELL3	2.701	0	0	0	0	0	0	0	0	0	0	0	0	0	0	0	0	0	0	0	0	0	2.701	0	0	0	0	0	0	0	0	0	0	0	0	0	0	0	0	0	0	0	0	0	0	0	0	0	0	0	0	0	0	0	0	0	0	0	0	0	0	0	0	0	0	0	0	0	0	0	0	0	0	0	0	0	0	0	0	0
1999	WELL3	6.977	0	0	0	0	0	0	0	0	0	0	0	0	0	0	0	0	0	0	0	0	0	6.445	0.062	0	0	0	0	0	0	0	0.001	0	0	0.248	0.013	0	0	0	0	0.054	0	0	0	0	0	0	0	0.141	0	0	0	0	0	0	0.013	0	0	0	0	0	0	0	0	0	0	0	0	0	0	0	0	0	0	0	0	0	0	0	0
2000	WELL3	2.995	0	0	0	0	0	0	0	0	0	0	0	0	0	0	0	0	0	0	0	0	0	2.979	0	0	0	0	0	0	0	0	0	0.016	0	0	0	0	0	0	0	0	0	0	0	0	0	0	0	0	0	0	0	0	0	0	0	0	0	0	0	0	0	0	0	0	0	0	0	0	0	0	0	0	0	0	0	0	0	0	0
2001	WELL3	73.939	0	0	0	0	0	0	0	0	0	0	0	0	0	0	0	0	0	0	0.061	0	0.009	10.25	0.312	0	0	0	0	0	0.753	0	0.267	0	52.316	5.376	0.64	0	0	0	0	3.503	0	0	0	0	0	0	0	0.165	0	0	0	0	0	0	0.225	0	0	0	0	0	0	0.045	0	0	0	0	0	0	0	0	0	0	0.017	0	0	0	0	0	0
2002	WELL3	0.31	0	0	0	0	0	0	0	0	0	0	0	0	0	0	0	0	0	0	0	0	0	0.102	0.208	0	0	0	0	0	0	0	0	0	0	0	0	0	0	0	0	0	0	0	0	0	0	0	0	0	0	0	0	0	0	0	0	0	0	0	0	0	0	0	0	0	0	0	0	0	0	0	0	0	0	0	0	0	0	0	0
2003	WELL3	6.444	0	0	0	0	0	0	0	0	0	0	0	0	0	0	0	0	0	0	0	0	0	0	0	0	0	0	0	0	0	0	0	0	6.366	0	0	0	0	0	0	0.078	0	0	0	0	0	0	0	0	0	0	0	0	0	0	0	0	0	0	0	0	0	0	0	0	0	0	0	0	0	0	0	0	0	0	0	0	0	0	0
2004	WELL3	0.003	0	0	0	0	0	0	0	0	0	0	0	0	0	0	0	0	0	0	0	0	0	0.003	0	0	0	0	0	0	0	0	0	0	0	0	0	0	0	0	0	0	0	0	0	0	0	0	0	0	0	0	0	0	0	0	0	0	0	0	0	0	0	0	0	0	0	0	0	0	0	0	0	0	0	0	0	0	0	0	0
2005	WELL3	227.337	0	0	0	0	0	0	0	0	0	0	0	0	0	0	0	0	0	0.159	0	0	0	0.409	0.831	0	0	0	0	9.036	0.084	0	0.7	0	176.043	30.366	0.188	0.157	0	0	0	5.498	0	0	0	0	0	0	0	0.955	0	0	0	0	0	0	2.911	0	0	0	0	0	0	0	0	0	0	0	0	0	0	0	0	0	0	0	0	0	0	0	0
2007	WELL3	1506.929	0	0	0	0	0	0	0	0	0	0	0	0	0	0	0	0	0	0	0	0	71.554	34.752	3.116	0	0	0	0	0	0	0	0	0	0	1098.383	0.5	0	0	0	0	3.145	0	0	0	0.413	0	0	0	8.425	0	0	0	0	0	0	125.153	0	0	0	2.364	0	0	0	0	0	10.817	0	0	148.307	0	0	0	0	0	0	0	0	0	0	0
2008	WELL3	1.976	0	0	0	0	0	0	0	0	0	0	0	0	0	0	0	0	0	0	0	0	0	1.845	0	0	0	0	0	0	0	0	0	0	0	0	0	0	0	0	0	0	0	0	0	0	0	0	0	0	0	0	0	0	0	0	0	0	0	0	0	0	0	0	0	0	0	0	0	0.131	0	0	0	0	0	0	0	0	0	0	0
1989	WELL4	54.554	0	0.028	0	0	0	0	0	0	0	0	44.326	0	0	0	0	0	0	0	0	0	0.063	0	0	0	0	0	0.04	0	0	0	0	0	0	0	0	0	0	0	1.36	0	0	0	0	0	0	0	0	3.628	0	0	0	0	0	0	0	0	0	0	0	0	0	0	0	0	0	0.496	0	0	0	4.613	0	0	0	0	0	0	0	0	0
1990	WELL4	7.329	0	0.033	0	0	0	0	0	0	0	0	0	0	0	0	1.993	0	0	0	0	0	0	0.006	0	0	0	0	0	0	0	0	0	0	0	0	0	0	0	0	4.321	0	0	0	0	0	0	0	0	0	0	0	0	0	0	0	0	0	0	0	0	0	0	0	0	0	0	0.421	0	0	0	0.555	0	0	0	0	0	0	0	0	0
1991	WELL4	10.074	0	0	0	0	0	0	0	0	0	0	0	0	0	0	1.909	0	0	0	0	0	0	0	0	0	0	0	0	0	0	0	0	0	0	0	0	0	0	0	6.352	0	0	0	0	0	0	0	0	0.583	0	0	0	0	0	0	0	0	0	0	0	0	0	0	0	0	0	0.1	0	0	0	1.13	0	0	0	0	0	0	0	0	0
1992	WELL4	37.468	0	0	0	0	0	0	0	0	0	0	0	0	0	0	3.075	0	0	0	0	0	0.429	0.117	0	0	0	0	0.012	0	0	0	0	0	0	0	0	0	0	0	8.924	0	0	0	0	0	0	0	0	11.063	0	0	0	0	0	0	0	0	0	0	0	0	0	0	0.19	0	0	8.495	0	0	0	3.801	0	0	1.362	0	0	0	0	0	0
1993	WELL4	40.279	0	0	0	0	0	0	0	0	0	0	0	0	0	0	1.273	0	0	0	0	0	1.267	0	0	0	0	0	0	0	0.266	0	0	0	0.012	2.945	0	0	0	0	11.367	0.489	0	0	0	0	0	0	0	3.41	0	0	0	0	0	0	6.242	0	0	0	0	0	0	0	0.019	0	0	1.163	0	0	0	2.551	0	0	0	0	0	0	0	0	9.275
1994	WELL4	1.559	0	0	0	0	0	0	0	0	0	0	0	0	0	0	0	0	0	0	0	0	0	0	0	0	0	0	0	0	0	0	0	0	0	0	0	0	0	0	1.559	0	0	0	0	0	0	0	0	0	0	0	0	0	0	0	0	0	0	0	0	0	0	0	0	0	0	0	0	0	0	0	0	0	0	0	0	0	0	0	0
1995	WELL4	58.68	0	0	0	0	0	0	0	0	0	0	0	0	0	0	0	0	0	0	0.106	0	0.135	0	0	0	0	0	0	17.319	14.765	0	0	0.059	19.385	4.545	0	0	0	0	0	0.647	0	0	0	0	0	0	0	1.535	0	0	0	0	0	0	0	0	0	0	0	0	0	0	0	0	0	0	0	0	0	0	0	0	0.07	0	0	0	0	0	0.114
1996	WELL4	0.117	0	0	0	0	0	0	0	0	0	0	0	0	0	0	0	0	0	0	0	0	0	0.018	0	0	0	0	0	0	0	0	0	0.039	0	0	0	0	0	0	0	0	0	0	0	0	0	0	0	0	0	0	0	0	0	0	0	0	0	0	0	0	0	0	0	0	0	0	0	0.004	0	0	0	0	0	0	0	0	0	0	0.056
1997	WELL4	24.836	0	0	0	0	0	0	0	0	0	0	0	0	0	0	0	0	0	0	0	0	0.219	0.441	0	0	0	0	0	0	0	0	0	0	1.137	19.202	0	0.199	0	0	0	0.905	0	0	0	0	0	0	0	1.343	0.005	0	0.054	0	0	0	0	0	0	0	0	0	0	0.01	0	0	0	0	0	0	0	0	0	0	0	0	0	0	0	0	1.321
1998	WELL4	2.453	0	0	0	0	0	0	0	0	0	0	0	0	0	0	0	0	0	0	0	0	0	2.453	0	0	0	0	0	0	0	0	0	0	0	0	0	0	0	0	0	0	0	0	0	0	0	0	0	0	0	0	0	0	0	0	0	0	0	0	0	0	0	0	0	0	0	0	0	0	0	0	0	0	0	0	0	0	0	0	0
1999	WELL4	8.251	0	0	0	0	0	0	0	0	0	0	0	0	0	0	0	0	0	0	0	0	0.123	4.541	0.021	0	0	0	0	0	0	0	0	0	0	1.27	0.024	0	0	0	0	0.306	0	0	0	0	0	0	0	1.78	0	0	0	0	0	0	0.186	0	0	0	0	0	0	0	0	0	0	0	0	0	0	0	0	0	0	0	0	0	0	0	0
2000	WELL4	9.526	0	0	0	0	0	0	0	0	0	0	0	0	0	0	0	0	0	0	0	0	0	9.526	0	0	0	0	0	0	0	0	0	0	0	0	0	0	0	0	0	0	0	0	0	0	0	0	0	0	0	0	0	0	0	0	0	0	0	0	0	0	0	0	0	0	0	0	0	0	0	0	0	0	0	0	0	0	0	0	0
2001	WELL4	120.371	0	0	0	0	0	0	0	0	0	0	0	0	0	0	0	0	0	0	0.021	0	0	14.965	0	0	0	0	0	0	27.453	0	3.501	0	46.576	6.187	0.064	0	0	0	0	9.717	0	0	0	0	0	0	0	5.595	0	0	0	0	0	0	4.955	0	0	0	0	0	0	1.337	0	0	0	0	0	0	0	0	0	0	0	0	0	0	0	0	0
2002	WELL4	0.043	0	0	0	0	0	0	0	0	0	0	0	0	0	0	0	0	0	0	0	0	0	0.033	0	0	0	0	0	0	0	0	0	0	0	0	0	0	0	0	0	0.01	0	0	0	0	0	0	0	0	0	0	0	0	0	0	0	0	0	0	0	0	0	0	0	0	0	0	0	0	0	0	0	0	0	0	0	0	0	0	0
2003	WELL4	15.425	0	0	0	0	0	0	0	0	0	0	0	0	0	0	0	0	0	0.225	0	0	0	0	0	0	0	0	0	0.753	0.323	0	0	0	0.251	12.087	0.01	0	0	0	0	0.788	0	0	0	0	0	0	0	0.988	0	0	0	0	0	0	0	0	0	0	0	0	0	0	0	0	0	0	0	0	0	0	0	0	0	0	0	0	0	0	0
2004	WELL4	0.002	0	0	0	0	0	0	0	0	0	0	0	0	0	0	0	0	0	0	0	0	0.001	0	0	0	0	0	0	0	0	0	0	0	0.001	0	0	0	0	0	0	0	0	0	0	0	0	0	0	0	0	0	0	0	0	0	0	0	0	0	0	0	0	0	0	0	0	0	0	0	0	0	0	0	0	0	0	0	0	0	0
2005	WELL4	179.959	0	0	0	0	0	0	0	0	0	0	0	0	0	0	0	0	0	0.133	0	0	1.05	0	0	0	0	0	0.081	9.036	9.356	0	0.242	0	110.555	39.098	0.046	0	0	0	0	2.25	0	0	0	0	0	0	0	0.763	0	0	0	0	0	0	7.349	0	0	0	0	0	0	0	0	0	0	0	0	0	0	0	0	0	0	0	0	0	0	0	0
2007	WELL4	1460.866	0	0	0	0	0	0	0	0	0	0	0	0	0	0	0	0	0	0	0	0	51.67	11.842	0	0	0	0	0	0	0	0	0	0	0	1189.868	0	0	0	0	0	6.134	0	0	0	0	0	0	0	3.462	0	0	0	0	0	0	68.506	0	0	0.954	0	0	0	0	0	0	18.944	0	0	109.486	0	0	0	0	0	0	0	0	0	0	0
2008	WELL4	0.162	0	0	0	0	0	0	0	0	0	0	0	0	0	0	0	0	0	0	0	0	0	0.161	0	0	0	0	0	0	0	0	0	0	0	0	0	0	0	0	0	0	0	0	0	0	0	0	0	0	0	0	0	0	0	0	0	0	0	0	0	0	0	0	0	0	0	0	0	0.001	0	0	0	0	0	0	0	0	0	0	0
