year	site	Total.Of.area	Anethum.graveolens	Bromus.japonicus	Chamaesaracha.spp	Conyza.canadensis	Croton.monanthogynus	Croton.texensis	Euphorbia.dentata	Euphorbia.geyeri	Euphorbia.marginata	Euphorbia.spathulata	Festuca.octoflora	Hedeoma.hispida	Helianthus.annuus	Helianthus.petiolaris	Hordeum.pusillum	Hymenopappus.corymbosus	Kochia.scoparia	Lactuca.ludoviciana	Lactuca.serriola	Leonurus.cardiaca	Lepidium.campestre	Lepidium.densiflorum	Linum.rigidum	Linum.sulcatum	Panicum.capillare	Plantago.patagonica	Plantago.rhodosperma	Polygala.verticillata	Salsola.iberica	Senecio.plattensis	Silene.antirrhina	Solanum.rostratum	Stenosiphon.linifolius	Tragopogon.pratensis
34	kansas	5.606799534	0	0	0	0	0	0	0	0	0	0	0	0	0	0	0	0	0	0	0	0	0	0	0	0	5.606799534	0	0	0	0	0	0	0	0	0
35	kansas	8.14795876	0	0	0	0	0	0	0	0	0	0	0	0	0	0	0	0	0	0	0	0	0	0	0	0	0	0	0	0	0	8.14795876	0	0	0	0
36	kansas	2.631390572	0	0	0	0	0	0	0	0	0	0	0	0	0	0	1.362026093	0	0	0	0	0	0	0	0	0	0	3.90075505	0	0	0	0	0	0	0	0
37	kansas	3.934661968	0	0	0	0	0	0	0	0	0	0	7.707148003	0.959673563	0	0	0	0	0	0	0	0	0	8.557064362	0	0	0	0.714984076	0	0	0	0	0.726824939	0	0	0
38	kansas	-99	-99	-99	-99	-99	-99	-99	-99	-99	-99	-99	-99	-99	-99	-99	-99	-99	-99	-99	-99	-99	-99	-99	-99	-99	-99	-99	-99	-99	-99	-99	-99	-99	-99	-99
39	kansas	0.726036409	0	0	0	0	0	0	0	0	0	0	0	0	0	0	0	0	0	0	0	0	0	0	0	0	0	0	0	0	0.726036409	0	0	0	0	0
40	kansas	1.563007862	0	0	0	0	0	0	0	0	0	0	0	0	0	0	0	0	0	0	0	0	0	0	0	0	5.71268559	0	0	0	0.733075023	0	0	0.73307164	0	0
41	kansas	0.714124894	0	0	0	0	0.725583008	0	0.687389294	0	0	0	0	0	0	0	0	0	0	0	0	0	0	0	0	0	0	0	0	0	0	0	0	0	0	0
42	kansas	0.693841339	0	0	0	0	0.693841339	0	0	0	0	0	0	0	0	0	0	0	0	0	0	0	0	0	0	0	0	0	0	0	0	0	0	0	0	0
43	kansas	0.728679609	0	0	0	0	0	0	0	0	0	0	0	0	0	0	0	0.728679609	0	0	0	0	0	0	0	0	0	0	0	0	0	0	0	0	0	0
44	kansas	0.710128725	0	0	0	0	0	0	0	0	0	0	0	0	0	0	0	0.70826754	0	0	0	0	0	0	0	0	0	0	0	0	0	0.713851094	0	0	0	0
45	kansas	0.740533113	0	0	0	0	0	0	0	0	0	0	0	0	0	0	0	0.740533113	0	0	0	0	0	0	0	0	0	0	0	0	0	0	0	0	0	0
46	kansas	0.736061811	0	0	0	0	0	0	0	0	0	0	0	0	0	0	0	0	0	0	0	0	0	0	0	0	0	0	0	0	0	0	0	0	0.736061811	0
47	kansas	0.733718574	0	0	0	0	0	0	0	0	0	0	0	0	0.737352312	0	0	0	0	0	0	0	0	0	0.737351894	0	0	0	0	0	0	0	0	0	0.726451516	0
48	kansas	0.732943783	0	0	0	0	0	0	0	0	0	0	0	0	0	0	0	0.732943783	0	0	0	0	0	0	0	0	0	0	0	0	0	0	0	0	0	0
49	kansas	0.730351597	0	0	0	0	0	0	0	0	0	0	0	0	0.73373735	0	0	0.729223013	0	0	0	0	0	0	0	0	0	0	0	0	0	0	0	0	0	0
50	kansas	0.730809867	0	0	0	0	0	0	0	0	0	0	0	0	0	0	0	0.730809867	0	0	0	0	0	0	0	0	0	0	0	0	0	0	0	0	0	0
51	kansas	0.720386088	0	0	0	0	0	0.713807762	0	0	0	0	0	0	0	0	0	0.723467767	0	0	0	0	0	0	0	0	0	0	0	0	0	0.723882735	0	0	0	0
52	kansas	0.725457073	0	0	0	0	0	0	0	0	0	0	0	0	0	0	0	0	0	0	0	0	0	0	0	0	0	0	0	0	0	0	0	0	0.725457073	0
53	kansas	0.731020207	0	0	0	0.726621866	0	0	0	0	0	0	0	0	0.733840458	0	0	0.719498078	0	0.713541806	0	0	0	0	0	0	0	0	0	0	0	0.726689279	0	0	0.726358622	0.731521487
54	kansas	0.723797401	0	0	0	0	0	0	0	0	0	0	0	0	0	0	0	0.720715773	0	0	0	0	0	0	0	0	0	0	0	0	0	0	0	0	0.739205539	0
55	kansas	0.732708782	0	0	0	0	0	0	0	0	0	0	0	0	0.733736455	0	0	0.731681108	0	0	0	0	0	0	0	0	0	0	0	0	0	0	0	0	0	0
56	kansas	3.470441612	0	0	0	0	0	0	0	0	0	0	0	0	0	0	0	0	0	0	0	0	0	0	0	0	0	0	0	0	3.470441612	0	0	0	0	0
57	kansas	0.805080635	0	0	0	0.720359975	0	0.705429216	0	0	0	0	0	0.736410722	1.049629908	0	0	0.728096098	0	0.760219991	0	0	0	0	0	0	0	0.724092972	0	0.701026261	0.716448656	0	0.718231977	0.646248102	0	0
58	kansas	0.720888853	0	0	0	0.72802937	0.728411257	0	0	0	0	0	0	0	0	0	0	0.731618434	0	0	0	0	0	0	0	0	0	0.714868506	0	0	0	0	0	0	0	0
59	kansas	0.715516627	0	0	0	0	0	0	0	0.721725047	0	0	0	0	0.723772407	0	0	0	0	0	0	0	0	0	0	0	0	0	0	0	0	0	0	0	0.7079433	0
60	kansas	0.696442559	0	0	0	0.715305438	0.675619662	0	0	0	0	0	0	0.669672149	0.700093001	0	0	0	0.67560792	0	0	0	0	0	0	0.693098635	0	0.708198965	0	0.713476419	0	0.713467002	0.674239695	0	0	0
61	kansas	0.777777139	0	0	0	0	0	0.713320037	0	0	0	0	0	0	0	0	0	0	0	0.718611717	0	0	0	0	0	0	0	0	0	0.815921844	0.713321984	0	0	0	0	0
62	kansas	0.752657416	0	0	0	0.699754655	0.728677422	0	0	0	0	0	0	0	0.687689364	0	0	0.67557028	0.714744031	0.709684283	0	0	0	0	0	0.705924481	0	0	0	0	0	0.705304235	0	0	0	1.33415583
63	kansas	2.725621063	0	0	0	0	0.662301183	0	0	0	0	0	0	0	0	0	0	0	0	0	0	0	0	0	0	0	6.83566093	0	0	0	0.678901076	0	0	0	0	0
64	kansas	0.711739812	0	0	0	0.720453699	0.707682431	0	0	0	0	0	0	0	0.68764317	0	0	0	0.705892503	0.719230553	0	0	0	0	0	0	0	0	0	0	0	0	0	0	0	0.712024674
65	kansas	8.507112298	0	60.34095639	0	0	0.731619132	0.718892038	0	0	0	0	0	0.726812482	0.714987655	0	0	0	0	0.722828169	0	0	0	0	0	0	17.34270846	0	0	0.724759758	0.698610187	0.719950755	0	0	0.724112868	2.063184653
66	kansas	0.717912674	0	0	0	0	0	0	0	0	0	0	0	0	0	0	0.720223427	0	0	0	0	0	0	0	0	0	0	0	0	0	0	0.716757496	0	0	0.716756701	0
67	kansas	1.230087677	0	0	0	0	0.729528209	0	0	0	0	0	0	0	0.719680727	0	0	0	0.742664456	0.720349451	0	0	0	0	0.732189328	0	14.569273	0	0	0.593796158	0	0.70940429	0	0	0	0.719523162
68	kansas	3.733333979	0	0.704837862	0.72857213	0	0	0.715402901	0	0	0	0	0	0	0.706461206	0	0	0	0	0	0	0	0	0	0	0.715646982	32.98590877	0	0	0	0	0	0	0.715405703	0	0
69	kansas	0.728057151	0	0	0	0.720611142	0.730117834	0	0	0.724204345	0	0.712988913	0	0	0.726521309	0	0	0	0.712982416	0.717643221	0	0	0	0	0.735190849	0	0	0.719331634	0.732493103	0.737582387	0	0	0	0	0	0.734958768
70	kansas	0.748635389	0	0	0	0.713687013	0.725889802	0	0	0	0	0	0	0	0.797479342	0	0	0	0.712534398	0	0.725885202	0.730401349	0.731223226	0	0.728733897	0	0	0	0	0	0	0.715889835	0	0	0	0
71	kansas	0.828040445	0	0	0.730157703	0.723988652	0	0	0	0.810531318	1.36777461	0	0	0	0.727076424	0.732206404	0	0	0.722221355	0.722595096	0	0.722592394	0.732548873	0	0	0	11.48993827	0.654942906	0	0	0.720130046	0	0	0	0	0
72	kansas	0.710430318	0.7177399	0	0	0.717218737	0	0	0	0	0.713111505	0.719548035	0	0	0.713452429	0	0	0	0	0.673952856	0	0	0	0	0	0	0	0.709671546	0	0	0	1.16602838	0	0	0	0.69660856
