year	site	Total.Of.area	Agropyron.smithii	Andropogon.gerardii	Aristida.longiseta	Aristida.purpurea	Bouteloua.curtipendula	Bouteloua.gracilis	Bouteloua.hirsuta	Buchloe.dactyloides	Carex.gravida	Carex.heliophila	Carex.praegracilis	Carex.spp_	Chloris.verticillata	Chloris.virgata	Elymus.canadensis	Muhlenbergia.cuspidata	Panicum.virgatum	Poa.arachnifera	Schedonnardus.paniculatus	Schizachyrium.scoparium	Short.grass	Sitanion.hystrix	Sorghastrum.nutans	Sporobolus.asper	Sporobolus.cryptandrus	Sporobolus.neglectus	Tridens.flavus
32	kansas	131.8539122	0	352.2469945	0	0	2.071138384	0	50.12511255	0	0	0	0	0	0	0	0	0	0	0	0	279.003819	151.2047402	0	0	0	0	0	0
33	kansas	929.1915988	0	981.9593177	0	0	0	0	0	1369.247864	0	0	0	0	0	0	0	0	0	0	0	812.8040223	1949.406109	0	0	0	0	0	0
34	kansas	136.6428589	15.3656254	226.893092	0	18.12143266	150.0688831	32.87135281	30.4419667	129.924399	0	0	0	0	0	0	0	0	0	0	0	108.1254425	296.8787404	0	7.907132385	0	14.97760623	0	0
35	kansas	35.36575966	0	30.29212358	0	18.05091856	32.77453242	25.31552405	14.23553156	29.46927305	0	0	0	0	0	0	0	0	0	0	11.54348271	28.32827035	52.07298844	23.3456955	0	12.39147029	11.46627254	0	0
36	kansas	15.3575254	0	15.88201498	0	19.14182392	11.87053992	12.50600091	23.95931758	7.32384589	0	2.441230135	1.476529507	0	0	0	0	0	3.30848217	0	45.53484418	12.92765749	1038.527958	4.89463091	0	12.81146685	24.43926246	0	0
37	kansas	23.00202692	0	15.36447266	0	41.67301292	21.01931053	29.48719051	21.1218066	18.04395176	0	0.707866907	0.726813614	0	0	0	0	0	0	0	21.6660347	13.63358137	15.55765127	0	0	21.34593225	36.155667	0	0
38	kansas	39.16298858	0	19.44053372	7.62415504	0	39.00722723	52.78568151	54.64519443	27.22650218	0	0	0	0	0	0	0	0	8.206196073	0	22.0521755	31.79316626	0	0	0	42.1305061	36.38278071	0	0
39	kansas	31.67248564	0	14.08430512	0	0	27.32974263	42.41589436	42.15394383	24.12073956	0	0	0	0	0	0	0	0	2.264463507	0	53.5585403	17.16870266	0	0	0	36.42327588	44.4782761	0	0
40	kansas	30.02170014	0	5.84637102	0	0	17.43985662	37.53011194	15.38957375	27.34872237	0	0	0	0	0	0	0	0	4.925266881	0	0	7.110369695	0	0	0	26.23412506	28.0526505	0	0
41	kansas	64.68982462	0	20.13849389	6.76267576	0	46.64654777	70.84730001	20.1461909	74.75285328	0	0	0	0	0	0	0	0	46.03418193	0	10.97734735	27.16668675	0	0	0	27.6173748	16.71127571	0	0
42	kansas	292.298781	0	52.01164005	0	0	133.5089189	351.0347035	55.64986759	505.8415023	0	0	0	0	0	0	0	0	200.9819089	0	0	86.52156603	0	0	0	44.82440964	59.45047058	57.15866755	0
43	kansas	206.0227418	0	36.53870841	31.3701115	0	97.19983373	188.1293204	27.30944879	475.1076168	0	0	0	0	0	0	0	0	38.67564868	0	38.66244197	65.80265158	0	0	0	31.71712533	44.67599787	0	0
44	kansas	240.9963399	0	40.91546959	19.495904	35.4553871	130.5619627	160.9715674	47.4609826	776.7212681	0	0	0	0	0	0	0	20.50461067	13.32695584	0	22.60143355	95.07303497	0	6.934776112	0	36.20146512	38.73694508	0	0
45	kansas	152.1509862	0	92.44454782	33.65135095	34.2635269	50.94076158	102.0404097	37.2638685	514.3238101	4.72686195	0	0	0	0	0	0	0	28.73942949	0	15.33228636	85.24776837	0	0	0	27.98323868	33.56369441	0	0
46	kansas	167.158114	0	99.77966116	76.1389616	34.6635399	57.47802904	97.83904817	36.57324694	529.6555874	0	0	0	0	0	0	0	0	16.91054752	0	21.5685234	89.44022027	0	0	0	32.51476023	22.84276277	0	0
47	kansas	174.9338484	363.227936	73.65627893	40.89881433	69.430542	47.79091222	131.6026422	71.29854118	392.4521767	0.728943423	0	0	0	0	0	0	0	0	0	11.32458666	175.7371633	0	0	0	56.87703013	22.60579196	0	0
48	kansas	217.8452912	21.6272941	108.6082018	63.91430048	10.5685711	49.77567601	219.9160268	50.73833673	543.5634215	5.707261403	0	0	0	0	0	0	0	5.15522957	0	0	219.9646092	0	0	0	76.54592002	43.09332887	0	0
49	kansas	134.2971683	2.38923752	17.58851456	82.7429423	0	14.87135014	180.8779035	52.69549351	273.5390392	5.93789093	0	0	4.3106786	0	0	0	0	5.426362933	0	24.0418262	140.7667882	0	0	0	47.74870753	25.07583852	0	0
50	kansas	142.42958	0	24.89947308	80.33764	0	14.93958696	176.8064102	67.36954306	389.0486845	0.737655044	0	0	0.73597104	0	0	0	0	5.936182916	0	0	158.9352442	0	17.38416688	0	49.31463488	15.27725689	0	0
51	kansas	107.4668049	0	21.27660377	32.98936662	0	18.09217076	158.3012175	37.68117751	247.911367	0	0	0	0	0	0	0	0	5.659507367	0	0	50.85139548	0	15.218427	0	29.65013651	12.21754124	0	0
52	kansas	81.36375767	3.925607007	52.99535384	25.86248482	67.17026637	25.87016994	105.0434001	40.4353763	88.33438641	0	0	0	0.725453019	0	0	0	0	11.7341423	0	7.559489394	60.9944671	0	15.9330921	3.287186265	50.78238201	21.49198082	0	0
53	kansas	39.05525674	8.46752117	38.39840328	30.38323305	55.55224471	24.22980596	29.90777295	40.61347295	53.90094238	50.3904991	0	0	0	0	0	0	0	11.89358537	0	36.7877426	176.1437304	0	17.21751313	0	63.89124435	16.37886825	0	0
54	kansas	19.18944914	20.08381726	36.62060625	21.86203067	48.33575967	19.97538836	18.71032569	24.03558676	13.26922973	9.449022406	0	0	0	0	0	0	0	20.42992824	0	0	151.5845023	0	36.94294573	0	66.56844796	8.929569076	0	0
55	kansas	26.47215928	109.6682873	38.90255343	25.34640682	0	22.09931926	28.41960789	20.20821108	19.40568427	46.2947235	0	4.806067505	5.778731224	0	0	0	0	26.62806414	0	37.4291306	206.5748208	0	30.75365315	7.582831893	59.87459119	20.2772102	0	0
56	kansas	21.91525636	0	38.64990202	48.92279977	0	22.52794028	23.63886868	15.07732526	13.41756921	17.2078896	0	4.448488596	2.276087564	0	0	0	0	28.03800526	0	0	155.1262162	0	95.93220382	0	43.56689821	21.35769429	0	0
57	kansas	39.55911228	0	50.10889642	83.04618609	0	35.74102572	40.62938201	30.89173702	28.75933266	4.572872128	0	0	15.76511325	0	0	0	0	15.80036381	0	0	212.7306556	0	107.7544428	0	46.91661809	41.2512265	0	0
58	kansas	56.85167035	21.2448063	45.97974531	69.36807753	92.21947723	37.80272349	67.93429863	30.20303768	43.39824972	0	0	0	0	0	0	0	0	42.25844107	0	0	248.5515181	0	71.73629095	0	36.22149552	59.1126542	0	0
59	kansas	45.13115154	0	51.21819212	56.5790674	88.1374439	51.33259167	51.78336285	55.24567858	29.55297358	0	0	0	0.713374338	0	0	0	0	11.81467091	0	0	170.8566217	0	0	0	52.54557356	6.60430223	0	0
60	kansas	66.25142366	13.14582656	83.00635431	72.36829404	67.48023607	70.17320653	73.0452764	39.32495939	52.44638928	0	0	0	4.676827299	0	0	0	0	88.27750864	0	0	264.5289248	0	0	0	40.09208299	15.18315563	0	0
61	kansas	55.02559193	0	74.78636115	50.91738413	0	65.23426062	47.87721699	74.49390918	49.25430902	0	0	0	3.080406116	0	0	0	0	16.99240472	0	0	251.8289425	0	0	0	47.36511617	12.01380046	0	0
62	kansas	49.12125087	0.703537807	22.89342854	42.15768448	0	48.9248328	67.81200765	76.61952414	43.01987418	0	0	0	0.704178416	0	0	0	0	2.191792887	0	0	267.7146417	0	0	0	19.88492252	10.89849352	0	0
63	kansas	69.47313472	2.430862418	58.08018488	59.21171286	48.2128546	108.0292547	63.92296617	49.7889073	83.81608697	0.728811284	0	0	0.695759451	0	0	0	0	14.6826489	0	168.768692	296.9159333	0	0	0	12.8921303	5.345481086	0	0
64	kansas	150.1318122	56.6028709	123.9788329	141.78835	0	90.37346244	151.6198197	65.56900148	240.1963753	0	0	0	0.71918568	0	0	0	0	44.55892423	0	907.670593	295.021322	0	0	0	30.17936305	47.7991771	0	0
65	kansas	165.050463	0.718289137	163.5532439	82.67398618	241.5896	103.6392621	231.1501569	46.4509536	176.7726369	0	0	0	2.902774881	0	0	0	0	33.40228446	0	0	283.6089417	0	94.9264375	0	42.06109843	52.95112418	0	22.8518009
66	kansas	64.90618584	9.212241222	56.94516919	47.31253619	0	117.0234244	68.47290792	27.36539784	46.02842523	0	0	0	2.688667082	0	0	0	0	18.4008618	0	26.2987862	219.7643071	0	0	0	38.32200198	5.212603201	0	0
67	kansas	76.15675247	27.28844355	102.0889214	46.96038875	0	63.65107368	60.63268518	50.40240569	77.7480855	0	0	0	0	90.3783035	0	0	0	117.2136769	0	21.6707802	325.4488986	0	29.21581927	0	40.26112913	20.1626673	0	0
68	kansas	97.00840175	1.641496303	111.166743	33.8013124	0	110.8331972	85.64948189	34.94440411	121.5149581	0	0	0	0	0	0	0	0	38.12911651	0	0	221.6012074	0	5.947019455	0	45.43397137	0.704877786	0	0
69	kansas	413.0339344	0	768.9549319	166.4366113	269.7277525	201.4747841	224.7344667	0	985.7492052	0	0	0	0	210.631226	0	13.18413209	0	108.8798581	0.732489844	0	283.4068807	0	0	0	0	67.3008118	0	0
70	kansas	415.4713375	0	359.3291325	165.7145707	0	222.8645674	744.0732883	29.75409652	780.1305665	0	0	0	0	0	40.4690399	4.10643935	0	61.80921748	0	0	244.4474565	0	8.22954082	0	9.445930441	4.409270101	0	0
71	kansas	345.7260175	11.81530261	398.3700016	63.67615064	0	200.8221585	317.8470875	113.348312	924.9960255	0	0	0	9.93554401	15.48652636	0	0	0	80.876797	0	1.66322815	344.1978801	0	0	0	0	6.61290979	0	0
72	kansas	133.3690874	3.537197522	232.7973357	71.01252299	0	55.66201645	137.0445568	20.33558895	630.6828459	1.363464746	0	0	205.859161	83.16750857	0	15.09638503	0	89.49798586	0	0	230.1490869	0	24.4815044	0	0	2.798890325	0	0
