year	site	Total.Of.area	Allium.drummondii	Allium.spp_	Ambrosia.psilostachya	Ambrosia.spp_	Arenaria.stricta	Asclepias.pumila	Asclepias.viridiflora	Asclepias.viridis	Aster.ericoides	Aster.fendleri	Aster.oblongifolius	Astragalus.mollissimus	Brickellia.eupatorioides	Callirhoe.involucrata	Calylophus.lavandulifolius	Calylophus.serrulatus	Castilleja.sessiliflora	Chamaesyce.polygonifolia	Chamaesyce.spp_	Chamaesyce.stictospora	Chenopodium.album	Chenopodium.leptophyllum	Cirsium.ochrocentrum	Cirsium.undulatum	Comandra.umbellata	Dalea.candida	Dalea.purpurea	Echinacea.angustifolia	Echinacea.pallida	Erigeron.strigosus	Erysimum.asperum	Evolvulus.nuttallianus	Gaura.coccinea	Grindelia.squarrosa	Haplopappus.spinulosus	Hedeoma.drummondii	Hedyotis.nigricans	Helianthus.maximiliani	Hybanthus.verticillatus	Hymenoxys.scaposa	Lesquerella.ovalifolia	Leucelene.ericoides	Liatris.punctata	Lithospermum.incisum	Lomatium.macrocarpum	Megapterium.fremontii	Mentzelia.decapetala	Mentzelia.oligosperma	Mirabilis.linearis	Oenothera.macrocarpa	Onosmodium.molle	Oxalis.spp_	Oxalis.stricta	Oxytropis.lambertii	Paronychia.jamesii	Penstemon.albidus	Polygala.alba	Polygala.spp_	Psoralea.cuspidata	Psoralea.tenuiflora	Ratibida.columnifera	Salvia.azurea	Schrankia.uncinata	Scutellaria.resinosa	Solidago.glaberrima	Solidago.mollis	Solidago.rigida	Solidago.spp_	Sphaeralcea.coccinea	Thelesperma.megapotamicum	Townsendia.exscapa	Tragia.ramosa	Verbena.bipinnatifida	Verbena.bracteata	Vicia.americana
32	kansas	2.324246593	0	0	2.441253017	0	0	0	0	0	0	0	0	0	0	0	0	0	0	0	0	0	0	0	0	0.500778139	0	0	0	0	0	0	0	0	0	0	0	0	0	0	0	0	0	0	1.22255445	0	0	0	0	0	0	0	0	0	0	0	0	0	0	0	0	0	0	0	0	0	0	0	0	0	0	0	0	0	0	0	0
34	kansas	4.664037637	0	0	4.972136975	0	0	0	0	0	0	0	0	0	0	0	0	0	0	0	0	0	5.775480116	0	0	0	0	0	0	0	0	0	0	0	0	0	0	0	0	0	0	0	0	6.290536297	0	0	0	0	0	0	0	0	0	0	0	0	0	0	0	0	0	5.358367086	0	0	0	0	0	0	0	0	3.901700962	2.909106673	0	0	0	0	0
35	kansas	7.94095055	3.114423321	2.417888065	7.643133971	0	35.4724083	0	0	0	5.597960353	0	0	0	0	3.41657495	22.74390187	2.54912174	0	0	0	0	3.85484445	0	0	12.95806638	0	0	3.625968575	7.450407237	11.27121887	0	0	3.526078434	8.1268643	0	0	0	7.554337579	0	0	27.34518844	6.245431576	12.4704973	9.017435817	4.22413242	0	0	0	0	0	0	0	0	0	0	7.038471394	0	0	0	0	8.198994055	0	0	3.18330789	14.18158034	0	10.00748937	0	0	4.68460348	7.650251641	8.67375851	2.69240302	0	0	0
36	kansas	5.557469326	2.587946816	0	6.371551943	0	10.13889909	0	0	0	11.56018292	0	0	0	0	0	0	6.16600108	0	0	0	0	0	0	0	6.528533851	0	0	3.734714286	0	6.618278711	0	0	3.956663367	0	0	0	0	2.50948477	0	0	12.91627222	4.714774825	7.25306066	3.384950173	0	0	0	0	0	0	0	0	0	0	0	4.431667951	0	0	0	0	9.413383957	0	0	3.35573852	8.52709293	0	10.19505478	0	0	2.419073534	4.059717143	0	2.51960635	0	0	0
37	kansas	1.259302632	0	0	7.406826579	0	0	0	0	0	0.72734201	0.713169175	0.722804427	0	1.853694675	0	1.85369205	0.715216458	0	0	0	0	0	0	0	0	0	0	1.85370111	0.699810738	0	0	3.928924255	0.71521157	0	0	0	0	0	0	0	0.719319552	1.635956836	0.72098805	0.715736866	1.85369074	0	0	0	0	0.728550434	0	0	0	0	0	0.699081145	0	0	0	0	0.699812144	0	0	0.699806511	0	0	0	0	0	0.809042227	0.699810907	0	0.731737077	0	0	0
38	kansas	1.411920552	0	0	0.719482459	0	0	0	0	0	0.685006917	3.016065955	1.481343885	0	0	0	1.86489081	0.696218908	0	0	0	0	0	0	0	0	0	0	1.86488175	1.343120955	0	0	2.238781094	0.696224869	0.699365854	0	0	0	0	0	0	1.120058631	0	1.080525715	3.09379727	0	0	0	0	0	0.733851433	0	0	0	0	0	1.846118103	0	0	0	0	4.76688766	0	0	0	0	0	0	0	0	0.791637116	1.481079672	0	2.51237035	0	0	0
39	kansas	1.027878359	0	0	0	0	0	0	0	0	0.721718833	2.249294962	13.5449715	0	0	0	1.85203397	0.704998791	0	0	0	0	0	0	0	0	0	0	1.8520391	0	0.719718039	0	0.720722497	0.702500165	0.718136132	0	0.721827686	0	0	0	0	1.287860422	0	0.719517489	0.728023986	0	0	0	0	0	0.726456881	0	0	0	0	0	1.161593348	0	0	0	0	0.706914609	0	0	0.700076491	0	0	0	0	0	0.785807671	1.069181328	0	0	0	0	0
40	kansas	0.90664626	0	0	0.751439687	0	0	0	0	0	0	0.737931967	0	0	1.88139653	0	0	0.730307281	0	0	0	0	0	0	0	0	0	0	1.88139653	0.94488473	1.09734404	0	1.092891879	0.737007479	0.800437753	0	0.719663739	0	0	0	0.70306623	0.703064054	0.723529518	0.721377842	1.312734801	0.703058481	0	0	0.725697378	0.744217455	1.419119705	0	0	0	0	0	0.736645132	0	0	0	0	0.717997823	0	0	0.72096473	1.88140047	0	0	0	0	0.742341974	0.947425235	0	0.737002313	0.733889788	0	0
41	kansas	0.723058963	0	0	0.706083641	0	1.82250106	0	0	0	0.708979344	0.732878134	0.718337238	0	0	0	1.83000076	0.710078716	0	0	0	0	0	0	0	0	0	0	1.068621359	0.69163239	0	0	0	0.700712601	0.721377747	0	0.725339741	0.718331039	0	0	0	0.935002612	0	0.703001816	1.266193152	0	0	0	0	0	0	0	0	0	0	0	0.792256754	0.703374207	0	0	0	0.713329483	0.71255444	0	0.69755276	0	0	0.648893699	0	0	0.701800841	0.720401917	0	0.712458591	0.703380823	0	0
42	kansas	1.885509971	0	0	0.721756215	0	1.433582575	0	0	0	0.717210931	0.702526525	16.80356731	0	0	0	0	0	0	0	0	0	0	0	0	1.85279012	0	0	0	0.77707393	0	0	0	0.689680934	1.733310299	0	0.759390235	0.685159624	0	0	0	0.685162246	0	35.15698448	0.693591118	0	0	0	0	0	0	0	0	0	0	0	7.386656629	0	0	0	0	1.145057112	0.827993442	0	0.68967247	1.088396967	0	0.937651095	0	0	0.71558655	0.746562219	0	0.688169619	0	0	0
43	kansas	0.834214996	0	0	0.708989683	0	0.740846395	0	0	0	0.712218243	0	1.85714138	0	0	0	1.141548383	0.70073373	0	0	0	0	0	0	0	0.712515414	0	0	0.705029667	0.717364341	0	0	0	0.924090723	0.711355596	0	0.482836276	0	0.738654775	0	0.735710502	0.735717809	0.748598099	0.70680745	0.915699532	0	0	0.730726123	0	0	0	0	0	0	0	0	0.761273544	1.47479236	0	0	0	0.709677074	0.671404622	0	0.720653027	7.378427144	0.704683891	0.721358319	0	0	0.723851077	0.816241654	0	0.733613268	0	0	0
44	kansas	0.750049904	0	0	0.763622911	0	1.174858602	0	0	0	0.702397324	0.703453277	0	0.698860765	0	0	0	0.714236244	0	0	0	0	0	0	0	0.719605506	0	0	1.157623363	0.714778437	0	0	0.697889596	0.705876255	0.748283022	0.658264816	0.711190442	0	0.704218437	0	0.701313694	0.71080966	0.702636838	0.723900427	0.701054493	0.698072135	0	0	0	0	0	0	0	0	0	0	0.706565489	0	0	0	0	0.700127475	0.71714294	0	0.711477419	0.699315443	0.735387945	0.688424717	0	2.26632929	0.712450381	0.690473655	0	0.697999561	0	0	0
45	kansas	0.746462748	0	0	0.732213093	0	0.969555795	0	0	0	0.729510286	0.742922091	0	0	0	0	1.89485356	0.731471011	0	0	0	0	0	0	0	0.727950328	0	0	1.02394014	0.797807131	0.739851614	0	0	0.659067154	0.728162146	0	0.735788325	0	0.739743309	0.738945246	0.740528151	0.740526299	0.744716704	0.726937661	1.126391988	0.740079323	0	0	0	0	0	0	0	0	0	0	0.760027861	0.72560215	0	0	0	0.714346045	0.733606279	0	0.739182741	0.9929138	0.725596893	0.720616411	0	0	0.732552835	0.788438038	0	0.752051324	0	0	0
46	kansas	1.05408318	0.74017039	0	0.713128228	0	75.10002657	0	0	0	0.733787504	0.741472175	0	0	0	0	0	0.736611986	0	0	0	0	0	0	0	0.74303224	0	0	0.749378955	0.856099085	0	0	0	0.742487562	0.746773541	0	0.743583352	0	0.741273321	0	0.733181351	0.73750031	0.74959296	0.744112608	0.749599556	0	0.74255842	0	0	0	0	0	0	0	0	0	0.749579828	0	0	0	0.742194176	0.723147228	0.742906332	0	0.741628766	0.745079545	0.741677978	0.735241933	0.757559896	0	0.738384855	0.740184459	0.740691006	0.738341844	0	0	0
47	kansas	1.015857723	0	0	0.708249971	0.724538058	0.736084978	0	0	0	0.722635934	0.733561814	0	0	0	0	0	0.736122559	0	0	0	0	0	0	0.721200252	0.745009465	0	0	0.7247338	0.73406771	0	0	0	0.737346709	0.726733452	0	0	0	0.736072339	0	0.732292429	0.741836161	0	5.088772693	0.727672498	0	0	0	0.737349808	0	0	0	0	0	0	0	0.734934673	0	0	0	0	0.787310924	0.709881522	0	0.729188272	0.732833654	0	1.522297149	0	0.739317636	0.737841098	0.730087207	0	0.739434441	0	0	0
48	kansas	0.730923226	0	0	0.731397099	0	0.739569972	0	0	0	0.73264457	0.732433796	0.72670877	0	0	0	0	0.711915988	0	0	0	0	0	0	0.733371765	0.72303594	0	0	0.729549378	0.897570087	0	0	0	0.739285737	0.726647276	0.72895658	0.737889588	0	0.729672538	0	0.72791101	0.725806952	0.737792623	0.70590018	0.733595762	0.740000606	0	0	0	0	0	0	0	0	0	0	0.726974235	0	0	0	0	0.722772837	0.726414184	0	0.728108764	0.731951366	0.730355096	0.720289707	0	0	0.718141913	0.729923816	0	0.722026157	0	0	0
49	kansas	0.926774471	0	0	0.735516686	0	24.8075104	0	0	0	0.729318074	0.731814277	0	0	0	0	0	0.727673024	0	0	0	0	0	0	0	0.728297395	0	0	0.730021517	0.731213896	0	0	0	0.737046421	0.668168634	0	0.732932389	0	0.728213649	0.729307562	0.731785477	0.725953853	0.733741716	0.73029767	0.727313499	0.723010659	0	0	0	0	0	0	0	0	0	0	0.728129717	0	0	0	0	0	0.735168271	0	0.73342228	0.733890176	0.72065735	0.729004181	0	0	0.72635614	0.72427953	0.724097431	0.726397693	0	0	0
50	kansas	0.876821742	0	0	0.820752863	0	27.41937544	0	0	0	0.756091461	0.732222497	0	0	0	0	0	0.734497234	0	0	0	0	0	0	0	0.747121422	0	0.734643877	0.7185276	0.765124027	0	0	0	0.750937998	0	0	0	0	0.715131621	0.722133875	0	0.731079984	0.730206284	0.73967731	0.719236106	0	0	0	0	0	0	0	0	0	0	0	0.732380414	0	0.734642267	0	0	0.742989838	0.755382216	0	0.750935972	0.739936701	0.73526078	0.776655453	0	0	0.717032315	0	0.706922174	0.733071566	0	0.72212702	0
51	kansas	0.783804599	0	0	0.782845458	0	0.721971963	0	0	0	0.727978845	0.73316841	0	0	0	0.728450835	0	0.721068986	0	0	0	0	0	0	0	0.718446199	0	0	0.730581959	0.723632212	0	0	0	0.723879695	0.730888218	0	0	0	1.253436771	0.736794129	0	0.726645023	0.739004309	0.726676007	0.722374916	0.727994144	0	0	0	0	0	0	0	0	0	0	0.728335672	0	0.730889499	0	0	0	0.73020534	0	0.723884404	0.697367379	0.728569269	0.947324093	0	0	0.731239447	0.723448796	0	0.723044574	0	0	0
52	kansas	0.820074871	0	0	0.729518207	0	4.665140661	0	0	0	0.722186417	0.713617057	0	0	0	0	0.713615596	0.726113248	0	0	0	0	0	0	0	0.714458173	0	0	0.725155274	0.728381023	0	0	0	0.734286821	0.730609129	0	0	0	0.717475904	0.723278105	0	0.712317864	0.715239742	0.711199244	0.732107014	0	0	0	0	0	0	0	0	0	0	0	0.728176145	0	0.749244511	0	0	0.722870195	0.832829083	0	0.749241233	5.109061533	0.737542391	0.724505169	0	0	0.727185333	0.730668038	0	0.737819578	0	0	0
53	kansas	0.950355191	0	0	0.727667944	0	0.727037112	0	0	0	15.99851174	0.725391364	0.738089353	0	0	0	0	0.725344747	0	0	0	0	0	0	0	0.737931591	0	0.728356183	0.715643267	0.752585985	0	0	0	0.724316812	0.726010893	0	0	0	0.719193963	0	0	0.733225435	0.729333543	0.731355221	0.71114028	0.726178408	0	0	0.717887432	0	0	0	0	0	0	0	0.735059382	0	0.717886746	0	0	0.729768868	0.72691537	0	0.724452138	0.730055466	0.730182424	0.731719392	0.725716621	0	0.726377831	0.724926612	0	0.684079111	0	0	0
54	kansas	0.916698531	0	0	0.728121478	0	0.739548564	0	0	0	0.733975947	0.739705946	0.735299185	0	0.733171493	0.726715525	0	0.737616205	0	0	0	0	0	0	0	0.709311616	0	0.738415976	0.72934103	0.7378151	0	0	0	0.718962908	0.733574712	0	0	0	2.755964746	0	0	0.738679429	0.777644713	0.726047476	0.73199522	0	0	0	0.740223944	0	0.732166111	0	0	0	0	0	0.734693089	0	0.740220129	0	0	0.730266552	0	0	0.72959426	0.735909705	0.73789827	0.732988543	0	0	0.724707343	0.738321592	0	0.731999278	0	0	0
55	kansas	0.824522506	0	0	0.729730675	0	0.700146526	0	0	0	0.729141861	0	0.695621968	0	0.708918393	0	0	0.712569332	0	0	0	0	0	0	0	0.723734413	0	0	0.714253326	0.721472551	0	0	0	0.69854943	0.740880072	0	0	0	0.723034412	0	0	0.695619703	0.730233736	0.74392724	0.712854941	0	0	0	0.740877708	0	0	0	0	0	0	0	0.713248377	0	0	0	0	0.721094238	0	0	0	0.722127265	0.750512405	1.291282749	0.722793579	0	0.83838822	0.706956595	0	0.702997416	0	0	0
56	kansas	0.757914385	0	0	0.713835231	0	0.725124598	0	0	0	0.718324453	0	0	0	0	0.713881075	0	0.72912842	0	0	0	0	0	0	0	0.72861895	0	0	0.728900313	0.726268452	0	0	0	0.720805192	0	0	0	0	0.728968173	0	0	0.724463284	0.729732422	0.711939529	0.730699527	0	0	0	0.73393336	0	0.694036931	0	0	0	0	0	0.713387728	0	0	0	0	0.933902495	0.71791552	0	0.721482754	0.726235668	0.717934623	0.704552078	0.715552568	0	0.722999791	0.719194174	0	0.727266675	0	0	0
57	kansas	0.810473601	0	0	0.761400651	0	0.729976892	0	0	0	0.712524056	0	0.716740692	0	0	0.730818481	0	0.737915993	0	0	0	0	0.719729373	0	0	0.690517855	0	0	0.729526031	0.730691421	0	0	0.694822855	0.723284912	0.705809534	0.740163088	0	0	0.726595884	0	0	0.716739178	0.725238646	0.714585245	0.711553943	0.735887538	0	0	0.728716592	0	0	0	0	0	0.723763048	0	0.720795832	0	0	0	0	0.713363869	0.717445785	0	0.726778309	0.731173605	0	1.121380778	0	0	2.13879964	0.722421749	0	0.725393576	0	0	0
58	kansas	0.71904103	0	0	0.7185528	0	0.718568206	0	0	0	0.716044908	0	0.727814972	0	0	0.719363243	0	0.731198087	0	0	0	0	0	0	0.592764616	0.73127387	0.735293329	0	0.704648972	0.731428742	0	0.736003399	0	0.724392429	0	0	0	0.731619179	0.7269943	0.739788992	0	0.732132435	0.734233975	0.725094944	0.718568802	0	0	0	0.723195255	0	0	0	0	0	0.732109309	0	0.727404758	0	0	0	0	0.69679302	0.728550537	0	0.727290015	0.726300404	0.732659891	0.722226624	0	0	0.719204832	0.727403671	0	0.659580044	0	0	0
59	kansas	0.798994314	0	0	0.708580176	0	0.712612689	0	0	0	0.709629685	0	0	0	0	0	0	0.710645035	0	0	0	0	0.716102749	0	0	0.706630945	0	0.703961352	0.691809595	0.712845364	0	0	0	0.709027733	0.721179694	0	0	0.709891319	0.699136116	0	0.707941175	0.712047446	0.71070295	0.709737875	0.714782556	0	0	0	0	0	0	0	0	0	0.717184693	0	0.711161309	0	0	0	0	0.707090362	0.728144127	0	0.711798767	0.711205867	2.343500623	0.71311958	0.709933195	0	0.717969369	0.708259022	0	0.712367341	0	0	0
60	kansas	0.714703555	0	0	0.701206473	0	0.662126422	0	0	0	0.700345647	0.668379694	0	0	0	0.674232483	0	0.678817461	0	0	0	0	0.675615847	0	0	0.686278482	0	0.662128329	0.668412328	0.67051324	0	0.711285154	0	0.658477167	0	0	0.688641608	0	0.662772173	0	0.66309246	0.663090825	0.662297379	0.650442541	0.671588898	0	0	0	0	0	0	0	0	0	0	0	0.660974329	0	0	0	0	0.776143298	0.706064356	0	0.667285812	0.663505882	0.672553876	0.709211195	0.655904353	0	0.687194921	0.662837466	0	0.652548125	0	0	0
61	kansas	0.752221756	0	0	0.709834701	0	0.721868694	0.709219411	0	0	0.691654239	0	0	0	0	0.727825761	0	1.026084742	0.738524258	0	0	5.765596758	0	0	0	1.219935118	0	0	0.709466388	0.713725515	0	0.709222078	0	0	0	0	0	0	0.715729793	0	0	0	0.714188796	0.737487674	0.699622676	0	0	0	0	0	0	0	0	0	0.733425975	0	0.710268337	0	0.738520205	0	0	0.697741438	0.715825231	0	0.703757241	0.715286076	0.708340728	0.705708996	0.709217727	0	0.796910527	0.721339047	0	0.71917506	0	0	0
62	kansas	0.93024574	0	0	0.688998051	0	0.70114544	0.723930095	0	0.714541256	2.410912639	0	0	0	0	0.710218221	0	0.669888532	0	0	0	0.720100462	0	0	0	0.708722992	0	0	0.7102842	0.717870946	0	0.724499663	0	0.70007308	0	0	0	0	0.696666133	0.661698679	0	0.688582659	0.704851218	0.505382583	0.708640635	0	0	0	0	0	0	0	0.706086129	0	0.723438755	0	0.693873296	0	0.725260452	0	0	1.280095101	0.718652518	0	0.581341412	0.696931318	0	0.716931698	0.664554735	0	0.711167711	0.708607197	0	0.69201231	0	0	0.715309203
63	kansas	0.686212971	0	0	0.687554121	0	0.73282663	0	0	0	0.684502184	0	0.694452107	0	0	0.699589551	0	0.732819885	0	0	0	0	0	0	0	0.686127684	0	0	0.682950282	0.732821822	0	0	0	0.716563237	0.718187094	0	0	0	0.732829154	0	0	0	0.732821962	0	0	0	0	0	0	0	0	0	0	0	0	0	0.73282514	0	0.679057896	0	0	0.684926895	0.69559586	0	0.732826591	0.732826293	0.68449527	0.680957492	0.670570243	0	0.697679877	0	0	0.732824604	0	0	0
64	kansas	0.737487719	0	0	0.707754657	0	0.668006837	0	0	0	0.719008267	0	0.705743015	0	0	0.709356129	0	0.668888554	0	0	0	0	0	0	0	0.702735343	0	0	0.695450939	0.689307511	0	0.717350662	0	0.677510214	0	0	0.719007552	0	0.858029521	0.709138215	0	0.700849315	0.690214063	0.71318093	0.70531057	0	0	0	0	0	0.71319145	0	0	0	0	0	0.685016301	0	0.711990893	0	0	0.697621084	0.717347205	0	0.697927935	1.59925104	0	0.711177366	0.717986917	0	0.716321322	0.714547769	0.7204566	0.611106334	0	0	0
65	kansas	0.809399146	0	0	0.906955286	0	0.722700656	0	0	0	0.71588	0	0	0	0.679994881	0.712746203	0	0	0	0	0.716241737	0.730220854	0.621857975	0	0	0.701463166	0	0	0.72018438	0.720425345	0	0	0	0.719414943	0	0	0	0	0.714812569	0.710832357	0	0.719807193	1.111462767	0	0.718073594	0	0	0	0	0	0.704527855	0	0	0.704760507	0.72265125	0	0.719840606	0.724116027	0.724692309	0	0	0.714030552	0.710177347	0	0.719504704	0.714888394	0.70478033	0.735085134	0.721885921	0	0.713064119	0.718017655	0.722377956	0.718917681	0	0	0
66	kansas	0.698320767	0	0.711418033	0.700087686	0	0.677236656	0.6967161	0	0	0.715750039	0.699759067	0.721120469	0	0	0.720756367	0	0.686435729	0	0	0	0	0	0	0	0.714055989	0	0	0.697384726	0.705226519	0	0.721841156	0	0.706087053	0	0	0	0	0.703081053	0.690843463	0	0.688558281	0.705723186	0.684314648	0.714782882	0	0	0	0	0	0	0	0	0	0.721844375	0	0.713058069	0	0.716759443	0	0	0.690584335	0.666610724	0.672092319	0.891402285	0.699954748	0.707867706	0.694139872	0	0	0.58418534	0.705251918	0.682918358	0.69092888	0	0	0
67	kansas	0.721678053	0	0	0.722268833	0	0.746634603	0	0	0	0.729268781	0.720362902	0.70505757	0	0	1.218315293	0	0.736613641	0	0	0.719982505	0.632696033	0.731395513	0	0	0.710470395	0	0	0.722827155	0.70647943	0	0	0.727214575	0.719861786	0	0	0	0	0.715602904	0.706737548	0	0.719020456	0.722194651	0.721702903	0.693935812	0	0	0	0	0	0.734357834	0	0	0	0.727673839	0.721700043	0.716874726	0	0.719020486	0.740912548	0	0.723724898	0.710085263	0	0.730639211	0.708632691	0.728285985	0.690545744	0	0	0.690320773	0.696506109	0.719027758	0.724651086	0	0	0
68	kansas	0.85844023	0	0	0.719163103	0	3.896751885	0.722442215	0	0	0.71026447	0.711468518	0	0	0	0.710557302	0	0.705376589	0	0	0	0	0.714031577	0	0	0.827405527	0	1.346808613	0.721079428	1.256579936	0	0	0	0.723647267	0	0	0	0	0.717484865	0	0.716186523	0.72381959	2.491367616	0.72349304	0.722753264	0	0	0	0	0	0.699812233	0	0	0	0.714589998	0	0.725922786	0	2.643392544	0	0	0.878446891	0.650366388	14.1259514	0.711117787	0.718369762	0.671496707	0.70125705	0	0	0.63763091	0.717660135	0	0.741101076	0	0	0
69	kansas	0.88135748	0	0	1.012249023	0	0	0.727156869	0	0	0.732492119	0.732489437	0.729406357	0	0	0.737652501	0	0	0	0	0	0	1.343091247	0.727887094	0.732036032	0.7587579	0	0	0.717351467	0	0	0.72940886	0	0	0	0	0	0	0.741358221	0	0	0	0	0	0	0	0	0	0	0	0	0	0	0	0.699938474	0	0	0	0	0.72636355	0	0.724853949	0.722508637	0	0.714020669	0	0	0.729269698	0.747452686	0	0.720692001	0	0	1.617031622	0	0	0
70	kansas	0.954452503	0	0	0.945251354	0	0.66824545	0.723800093	0.738019109	0	2.007056931	0.734813653	0.722689887	0	0	0	0	0.732915454	0	0	0	0	0.731224925	0	0	1.352516821	0	0	0.719023383	0.727530965	0	0.711367384	0	0.732782066	0	0.725262195	0	0	0.860586078	1.532522589	0	0.736836672	0.728435179	0.855794564	0.72019665	0	0	0	0	0	0	0.728739179	0	0	0.819207546	0	0.775792163	0	0	0	0	1.222929824	0.877051236	0	0.76294973	0.732546141	0	0.722122384	0.727388232	0	0.713898994	0.731955077	0	1.009083743	0	0	0
71	kansas	0.730416009	0	0	0.7261696	0	0.718147814	0.727516711	0	0	0.716005884	0	0	0	0	0.737770617	0	0	0	0	0.724332998	0	0.7207416	0	0	0.705754155	0	0	0.723326266	0	0	0.725109726	0	0	0	0	0	0	0.80927745	0.723717312	0	0	0.800071794	0.747909807	0.715900213	0	0	0	0	0	0	0	0	0	0.707914713	0	0.718770087	0	0	0.721491337	0	0.72246017	0.741764664	0	0.718142807	0.7170192	0.698776454	0.728182581	0.698773623	0	0.72090415	0	0	0.734919703	0	0	0
72	kansas	1.224852255	0	0	0.698973983	0	0.725191534	0.638249934	0	0	0.836263017	0	0	0	0	0.728394985	0	1.278316379	0	0.706592731	0	0	0.711015012	0	0	0.711785583	0	0	0.718243986	0.719654517	0	0.711860702	0	0	0	0	0.737987316	0	1.099828456	0.893180565	0	1.5798958	1.688658221	0.712750006	0.721001526	0.719549656	135.9114495	0	0	0	0	2.282611341	0	0	0.718943727	0	0.725191504	0	0	0	0	1.167426899	0.723008723	0	0.705708378	0.718905568	0.714115739	0.723036758	0	0	0	0.707595885	0	0.70742621	0	0	0
