yr	plot	total	DM	DO	DS	PB	PE	PF	PM	PP	RM
1989	1	5304.468349	1801.054981	2929.140203	0	0	171.1403927	0	65.51523111	97.36156678	240.255974
1990	1	6277.464955	2988.120713	3187.340009	0	0	0	0	0	77.5172214	0
1991	1	7205.264207	2048.86335	4786.110486	0	0	59.75966351	0	0	280.9646003	29.56610729
1992	1	4789.354093	1461.238085	3018.136274	0	0	0	0	0	282.9133792	27.06635394
1993	1	1901.633874	1344.542671	435.9297966	0	0	0	0	0	45.52	75.64140696
1994	1	2505.406201	2435.399189	0	0	0	0	24.48701213	0	45.52	0
1995	1	5635.620376	2494.102675	1477.936395	0	488.7305204	47.63749952	24.48701213	0	855.8674286	0
1996	1	6545.631473	1203.523399	3810.086073	0	674.4385198	0	247.2611576	0	569.1402425	41.18208144
1997	1	10428.31098	1480.61608	6786.16872	0	696.0184528	43.36913005	83.69881516	177.3195185	996.8903265	164.2299377
1998	1	4911.730212	1431.427209	2426.667117	0	367.9890541	0	0	0	685.6468324	0
1999	1	4584.147123	1860.329423	1827.860491	0	302.5210141	0	0	113.5723611	479.8638338	0
2000	1	7542.292399	1616.159822	2151.33844	0	1818.676609	61.69794481	0	0	1894.419583	0
2001	1	5860.964362	877.792407	1765.870766	0	2071.96755	0	0	0	1145.333638	0
2002	1	8053.38046	1070.697153	3114.830492	0	1951.870195	0	0	0	1888.916266	0
2003	1	8118.433225	143.3852433	3759.193967	0	1337.973097	149.1434054	83.55058747	0	2557.007986	66.36542087
2004	1	5186.207532	189.4210868	1743.247805	0	1566.607253	72.93789199	0	0	1613.993495	0
2005	1	6519.641779	170.676801	1579.29113	0	2568.573242	0	0	0	2201.100607	0
2006	1	5489.263604	197.3895575	1654.450767	0	1544.600393	61.69794481	0	0	2031.124941	0
2007	1	14707.72962	565.5978619	4253.97292	0	7442.510448	296.0309684	0	117.4288315	1802.611487	77.5172214
2008	1	13098.03358	1518.990479	7395.473994	0	2756.381567	117.5162618	0	256.1912859	888.8654276	135.0484597
2009	1	4177.796626	339.7109769	2584.771846	0	368.1015686	0	0	0	814.2594232	70.95281089
2010	1	1769.883138	771.6911006	574.1810874	0	0	0	0	0	424.0109501	0
1989	2	3991.185856	209.09339	2794.555631	0	0	537.4737223	0	0	91.00662958	313.5364829
1990	2	4027.813704	688.3308864	3124.013153	0	0	111.612889	0	0	49.72406726	54.13270787
1991	2	3962.156729	717.7243561	2522.908612	0	0	212.9050586	0	0	216.8094716	269.9957134
1992	2	4035.208549	301.3927226	2764.323642	0	0	557.5814947	0	0	202.8963748	209.0143153
1993	2	1476.520886	677.1053367	641.2932436	0	0	59.75966351	0	0	0	98.36264227
1994	2	2494.402236	1366.648937	920.5427827	0	0	0	0	0	177.6444088	29.56610729
1995	2	5016.911785	2772.662758	1045.924757	0	0	0	0	59.75966351	1108.9985	29.56610729
1996	2	8254.116085	4588.147938	468.5196479	0	1070.732265	1000.881511	27.06635394	101.338317	747.8447318	249.5853201
1997	2	10282.62236	2366.123313	2196.564699	1167.303276	2266.859713	358.4720063	0	594.3945479	1012.631653	320.2731555
1998	2	6574.573111	2836.99768	850.496252	1407.554629	676.86561	0	0	55.81831696	746.8406234	0
1999	2	4771.693745	855.2161001	925.068766	1445.267345	499.2044569	49.72406726	0	296.7740615	597.5490522	102.8898962
2000	2	6303.484682	387.1606687	747.4434512	0	3801.903092	59.75966351	0	0	1231.5764	75.64140696
2001	2	4908.212636	2032.144191	309.5466576	0	1369.353707	299.9852426	0	0	862.814638	34.36819947
2002	2	7797.919989	1596.684568	1065.693032	0	3477.443428	471.2084861	0	0	1123.138304	27.06635394
2003	2	8224.055577	1139.261253	97.2079476	0	4593.967811	1075.457115	0	0	1215.110212	103.0512383
2004	2	4930.462626	615.3528631	0	0	2733.031972	389.2482259	0	0	1192.829566	0
2005	2	8548.29746	1188.543608	595.8848274	0	4328.643173	545.8384178	0	134.3554011	1723.034811	31.9972214
2006	2	9640.714209	1996.520153	1142.162738	0	3758.937141	728.829974	0	179.0875922	1768.811191	66.36542087
2007	2	15279.03043	2595.254885	1089.766263	0	8446.433625	986.7882251	24.48701213	659.6393151	1236.62505	153.8374818
2008	2	12512.90415	2364.910982	1298.202028	0	6362.952374	476.5034457	0	904.3258159	980.6940017	98.24914616
2009	2	3700.857333	297.9263018	863.1919139	0	1299.310731	260.3429741	0	0	945.7172121	34.36819947
2010	2	1077.550105	416.4942596	0	0	160.1807895	0	0	0	500.8750555	0
1989	4	7413.00754	5786.230027	0	1318.618375	0	0	56.63246122	0	43.36913005	208.1575465
1990	4	11797.463	9855.358761	0	1942.104239	0	0	0	0	0	0
1991	4	7661.022022	7259.063564	103.7631612	0	0	0	152.0807564	0	84.5512115	61.56332869
1992	4	4486.57028	4146.233537	92.19346948	0	0	0	70.6933891	0	177.4498847	0
1993	4	2416.818674	2213.160307	0	0	0	0	56.63246122	0	147.0259059	0
1994	4	2945.848148	2899.547618	0	0	0	0	46.30052971	0	0	0
1995	4	5793.849556	5083.756964	0	0	0	0	205.9731297	0	504.119463	0
1996	4	6428.203828	5350.085078	0	0	0	0	842.6253215	0	235.4934279	0
1997	4	9076.524095	7544.551519	304.5141181	0	142.1976213	0	636.9678538	176.5015693	239.7941929	31.9972214
1998	4	5399.251272	4807.284088	110.183046	0	76.55520964	0	0	0	405.2289287	0
1999	4	4970.212895	4365.878065	0	0	168.8354226	0	0	59.75966351	375.7397437	0
2000	4	6250.125838	2322.540729	0	0	2941.874587	0	0	0	985.7105223	0
2001	4	5912.066999	2858.281457	581.6733826	0	1583.994463	0	305.0013372	0	583.1163593	0
2002	4	7908.074703	1814.850904	2454.011777	0	2246.296434	57.80019146	208.4708372	0	1126.64456	0
2003	4	9897.038693	114.917001	5708.983076	177.2277905	2253.898953	0	130.0789333	0	1511.932939	0
2004	4	5541.058308	427.5872994	3127.687941	0	132.5540366	0	0	0	1853.229031	0
2005	4	7847.715482	0	5174.774826	0	220.5560321	0	92.60105942	0	2359.783564	0
2006	4	7554.265878	452.3481339	2466.080742	0	1104.176569	0	176.2998746	0	3355.360559	0
2007	4	11376.19618	92.19346948	5020.088465	0	2795.013086	0	80.94573215	0	3247.772379	113.1166948
2008	4	11687.21359	353.340239	7324.540711	600.7431429	797.1859977	0	92.60105942	71.10673945	2270.9217	176.7739985
2009	4	8103.911671	168.8443622	5282.217563	797.9693264	384.3041933	0	0	0	1379.837289	0
2010	4	2315.742674	1121.552644	0	0	0	0	0	0	1194.190031	0
1989	8	8596.894488	6387.43084	515.2683042	1440.913853	0	0	0	0	82.32471954	170.9567715
1990	8	7999.997439	6785.542176	1180.087063	0	0	0	0	0	0	34.36819947
1991	8	7873.271349	7337.409504	324.0437616	0	0	49.72406726	0	0	91.04	71.05401694
1992	8	4156.975368	2831.571386	1303.590465	0	0	0	21.81351758	0	0	0
1993	8	3104.247776	1998.876946	1105.37083	0	0	0	0	0	0	0
1994	8	3438.866982	2102.69451	1245.132471	0	0	0	0	0	91.04	0
1995	8	5204.343683	2151.748887	1501.797102	0	0	0	29.56610729	0	1521.231586	0
1996	8	7142.971834	1149.080839	4620.495423	0	0	130.9576741	216.3716546	0	1026.066243	0
1997	8	8888.527119	2380.264951	5079.922569	0	69.25972932	0	152.0807564	250.0294415	893.2175004	63.75217141
1998	8	5923.332636	1802.481998	2690.344696	0	637.3886999	0	0	0	793.117242	0
1999	8	4454.039695	935.8382423	2269.916447	0	714.1939694	0	0	0	534.0910361	0
2000	8	6241.465551	292.6764752	2943.295425	0	1981.301299	0	0	0	1024.192351	0
2001	8	6071.180356	287.7711799	2269.270203	0	1819.081919	0	0	57.80019146	1637.256863	0
2002	8	9929.12587	768.9093398	5461.787099	0	1978.354524	0	0	0	1720.074908	0
2003	8	7830.798935	1493.405157	2355.126641	0	2586.34917	0	252.513994	0	1143.403973	0
2004	8	4254.363776	609.5137949	1487.874794	0	1246.997786	0	0	0	909.9774011	0
2005	8	8944.402139	0	5216.028314	0	586.3624082	0	21.81351758	0	3120.197899	0
2006	8	7126.877076	286.5514241	3523.580243	0	924.4891005	0	0	0	2392.256308	0
2007	8	11724.63943	252.6129587	4340.43605	0	3978.221303	0	48.97402426	53.81269755	2695.597897	61.56332869
2008	8	14499.32641	1027.030145	7147.889135	2413.692498	2122.113858	0	138.9015891	267.5969847	1212.353042	59.06357534
2009	8	4978.124832	182.6952784	3122.044685	587.4393154	302.4240564	0	92.48669807	0	691.0347987	0
2010	8	1782.346968	697.8991993	435.8523662	0	0	0	0	0	648.5954028	0
1989	9	6583.700007	4691.69202	1397.695431	0	0	216.7016756	0	0	0	277.6108806
1990	9	7712.192899	6329.284498	1341.72632	0	0	0	0	0	41.18208144	0
1991	9	6258.393399	5894.679023	103.7631612	0	0	53.81269755	0	0	0	206.1385181
1992	9	4530.936207	4462.253168	0	0	0	0	0	0	0	68.68303888
1993	9	3114.427638	3114.427638	0	0	0	0	0	0	0	0
1994	9	1883.340259	1779.577098	103.7631612	0	0	0	0	0	0	0
1995	9	6598.207211	5091.441012	1148.589835	0	0	247.7312052	56.63246122	0	0	0
1996	9	6286.981646	4973.400394	928.8895011	0	0	57.80019146	203.4603813	0	123.431179	0
1997	9	7406.223432	4636.299654	1785.610133	0	0	0	124.9202497	627.2669818	158.9471105	73.17930285
1998	9	5043.140596	3559.306185	1196.491267	0	0	41.18208144	51.55336607	45.52	149.0876966	0
1999	9	5743.843645	4761.859445	513.1011332	0	88.79954115	0	0	0	380.0835253	0
2000	9	6279.664369	3981.192779	197.7113212	0	981.260448	0	0	0	1073.97982	45.52
2001	9	5607.412476	4985.858634	0	0	0	0	0	0	621.5538423	0
2002	9	7041.636244	4854.431703	102.1376026	0	426.8645064	115.5779805	24.48701213	0	1518.137439	0
2003	9	8674.336206	4288.687728	61.69794481	0	2580.368111	256.0573726	81.11947335	0	1406.405576	0
2004	9	6021.140882	4233.646456	653.917201	0	576.6157615	0	0	0	556.9614643	0
2005	9	5860.321653	3214.262039	1173.989545	0	473.3345284	0	0	0	959.7799503	38.95558949
2006	9	6252.729021	4098.626046	0	0	462.8532822	0	0	0	1691.249693	0
2007	9	9915.54939	2507.444951	314.4816896	0	4304.180141	0	92.60105942	144.6178581	2365.621864	159.5354719
2008	9	9187.216117	3185.845203	3039.823902	0	1556.160208	0	92.60105942	0	1098.658427	125.4976354
2009	9	3516.445483	686.5802724	2142.798736	0	105.5945362	0	21.81351758	0	559.6584214	0
2010	9	1612.225056	1413.357583	0	0	0	0	0	0	198.8674727	0
1989	11	4382.158755	3070.873579	493.4775815	0	0	308.2176116	0	0	45.52	464.0699825
1990	11	8364.935904	5656.917591	2620.202774	0	0	55.81831696	0	0	0	31.9972214
1991	11	4986.471919	3658.381991	877.7929229	0	0	123.3757975	0	0	144.9393382	181.981869
1992	11	3960.62054	2912.280998	90.50180893	0	0	332.8406652	0	0	348.4315376	276.5655299
1993	11	3551.12926	3183.274266	95.54624154	0	0	0	0	0	210.8741997	61.4345534
1994	11	3578.205232	3546.208011	0	0	0	0	0	0	0	31.9972214
1995	11	5529.98225	5030.673517	106.989158	0	0	0	88.48145494	0	262.6560384	41.18208144
1996	11	4823.534252	2242.910594	1662.69576	0	0	0	163.9658366	246.1438038	292.3864345	215.4318228
1997	11	7065.283308	3278.456629	2545.705	0	210.8544886	0	100.5273903	273.4399111	514.1918554	142.1080339
1998	11	4739.627365	3270.802442	937.8966872	0	127.3972598	0	0	0	403.5309759	0
1999	11	4287.411332	2561.437781	1216.182525	0	0	0	0	0	509.791026	0
2000	11	4272.244132	2004.000252	108.5900163	0	1184.709245	0	0	0	974.9446189	0
2001	11	5536.633224	3294.376013	202.4648616	0	1409.377079	49.72406726	0	0	580.6912028	0
2002	11	7441.544569	1974.302542	3534.539329	0	677.8727444	125.1963417	0	0	1129.633611	0
2003	11	10459.57783	2086.863343	4744.836207	0	1159.694407	411.4169104	0	0	2056.766963	0
2004	11	5225.939921	2636.019272	745.407254	0	296.671603	0	0	0	1547.841792	0
2005	11	6812.952367	3293.363147	0	0	1344.670574	0	0	0	2174.918646	0
2006	11	9214.666644	4791.087302	0	0	1320.860344	115.5106424	0	36.68581747	2950.522538	0
2007	11	15280.59412	5590.60697	455.0495898	0	5234.818983	223.2033756	187.8756134	348.4576008	3211.015879	29.56610729
2008	11	10067.6117	6813.816972	1410.996571	557.8749989	83.62557982	0	83.6192267	0	1026.548914	61.56332869
2009	11	4404.50412	3721.556842	103.7631612	0	59.75966351	0	0	0	519.4244526	0
2010	11	2273.21627	1663.51367	0	0	0	0	0	0	609.7026	0
1989	12	4062.762983	1111.576339	1554.88033	0	0	574.3368659	0	0	86.73826011	397.6220556
1990	12	3640.878271	1227.998388	2035.768031	0	0	59.75966351	0	0	0	317.3521886
1991	12	3363.220855	2543.296713	536.6129522	0	0	0	0	0	51.78183865	231.5293516
1992	12	3116.142375	2249.976659	226.6927244	0	0	69.25972932	0	0	376.4671913	193.7460708
1993	12	2908.95274	2738.327113	0	0	0	38.95558949	0	0	97.30183865	34.36819947
1994	12	3387.657294	3178.530534	209.1267606	0	0	0	0	0	0	0
1995	12	4389.037424	3661.965279	102.1376026	0	0	0	70.6933891	0	524.6750466	29.56610729
1996	12	8428.503872	6903.901137	394.435709	0	74.75384518	0	314.0773227	151.1742643	441.3702478	148.7913465
1997	12	11394.08014	8251.135885	1087.274604	0	59.75966351	61.69794481	147.7618972	151.1742643	1433.975495	201.3003845
1998	12	9526.766746	7767.856659	906.1370321	0	203.9826027	0	31.9972214	51.78183865	565.011392	0
1999	12	6611.559509	4422.181992	915.3943313	0	518.5267161	0	0	47.63749952	673.4507709	34.36819947
2000	12	6357.407603	2018.996424	1815.25757	0	1124.853356	0	0	0	1398.300253	0
2001	12	5253.1493	1706.405459	2241.370061	0	0	167.431206	0	0	1137.942574	0
2002	12	8154.349757	2008.816559	3510.545718	0	630.1571868	461.6655839	0	0	1543.16471	0
2003	12	11472.19139	3307.640967	4074.078888	0	1350.095768	515.1220609	0	0	2154.505515	70.74818873
2004	12	4231.189219	1111.808317	2260.505486	0	0	53.81269755	0	0	805.0627185	0
2005	12	4992.01727	1254.782436	1444.413709	0	165.4782042	0	0	0	2095.3457	31.9972214
2006	12	5484.763952	824.5380347	933.4459155	0	908.1880015	67.3961502	0	0	2751.19585	0
2007	12	16584.5166	2986.245238	5300.136706	0	3042.16481	55.81831696	0	463.6034976	4574.364578	130.1862315
2008	12	10357.15029	4254.911627	3909.798081	0	759.3220832	0	21.81351758	314.1678373	1001.387749	68.68303888
2009	12	4779.599094	3165.417339	1185.619584	0	0	0	0	0	398.9960634	29.56610729
2010	12	1978.729065	1664.915198	0	0	0	0	0	0	313.8138667	0
1989	14	4960.473669	3963.461396	523.5185945	0	0	206.4167911	0	109.5820301	0	157.4948568
1990	14	6184.557173	4969.708804	1128.6498	0	0	0	0	0	0	86.19856851
1991	14	5455.770999	4734.612208	571.4145651	0	0	53.81269755	0	0	0	95.93152816
1992	14	6109.892852	4604.098558	93.87484527	1220.194983	0	0	54.13270787	0	105.5945362	31.9972214
1993	14	4624.757367	3807.768035	0	638.0862163	0	0	31.9972214	0	146.9058949	0
1994	14	3437.630948	3437.630948	0	0	0	0	0	0	0	0
1995	14	6777.266382	6452.620376	0	0	0	0	235.9663492	0	88.67965675	0
1996	14	7509.031867	6880.066908	0	0	0	0	255.5224938	38.95558949	334.4868762	0
1997	14	11032.326	9948.961619	0	0	63.61613396	49.72406726	78.61972001	437.6220669	353.1021279	100.6802603
1998	14	5426.737154	5219.516835	0	0	0	34.36819947	0	51.78183865	121.0702809	0
1999	14	2536.353928	2287.817121	0	0	0	0	0	0	248.5368066	0
2000	14	4421.471587	3419.66228	0	0	61.69794481	0	0	0	940.1113624	0
2001	14	6892.752254	5796.530175	325.5238002	0	112.2888209	0	24.48701213	74.75384518	559.1685999	0
2002	14	7523.594434	6907.541767	0	0	0	0	24.48701213	0	591.5656553	0
2003	14	8704.413856	7362.805574	0	0	51.78183865	51.78183865	132.7524279	0	1070.923978	34.36819947
2004	14	6505.762505	4494.080114	1319.321809	0	65.51523111	0	0	0	626.8453513	0
2005	14	7410.607485	2975.946953	1430.124232	0	1298.843539	0	0	0	1705.692762	0
2006	14	10078.1389	4005.38149	1646.725247	0	1379.650138	0	0	0	3046.382023	0
2007	14	13874.54408	6581.990671	1598.861677	0	2766.257086	59.75966351	19.02566168	53.81269755	2623.102343	139.7370558
2008	14	13890.05756	9693.483128	2294.411427	553.1846091	258.0226135	0	68.11404729	82.8846709	782.8527013	157.1043578
2009	14	7092.477052	5591.889392	612.5100234	431.7767423	47.63749952	0	0	0	408.6633951	0
2010	14	3120.23186	2746.254356	0	0	0	0	0	0	373.9775048	0
1989	17	3849.675629	554.0342664	2152.224181	0	0	551.8313183	0	0	0	591.585863
1990	17	4217.901271	1344.339796	2598.550356	0	0	117.5162618	0	0	0	157.4948568
1991	17	4006.720902	1415.090156	2092.342109	0	0	47.63749952	51.55336607	0	188.4015668	211.6962039
1992	17	5499.263293	4362.974421	640.9748027	0	0	0	110.6169414	0	316.0140896	68.68303888
1993	17	4003.768994	3413.033241	0	0	0	59.75966351	240.8586667	0	260.5513158	29.56610729
1994	17	4110.351569	4012.497673	0	0	0	0	97.85389578	0	0	0
1995	17	5770.131289	4836.282432	0	0	0	0	634.436389	0	191.72048	107.6919884
1996	17	6566.250452	5657.434106	0	0	0	0	418.118032	129.0193928	300.1155922	61.56332869
1997	17	10421.04899	8199.244945	602.4978585	0	149.4492927	0	182.1215935	532.7684135	610.9776297	143.9892543
1998	17	8501.111173	6872.317501	561.8971999	0	132.5540366	38.95558949	24.48701213	87.36629875	783.5335356	0
1999	17	5289.125956	4108.309476	831.181799	0	0	0	0	0	349.6346808	0
2000	17	6817.591589	4722.63638	911.051032	0	234.7780622	0	0	0	949.1261145	0
2001	17	7917.704219	6048.728439	0	0	1230.606483	0	45.52	0	565.7829433	27.06635394
2002	17	9514.120635	5343.890657	106.989158	0	3327.716701	0	0	0	735.5241198	0
2003	17	12130.88155	6125.195286	0	0	5043.136991	0	0	0	962.5492744	0
2004	17	6748.423686	4438.740579	0	0	1534.767761	0	0	0	774.9153465	0
2005	17	7832.009009	3433.905172	0	0	2433.025	0	0	0	1965.078837	0
2006	17	6608.504503	2702.667539	116.4805162	0	555.5659347	0	0	0	3206.724159	27.06635394
2007	17	14534.11629	2400.65974	2853.162353	0	4395.792227	256.0129781	48.97402426	53.81269755	4154.330874	228.6090098
2008	17	12016.77597	4020.068163	5511.254666	0	1125.05563	51.78183865	95.18040123	55.81831696	940.929749	63.99444281
2009	17	5027.510431	1265.524599	2790.893086	0	139.4352743	0	0	0	728.8727089	0
2010	17	1930.160375	1088.388062	110.183046	0	0	0	27.06635394	0	704.5229127	0
1989	22	6157.210526	2269.226517	0	3283.823631	0	328.5696797	0	0	0	127.9287496
1990	22	3734.367026	1830.575795	0	1380.477633	0	0	0	0	0	0
1991	22	2831.391314	647.9507781	0	1971.368051	0	55.81831696	29.56610729	0	102.2010486	24.48701213
1992	22	2990.47055	739.6812997	0	2111.06294	0	65.51523111	24.48701213	0	49.72406726	0
1993	22	3062.475622	222.8443528	0	2726.514575	0	0	83.55058747	0	0	29.56610729
1994	22	2543.414489	913.5712847	0	1508.523452	0	0	0	0	121.3197524	0
1995	22	2318.586155	2016.998871	0	0	0	0	140.3312764	0	161.2560079	0
1996	22	4471.727211	3710.515121	0	0	271.2393068	0	302.2245809	0	187.7482017	0
1997	22	8047.264877	5802.609163	0	0	1607.00785	0	154.6600982	164.1999368	255.0356573	63.75217141
1998	22	5795.869907	3751.495711	0	0	2044.374196	0	0	0	0	0
1999	22	4858.493004	2734.823096	0	0	2091.672686	0	0	0	31.9972214	0
2000	22	5419.23963	1024.572653	0	0	4158.375029	0	0	0	236.2919477	0
2001	22	4609.596231	983.0187102	0	0	3285.541454	0	24.48701213	0	316.5490549	0
2002	22	6496.854546	1185.920214	0	0	5209.596016	0	0	0	101.338317	0
2003	22	8298.679919	2121.897282	111.7684347	0	5094.517551	0	0	0	970.4966519	0
2004	22	6487.942975	1178.797499	0	0	4813.351191	0	0	0	495.7942852	0
2005	22	6320.50094	113.3463622	0	0	5431.022852	0	0	0	746.5656185	29.56610729
2006	22	6336.98651	987.8986432	0	0	4550.383802	0	0	0	769.1379573	0
2007	22	10374.91525	1214.591425	197.720476	0	6819.738929	219.2382841	34.36819947	115.5106424	1665.881473	83.37880484
2008	22	8772.69087	1693.319501	617.6166927	1661.766002	4594.039068	0	100.5273903	0	0	105.4222164
2009	22	6141.037147	1901.49936	189.3620469	1331.476874	2718.698866	0	0	0	0	0
2010	22	1413.355196	0	0	396.8442727	752.5281443	0	0	0	263.9827795	0
