yr	plot	total	AO	DM	DO	DS	PB	PF	PP
1989	1	59	11	19	27	0	0	0	2
1990	1	64	1	32	29	0	0	0	2
1991	1	76	3	20	47	0	0	0	6
1992	1	52	2	14	30	0	0	0	6
1993	1	25	2	15	6	0	0	0	2
1994	1	28	0	26	0	0	0	1	1
1995	1	70	4	25	15	0	6	1	19
1996	1	84	1	14	38	0	9	10	12
1997	1	120	8	16	64	0	9	3	20
1998	1	66	0	18	26	1	6	0	15
1999	1	51	2	19	16	0	4	0	10
2000	1	104	1	17	20	0	26	0	40
2001	1	75	0	9	17	0	27	0	22
2002	1	108	1	11	32	0	25	0	39
2003	1	128	7	2	41	0	17	3	58
2004	1	80	3	2	18	0	24	0	33
2005	1	95	6	2	15	0	32	0	40
2006	1	83	3	2	17	0	19	0	42
2007	1	197	15	5	42	0	98	0	37
1989	2	48	19	2	25	0	0	0	2
1990	2	44	4	7	32	0	0	0	1
1991	2	51	14	7	25	0	0	0	5
1992	2	56	19	3	29	0	0	0	5
1993	2	20	5	7	7	0	0	1	0
1994	2	29	1	14	9	0	0	0	5
1995	2	67	2	30	10	0	0	0	25
1996	2	106	26	46	4	0	14	1	15
1997	2	126	25	23	21	6	31	0	20
1998	2	79	1	32	9	8	12	0	17
1999	2	53	9	9	9	7	7	0	12
2000	2	88	3	4	7	0	48	0	26
2001	2	65	6	21	3	0	16	0	19
2002	2	106	10	16	11	0	43	0	26
2003	2	125	23	12	1	0	62	0	27
2004	2	81	11	7	2	0	37	0	24
2005	2	125	14	14	6	0	55	0	36
2006	2	133	18	20	11	0	48	0	36
2007	2	210	37	26	10	0	109	1	27
1989	4	78	6	63	0	6	0	2	1
1990	4	120	0	110	0	10	0	0	0
1991	4	90	2	79	1	0	0	6	2
1992	4	53	0	43	2	0	0	3	5
1993	4	28	1	22	0	0	0	2	3
1994	4	36	0	32	0	0	0	4	0
1995	4	73	1	54	0	0	0	7	11
1996	4	88	0	52	0	0	0	30	6
1997	4	110	4	74	3	0	2	22	5
1998	4	73	1	60	2	0	1	0	9
1999	4	59	1	45	0	0	3	0	10
2000	4	88	0	26	0	0	41	0	21
2001	4	78	0	29	7	0	19	11	12
2002	4	106	2	17	25	0	31	8	23
2003	4	131	7	1	57	1	33	5	27
2004	4	74	1	4	28	0	2	0	39
2005	4	106	5	0	49	0	3	4	45
2006	4	124	2	5	23	0	16	7	71
2007	4	160	5	1	46	0	36	3	69
1989	8	88	6	67	5	8	0	0	2
1990	8	86	1	73	12	0	0	0	0
1991	8	85	3	77	3	0	0	0	2
1992	8	46	2	29	14	0	0	1	0
1993	8	33	0	21	11	0	0	1	0
1994	8	36	0	21	13	0	0	0	2
1995	8	71	1	21	15	0	0	1	33
1996	8	90	2	12	47	0	0	8	21
1997	8	116	9	26	50	0	3	8	20
1998	8	82	0	24	31	0	9	0	18
1999	8	56	0	10	23	0	10	0	13
2000	8	82	0	3	29	0	27	0	23
2001	8	92	2	3	21	0	28	0	38
2002	8	124	0	9	49	0	29	0	37
2003	8	112	0	16	21	0	40	10	25
2004	8	59	0	6	15	0	19	0	19
2005	8	108	4	0	45	0	7	1	51
2006	8	97	0	3	34	0	12	0	48
2007	8	166	13	2	40	0	54	2	55
1989	9	72	13	46	13	0	0	0	0
1990	9	83	0	69	13	0	0	0	1
1991	9	73	9	63	1	0	0	0	0
1992	9	52	3	49	0	0	0	0	0
1993	9	35	0	35	0	0	0	0	0
1994	9	22	2	19	1	0	0	0	0
1995	9	72	6	52	12	0	0	2	0
1996	9	64	2	45	8	0	0	6	3
1997	9	84	12	48	16	0	0	5	3
1998	9	58	2	39	12	0	0	2	3
1999	9	64	1	49	5	0	1	0	8
2000	9	82	1	42	2	0	13	0	24
2001	9	68	0	54	1	0	0	0	13
2002	9	95	2	49	1	0	7	1	35
2003	9	121	6	43	1	0	38	3	30
2004	9	72	0	44	6	0	9	0	13
2005	9	88	3	33	14	0	8	0	30
2006	9	87	0	42	0	0	6	0	39
2007	9	148	8	25	4	0	60	4	47
1989	11	58	20	32	5	0	0	0	1
1990	11	89	2	60	27	0	0	0	0
1991	11	60	8	39	10	0	0	0	3
1992	11	52	13	30	1	0	0	0	8
1993	11	41	2	34	1	0	0	0	4
1994	11	40	1	39	0	0	0	0	0
1995	11	65	1	55	1	0	0	3	5
1996	11	67	11	23	20	0	0	6	7
1997	11	77	7	31	21	0	3	4	11
1998	11	69	1	44	13	0	2	0	9
1999	11	51	1	26	13	0	0	0	11
2000	11	63	1	20	2	0	19	0	21
2001	11	69	1	33	2	0	21	0	12
2002	11	91	3	21	34	0	9	0	24
2003	11	141	7	21	50	0	18	0	45
2004	11	69	0	26	7	0	4	0	32
2005	11	99	4	34	0	0	19	0	42
2006	11	129	3	48	0	0	17	0	61
2007	11	216	13	61	5	0	63	8	66
1989	12	58	31	11	14	0	0	0	2
1990	12	46	11	14	21	0	0	0	0
1991	12	44	10	28	5	0	0	0	1
1992	12	44	7	26	2	0	0	0	9
1993	12	39	3	31	0	0	0	0	5
1994	12	38	0	36	2	0	0	0	0
1995	12	57	1	40	1	0	0	3	12
1996	12	105	7	72	4	0	1	12	9
1997	12	139	9	85	11	0	1	5	28
1998	12	114	1	88	8	0	3	1	13
1999	12	78	2	46	9	0	7	0	14
2000	12	85	1	22	17	0	16	0	29
2001	12	62	3	17	20	0	0	0	22
2002	12	101	11	20	34	0	8	0	28
2003	12	146	16	35	39	0	17	0	39
2004	12	51	1	12	20	0	0	0	18
2005	12	73	4	13	13	0	2	0	41
2006	12	85	2	9	9	0	11	0	54
2007	12	228	15	31	48	0	39	0	95
1989	14	59	11	42	6	0	0	0	0
1990	14	71	3	57	11	0	0	0	0
1991	14	63	5	53	5	0	0	0	0
1992	14	66	3	52	1	6	0	2	2
1993	14	50	1	41	0	3	0	2	3
1994	14	35	0	35	0	0	0	0	0
1995	14	79	0	68	0	0	0	9	2
1996	14	89	1	71	0	0	0	9	8
1997	14	125	12	102	0	0	1	3	7
1998	14	67	2	62	0	0	0	0	3
1999	14	30	0	24	0	0	0	0	6
2000	14	61	1	38	0	0	1	0	21
2001	14	79	1	60	3	0	2	1	12
2002	14	86	0	71	0	0	0	1	14
2003	14	110	4	76	0	0	1	5	24
2004	14	73	0	45	13	0	1	0	14
2005	14	87	1	28	14	0	13	0	31
2006	14	145	0	46	15	0	18	0	66
2007	14	185	7	69	16	0	37	1	55
1989	17	57	30	6	21	0	0	0	0
1990	17	47	7	15	25	0	0	0	0
1991	17	53	9	16	22	0	0	2	4
1992	17	70	4	46	8	0	0	4	8
1993	17	50	2	34	0	0	0	9	5
1994	17	47	0	42	0	0	0	5	0
1995	17	76	3	48	0	0	0	21	4
1996	17	84	4	59	0	0	0	15	6
1997	17	123	13	84	6	0	2	6	12
1998	17	108	3	79	7	0	2	1	16
1999	17	59	0	44	8	0	0	0	7
2000	17	82	1	49	9	0	3	0	20
2001	17	94	1	64	1	0	15	1	12
2002	17	115	0	53	1	0	44	0	17
2003	17	152	1	62	0	0	67	0	22
2004	17	83	0	45	0	0	22	0	16
2005	17	111	4	37	0	0	32	0	38
2006	17	103	1	28	1	0	7	0	66
2007	17	225	17	25	30	0	62	2	89
1989	22	53	12	22	0	19	0	0	0
1990	22	34	7	20	0	7	0	0	0
1991	22	23	2	7	0	11	0	1	2
1992	22	24	1	9	0	12	0	1	1
1993	22	20	2	3	0	12	0	3	0
1994	22	22	0	10	0	9	0	0	3
1995	22	30	0	22	0	0	0	5	3
1996	22	57	0	39	0	0	3	11	4
1997	22	97	6	59	0	0	21	6	5
1998	22	71	0	40	0	0	31	0	0
1999	22	56	0	28	0	0	27	0	1
2000	22	71	0	10	0	0	56	0	5
2001	22	63	0	11	0	0	45	1	6
2002	22	87	0	12	0	0	73	0	2
2003	22	118	0	22	1	0	73	0	22
2004	22	86	0	11	0	0	66	0	9
2005	22	88	3	1	0	0	70	0	14
2006	22	78	0	9	0	0	52	0	17
2007	22	167	9	14	2	0	101	2	39
