yr	plot	total	AO	DM	DO	DS	PB	PF	PP
1989	1	5304.468349	476.9116	1801.054981	2929.140203	0	0	0	97.36156678
1990	1	6277.464955	24.4870	2988.120713	3187.340009	0	0	0	77.5172214
1991	1	7205.264207	89.3258	2048.86335	4786.110486	0	0	0	280.9646003
1992	1	4789.354093	27.0664	1461.238085	3018.136274	0	0	0	282.9133792
1993	1	1901.633874	75.6414	1344.542671	435.9297966	0	0	0	45.52
1994	1	2505.406201	0.0000	2435.399189	0	0	0	24.48701213	45.52
1995	1	5635.620376	294.4963	2494.102675	1477.936395	0	488.7305204	24.48701213	855.8674286
1996	1	6545.631473	41.1821	1203.523399	3810.086073	0	674.4385198	247.2611576	569.1402425
1997	1	10428.31098	384.9186	1480.61608	6786.16872	0	696.0184528	83.69881516	996.8903265
1998	1	4911.730212	0.0000	1431.427209	2426.667117	0	367.9890541	0	685.6468324
1999	1	4584.147123	113.5724	1860.329423	1827.860491	0	302.5210141	0	479.8638338
2000	1	7542.292399	61.6979	1616.159822	2151.33844	0	1818.676609	0	1894.419583
2001	1	5860.964362	0.0000	877.792407	1765.870766	0	2071.96755	0	1145.333638
2002	1	8053.38046	27.0664	1070.697153	3114.830492	0	1951.870195	0	1888.916266
2003	1	8118.433225	284.9598	143.3852433	3759.193967	0	1337.973097	83.55058747	2509.370487
2004	1	5186.207532	184.5745	189.4210868	1743.247805	0	1566.607253	0	1502.356861
2005	1	6519.641779	277.0873	170.676801	1579.29113	0	2568.573242	0	1924.01331
2006	1	5489.263604	61.6979	197.3895575	1654.450767	0	1544.600393	0	2031.124941
2007	1	14707.72962	643.0369	468.3899143	4351.180868	0	7442.510448	0	1802.611487
1989	2	3991.185856	896.5302	209.09339	2794.555631	0	0	0	91.00662958
1990	2	4027.813704	165.7456	688.3308864	3124.013153	0	0	0	49.72406726
1991	2	3962.156729	504.7143	717.7243561	2522.908612	0	0	0	216.8094716
1992	2	4035.208549	766.5958	301.3927226	2764.323642	0	0	0	202.8963748
1993	2	1476.520886	158.1223	677.1053367	641.2932436	0	0	0	0
1994	2	2494.402236	29.5661	1366.648937	920.5427827	0	0	0	177.6444088
1995	2	5016.911785	89.3258	2772.662758	1045.924757	0	0	0	1108.9985
1996	2	8254.116085	1351.8051	4588.147938	468.5196479	0	1070.732265	27.06635394	747.8447318
1997	2	10282.62236	1273.1397	2366.123313	2196.564699	1167.303276	2266.859713	0	1012.631653
1998	2	6574.573111	55.8183	2836.99768	850.496252	1407.554629	676.86561	0	746.8406234
1999	2	4771.693745	449.3880	855.2161001	925.068766	1445.267345	499.2044569	0	597.5490522
2000	2	6303.484682	135.4011	387.1606687	747.4434512	0	3801.903092	0	1231.5764
2001	2	4908.212636	334.3534	2032.144191	309.5466576	0	1369.353707	0	862.814638
2002	2	7797.919989	534.9607	1596.684568	1065.693032	0	3477.443428	0	1123.138304
2003	2	8224.055577	1178.5084	1139.261253	97.2079476	0	4593.967811	0	1215.110212
2004	2	5441.486897	577.4367	615.3528631	207.5178773	0	2982.725667	0	1058.453806
2005	2	8774.836038	759.8285	1188.543608	595.8848274	0	4555.18175	0	1675.397312
2006	2	9640.714209	974.2830	1996.520153	1142.162738	0	3758.937141	0	1768.811191
2007	2	15279.03043	1886.4636	2595.254885	1089.766263	0	8446.433625	24.48701213	1236.62505
1989	4	7413.00754	208.1575	5786.230027	0	1318.618375	0	56.63246122	43.36913005
1990	4	11797.463	0.0000	9855.358761	0	1942.104239	0	0	0
1991	4	7661.022022	61.5633	7259.063564	103.7631612	0	0	152.0807564	84.5512115
1992	4	4486.57028	0.0000	4146.233537	92.19346948	0	0	70.6933891	177.4498847
1993	4	2416.818674	108.5900	2104.570291	0	0	0	56.63246122	147.0259059
1994	4	2945.848148	0.0000	2899.547618	0	0	0	46.30052971	0
1995	4	5793.849556	0.0000	5083.756964	0	0	0	205.9731297	504.119463
1996	4	6428.203828	0.0000	5350.085078	0	0	0	842.6253215	235.4934279
1997	4	9076.524095	208.4988	7544.551519	304.5141181	0	142.1976213	636.9678538	239.7941929
1998	4	5399.251272	0.0000	4807.284088	110.183046	0	76.55520964	0	405.2289287
1999	4	4970.212895	59.7597	4365.878065	0	0	168.8354226	0	375.7397437
2000	4	6250.125838	0.0000	2322.540729	0	0	2941.874587	0	985.7105223
2001	4	5912.066999	0.0000	2858.281457	581.6733826	0	1583.994463	305.0013372	583.1163593
2002	4	7908.074703	111.6129	1814.850904	2454.011777	0	2246.296434	208.4708372	1072.831862
2003	4	9897.038693	349.8332	114.917001	5708.983076	177.2277905	2253.898953	130.0789333	1162.099738
2004	4	5541.058308	49.7241	427.5872994	3127.687941	0	132.5540366	0	1803.504964
2005	4	7847.715482	246.0444	0	5174.774826	0	220.5560321	92.60105942	2113.739207
2006	4	7554.265878	55.8183	452.3481339	2466.080742	0	1104.176569	176.2998746	3299.542242
2007	4	11376.19618	140.1830	92.19346948	5020.088465	0	2737.212895	80.94573215	3305.57257
1989	8	8596.894488	170.9568	6387.43084	515.2683042	1440.913853	0	0	82.32471954
1990	8	7999.997439	34.3682	6785.542176	1180.087063	0	0	0	0
1991	8	7873.271349	120.7781	7337.409504	324.0437616	0	0	0	91.04
1992	8	4156.975368	0.0000	2831.571386	1303.590465	0	0	21.81351758	0
1993	8	3104.247776	0.0000	1998.876946	1105.37083	0	0	0	0
1994	8	3438.866982	0.0000	2102.69451	1245.132471	0	0	0	91.04
1995	8	5204.343683	0.0000	2151.748887	1501.797102	0	0	29.56610729	1521.231586
1996	8	7142.971834	130.9577	1149.080839	4620.495423	0	0	216.3716546	1026.066243
1997	8	9208.143048	438.9780	2380.264951	5079.922569	0	209.6261981	206.1338758	893.2175004
1998	8	5923.332636	0.0000	1802.481998	2690.344696	0	637.3886999	0	793.117242
1999	8	4454.039695	0.0000	935.8382423	2269.916447	0	714.1939694	0	534.0910361
2000	8	6241.465551	0.0000	292.6764752	2943.295425	0	1981.301299	0	1024.192351
2001	8	6071.180356	57.8002	287.7711799	2269.270203	0	1819.081919	0	1637.256863
2002	8	9929.12587	0.0000	768.9093398	5461.787099	0	1978.354524	0	1720.074908
2003	8	7830.798935	0.0000	1493.405157	2355.126641	0	2586.34917	252.513994	1143.403973
2004	8	4143.328545	0.0000	609.5137949	1487.874794	0	1181.482555	0	864.4574011
2005	8	8003.191713	212.0816	0	4876.083059	0	451.5701078	21.81351758	2441.643461
2006	8	7126.877076	0.0000	286.5514241	3523.580243	0	924.4891005	0	2392.256308
2007	8	11724.63943	494.1590	167.2511596	4340.43605	0	3978.221303	48.97402426	2695.597897
1989	9	6583.700007	494.3126	4691.69202	1397.695431	0	0	0	0
1990	9	7712.192899	0.0000	6329.284498	1341.72632	0	0	0	41.18208144
1991	9	6258.393399	352.1447	5802.485553	103.7631612	0	0	0	0
1992	9	4530.936207	68.6830	4462.253168	0	0	0	0	0
1993	9	3114.427638	0.0000	3114.427638	0	0	0	0	0
1994	9	1883.340259	0.0000	1779.577098	103.7631612	0	0	0	0
1995	9	6598.207211	301.5439	5091.441012	1148.589835	0	0	56.63246122	0
1996	9	5469.342498	57.8002	4311.077773	825.1263399	0	0	151.9070152	123.431179
1997	9	7040.492023	640.6866	4440.510954	1675.427087	0	0	124.9202497	158.9471105
1998	9	5043.140596	86.7021	3559.306185	1196.491267	0	0	51.55336607	149.0876966
1999	9	5743.843645	0.0000	4761.859445	513.1011332	0	88.79954115	0	380.0835253
2000	9	6279.664369	45.5200	3981.192779	197.7113212	0	981.260448	0	1073.97982
2001	9	5607.412476	0.0000	4985.858634	0	0	0	0	621.5538423
2002	9	7041.636244	115.5780	4854.431703	102.1376026	0	426.8645064	24.48701213	1518.137439
2003	9	8674.336206	307.8392	4288.687728	61.69794481	0	2580.368111	81.11947335	1354.623737
2004	9	6132.176114	0.0000	4233.646456	653.917201	0	642.1309926	0	602.4814643
2005	9	6801.532078	127.8447	3214.262039	1513.934801	0	608.1268288	0	1337.36369
2006	9	6252.729021	0.0000	4098.626046	0	0	462.8532822	0	1691.249693
2007	9	9915.54939	331.2197	2427.328546	394.5980948	0	4304.180141	92.60105942	2365.621864
1989	11	4382.158755	772.2876	3070.873579	493.4775815	0	0	0	45.52
1990	11	8364.935904	87.8155	5656.917591	2620.202774	0	0	0	0
1991	11	4986.471919	305.3577	3658.381991	877.7929229	0	0	0	144.9393382
1992	11	3960.62054	609.4062	2912.280998	90.50180893	0	0	0	348.4315376
1993	11	3551.12926	61.4346	3183.274266	95.54624154	0	0	0	210.8741997
1994	11	3578.205232	31.9972	3546.208011	0	0	0	0	0
1995	11	5529.98225	41.1821	5030.673517	106.989158	0	0	88.48145494	262.6560384
1996	11	4823.534252	461.5756	2242.910594	1662.69576	0	0	163.9658366	292.3864345
1997	11	6408.660773	288.7974	3067.902319	2226.387365	0	210.8544886	100.5273903	514.1918554
1998	11	4739.627365	0.0000	3270.802442	937.8966872	0	127.3972598	0	403.5309759
1999	11	4287.411332	0.0000	2561.437781	1216.182525	0	0	0	509.791026
2000	11	4272.244132	0.0000	2004.000252	108.5900163	0	1184.709245	0	974.9446189
2001	11	5536.633224	49.7241	3294.376013	202.4648616	0	1409.377079	0	580.6912028
2002	11	7441.544569	125.1963	1974.302542	3534.539329	0	677.8727444	0	1129.633611
2003	11	10459.57783	411.4169	2086.863343	4744.836207	0	1159.694407	0	2056.766963
2004	11	5225.939921	0.0000	2636.019272	745.407254	0	296.671603	0	1547.841792
2005	11	6812.952367	179.9291	3293.363147	0	0	1344.670574	0	1994.989516
2006	11	9214.666644	152.1965	4791.087302	0	0	1320.860344	0	2950.522538
2007	11	15280.59412	601.2271	5590.60697	455.0495898	0	5234.818983	187.8756134	3211.015879
1989	12	4062.762983	1309.5681	1111.576339	1554.88033	0	0	0	86.73826011
1990	12	3640.878271	377.1119	1227.998388	2035.768031	0	0	0	0
1991	12	3429.586276	297.8948	2543.296713	536.6129522	0	0	0	51.78183865
1992	12	3116.142375	263.0058	2249.976659	226.6927244	0	0	0	376.4671913
1993	12	2908.95274	73.3238	2738.327113	0	0	0	0	97.30183865
1994	12	3387.657294	0.0000	3178.530534	209.1267606	0	0	0	0
1995	12	4389.037424	29.5661	3661.965279	102.1376026	0	0	70.6933891	524.6750466
1996	12	8428.503872	299.9656	6903.901137	394.435709	0	74.75384518	314.0773227	441.3702478
1997	12	11344.35607	364.4485	8251.135885	1087.274604	0	59.75966351	147.7618972	1433.975495
1998	12	9526.766746	51.7818	7767.856659	906.1370321	0	203.9826027	31.9972214	565.011392
1999	12	6611.559509	82.0057	4422.181992	915.3943313	0	518.5267161	0	673.4507709
2000	12	6357.407603	0.0000	2018.996424	1815.25757	0	1124.853356	0	1398.300253
2001	12	5253.1493	167.4312	1706.405459	2241.370061	0	0	0	1137.942574
2002	12	8154.349757	621.0207	2008.816559	3510.545718	0	630.1571868	0	1383.809628
2003	12	11472.19139	852.6782	3307.640967	4074.078888	0	1350.095768	0	1887.697562
2004	12	3969.858644	31.9972	1111.808317	2052.987609	0	0	0	773.0654971
2005	12	4992.01727	189.3214	1254.782436	1444.413709	0	165.4782042	0	1938.021477
2006	12	5532.401451	129.0941	824.5380347	933.4459155	0	908.1880015	0	2737.135405
2007	12	16584.5166	681.6053	3107.375115	5179.006829	0	3042.16481	0	4574.364578
1989	14	4879.359472	473.4937	3882.347199	523.5185945	0	0	0	0
1990	14	6184.557173	86.1986	4969.708804	1128.6498	0	0	0	0
1991	14	5455.770999	149.7442	4734.612208	571.4145651	0	0	0	0
1992	14	6109.892852	31.9972	4604.098558	93.87484527	1220.194983	0	54.13270787	105.5945362
1993	14	4624.757367	0.0000	3807.768035	0	638.0862163	0	31.9972214	146.9058949
1994	14	3437.630948	0.0000	3437.630948	0	0	0	0	0
1995	14	6777.266382	0.0000	6452.620376	0	0	0	235.9663492	88.67965675
1996	14	7657.043654	38.9556	6972.260377	0	0	0	255.5224938	390.3051931
1997	14	11032.326	588.0264	9948.961619	0	0	63.61613396	78.61972001	353.1021279
1998	14	5426.737154	86.1500	5219.516835	0	0	0	0	121.0702809
1999	14	2536.353928	0.0000	2287.817121	0	0	0	0	248.5368066
2000	14	4421.471587	0.0000	3419.66228	0	0	61.69794481	0	940.1113624
2001	14	6892.752254	74.7538	5796.530175	325.5238002	0	112.2888209	24.48701213	559.1685999
2002	14	7523.594434	0.0000	6907.541767	0	0	0	24.48701213	591.5656553
2003	14	8704.413856	86.1500	7362.805574	0	0	51.78183865	132.7524279	1070.923978
2004	14	6505.762505	0.0000	4494.080114	1319.321809	0	65.51523111	0	626.8453513
2005	14	6543.523994	45.5200	2766.803517	1318.355797	0	1055.51308	0	1357.331599
2006	14	10078.1389	0.0000	4005.38149	1646.725247	0	1379.650138	0	3046.382023
2007	14	13874.54408	285.3066	6581.990671	1598.861677	0	2766.257086	19.02566168	2623.102343
1989	17	3849.675629	1143.4172	554.0342664	2152.224181	0	0	0	0
1990	17	4217.901271	275.0111	1344.339796	2598.550356	0	0	0	0
1991	17	4006.720902	259.3337	1415.090156	2092.342109	0	0	51.55336607	188.4015668
1992	17	5499.263293	68.6830	4362.974421	640.9748027	0	0	110.6169414	316.0140896
1993	17	4003.768994	89.3258	3413.033241	0	0	0	240.8586667	260.5513158
1994	17	4110.351569	0.0000	4012.497673	0	0	0	97.85389578	0
1995	17	5770.131289	107.6920	4836.282432	0	0	0	634.436389	191.72048
1996	17	6566.250452	190.5827	5657.434106	0	0	0	418.118032	300.1155922
1997	17	10421.04899	676.7577	8199.244945	602.4978585	0	149.4492927	182.1215935	610.9776297
1998	17	8501.111173	126.3219	6872.317501	561.8971999	0	132.5540366	24.48701213	783.5335356
1999	17	5289.125956	0.0000	4108.309476	831.181799	0	0	0	349.6346808
2000	17	6817.591589	0.0000	4722.63638	911.051032	0	234.7780622	0	949.1261145
2001	17	7917.704219	27.0664	5944.965277	103.7631612	0	1230.606483	45.52	565.7829433
2002	17	9514.120635	0.0000	5343.890657	106.989158	0	3327.716701	0	735.5241198
2003	17	12130.88155	0.0000	6125.195286	0	0	5043.136991	0	962.5492744
2004	17	6748.423686	0.0000	4438.740579	0	0	1534.767761	0	774.9153465
2005	17	7832.009009	153.0443	3433.905172	0	0	2433.025	0	1812.034578
2006	17	6608.504503	27.0664	2702.667539	116.4805162	0	555.5659347	0	3206.724159
2007	17	14534.11629	681.1971	2318.78248	2935.039613	0	4395.792227	48.97402426	4154.330874
1989	22	6157.210526	604.1604	2269.226517	0	3283.823631	0	0	0
1990	22	3734.367026	523.3136	1830.575795	0	1380.477633	0	0	0
1991	22	2831.391314	80.3053	647.9507781	0	1971.368051	0	29.56610729	102.2010486
1992	22	2990.47055	65.5152	739.6812997	0	2111.06294	0	24.48701213	49.72406726
1993	22	2514.11866	29.5661	222.8443528	0	2178.157613	0	83.55058747	0
1994	22	2543.414489	0.0000	913.5712847	0	1508.523452	0	0	121.3197524
1995	22	2318.586155	0.0000	2016.998871	0	0	0	140.3312764	161.2560079
1996	22	4471.727211	0.0000	3710.515121	0	0	271.2393068	302.2245809	187.7482017
1997	22	8047.264877	227.9521	5802.609163	0	0	1607.00785	154.6600982	255.0356573
1998	22	5795.869907	0.0000	3751.495711	0	0	2044.374196	0	0
1999	22	4858.493004	0.0000	2734.823096	0	0	2091.672686	0	31.9972214
2000	22	5419.23963	0.0000	1024.572653	0	0	4158.375029	0	236.2919477
2001	22	4609.596231	0.0000	983.0187102	0	0	3285.541454	24.48701213	316.5490549
2002	22	6496.854546	0.0000	1185.920214	0	0	5209.596016	0	101.338317
2003	22	8298.679919	0.0000	2121.897282	111.7684347	0	5094.517551	0	970.4966519
2004	22	6487.942975	0.0000	1178.797499	0	0	4813.351191	0	495.7942852
2005	22	6320.50094	126.8679	113.3463622	0	0	5431.022852	0	649.2637799
2006	22	5875.769224	0.0000	892.3524017	0	0	4214.278865	0	769.1379573
2007	22	10374.91525	442.6147	1214.591425	197.720476	0	6819.738929	34.36819947	1665.881473
