Year	Site	total	1	2	3	4	5	6	7	8	9	10	11	12	13	14	15	16	17	18	19	20	22	23	26	27	28	29	31	32	33	34	35	36	37
1977	Billington.Bay	157.03	0	0	8.035	0	2.135	40.045	0	14.26	0	11.085	14.785	45.995	0	1.75	0	0	0	0	18.94	0	0	0	0	0	0	0	0	0	0	0	0	0	0
1980	Billington.Bay	220.1186667	0	0	5.043	3.83E-02	0	2.2285	0	15.1955	2.134666667	22.973	0.453	133.5953333	4.504833333	1.7455	0	4.279	0.164	2.526166667	25.23783333	0	0	0	0	0	0	0	0	0	0	0	0	0	0
1991	Billington.Bay	0	0	0	0	0	0	0	0	0	0	0	0	0	0	0	0	0	0	0	0	0	0	0	0	0	0	0	0	0	0	0	0	0	0
1992	Billington.Bay	0	0	0	0	0	0	0	0	0	0	0	0	0	0	0	0	0	0	0	0	0	0	0	0	0	0	0	0	0	0	0	0	0	0
1994	Billington.Bay	0	0	0	0	0	0	0	0	0	0	0	0	0	0	0	0	0	0	0	0	0	0	0	0	0	0	0	0	0	0	0	0	0	0
1995	Billington.Bay	0	0	0	0	0	0	0	0	0	0	0	0	0	0	0	0	0	0	0	0	0	0	0	0	0	0	0	0	0	0	0	0	0	0
1996	Billington.Bay	0	0	0	0	0	0	0	0	0	0	0	0	0	0	0	0	0	0	0	0	0	0	0	0	0	0	0	0	0	0	0	0	0	0
1999	Billington.Bay	0	0	0	0	0	0	0	0	0	0	0	0	0	0	0	0	0	0	0	0	0	0	0	0	0	0	0	0	0	0	0	0	0	0
2002	Billington.Bay	192.6543333	3.694666667	0	21.93383333	0	1.230666667	39.3205	4.439666667	0	0	9.079	11.5875	6.698333333	13.80416667	0.213333333	0	5.0635	0.174	7.284833333	21.35616667	0	30.51666667	0	5.265833333	0	0	10.99166667	0	0	0	0	0	0	0
2003	Billington.Bay	337.2938333	2.349	0.13	17.47766667	0	1.447	110.8725	37.00183333	10.8535	0.3825	21.0955	4.475	6.555333333	27.2385	1.344333333	0	42.02	0	22.73433333	16.41033333	0	0	0	0	10.6565	2.29	0.98	0	0	0	0	0	0	0.98
2004	Billington.Bay	388.621	0	0.1835	19.9185	0	0.3225	139.145	8.838666667	44.102	0	36.813	1.546666667	40.3485	26.64783333	8.1415	0	2.146666667	0.1225	11.4025	19.04333333	0	7.07	0	18.32166667	0	0	2.731666667	0	0	0	0	0	0	1.775
2005	Billington.Bay	272.4958333	3.117	0.045	14.372	0	2.055	10.9495	13.851	19.3105	0.382	8.724	7.142	29.1665	21.2555	7.4665	0	5.6625	0.157	27.5935	51.251	0	16.71633333	0	21.32566667	0	0	11.95333333	0	0	0	0	0	0	0
2006	Billington.Bay	202.63	1.105	0	20.439	0.13	1.271166667	19.68	11.70466667	0	0	46.82883333	4.134166667	24.85416667	5.002666667	0.865	0	1.030833333	0.01	9.881833333	29.04966667	0	23.592	0	0.762	0	0	2.265	0	0	0	0	0.024	0	0
1975	Buoy.109	336.0975	0	0	28.214	0	0.7275	151.7715	0	39.1395	0.3525	12.7455	16.534	60.7145	0	0.114	0	0	0.5585	3.2535	21.9725	0	0	0	0	0	0	0	0	0	0	0	0	0	0
1976	Buoy.109	129.423	0	0	0.28	0	0	0.693	0.075	66.07	0	10.305	0.1825	40	0	1.29	0	0	0	1.5375	8.99	0	0	0	0	0	0	0	0	0	0	0	0	0	0
1977	Buoy.109	186.71	0	0	11.0375	0	1.8525	49.8	0.1975	15.1	0.115	17.69	11.82	64.1825	0	2.505	0	0	0.0325	0.34	12.0375	0	0	0	0	0	0	0	0	0	0	0	0	0	0
1979	Buoy.109	174.3005	0	0	0.0225	0	0	48.289	2.546	22.6435	1.586	11.1335	2.735	68.41	0.028	4.0915	0	0	0.2355	3.9115	8.6685	0	0	0	0	0	0	0	0	0	0	0	0	0	0
1980	Buoy.109	171.8845	0	0	1.031	0	0	0.489	6.2805	36.5505	2.123	12.5945	0.38	95.346	1.608	0.5995	0	4.343	0.044	2.298	8.1975	0	0	0	0	0	0	0	0	0	0	0	0	0	0
1981	Buoy.109	276.9995	0	0	59.84866667	0	5.291666667	34.70916667	7.701333333	9.618	2.555166667	24.99733333	5.1975	102.0453333	0	2.915166667	0	0	0.0845	1.103666667	20.932	0	0	0	0	0	0	0	0	0	0	0	0	0	0
1982	Buoy.109	388.5195	0	0	12.0405	0	1.6135	111.8075	57.9305	0.01	3.533	52.3965	0	80.1455	16.8895	3.602	0	19.173	0.01	7.99	13.5785	7.7995	0	0	0	0	0	0	0	0	0	0	0	0	0
1983	Buoy.109	408.9265	0.188	0	9.876	0	1.8355	79.382	58.059	23.836	1.9825	107.274	0	72.052	3.0255	0.624	0	26.6895	0.0985	5.4325	14.727	3.8445	0	0	0	0	0	0	0	0	0	0	0	0	0
1984	Buoy.109	402.5513333	0	0	26.43633333	0	0.6805	90.89466667	41.90416667	56.93566667	0.774833333	44.86816667	3.711	94.24933333	0.01	1.8805	0	3.9195	0.1295	7.170166667	28.987	0	0	0	0	0	0	0	0	0	0	0	0	0	0
1985	Buoy.109	318.051	0	0	14.7375	0	1.3225	53.0785	37.698	2.9535	6.056	28.321	1.755	68.8385	21.466	5.692	0	22.6985	0.103	23.021	28.303	0.537	0	0	0	0	0	0	0.81	0	0	0	0	0	0.66
1986	Buoy.109	191.522	0	0	5.031666667	0.032	0	47.86	35.16916667	33.095	0	13.81166667	1.090833333	34.42833333	0.11	1.768333333	0	4.588333333	0	3.183333333	11.35333333	0	0	0	0	0	0	0	0	0	0	0	0	0	0
1987	Buoy.109	126.5755	0.045	0.0475	17.37	0	0.625	12.94	0.5075	16.5925	0	14.459	0	24.6095	8.0405	0.957	0	6.4755	0	4.693	19.2135	0	0	0	0	0	0	0	0	0	0	0	0	0	0
1988	Buoy.109	472.9155	0	0.625	124.6615	0	1.3545	48.7105	31.258	23.783	8.99	78.201	12.2225	36.1525	1.432	0.1925	0	42.4795	0	18.782	43.9855	0.0855	0	0	0	0	0	0	0	0	0	0	0	0	0
1989	Buoy.109	243.1105	0	0.0275	25.962	0	0.905	2.518	4.6655	35.465	3.33	40.7695	1.484	39.4795	31.5855	2.2345	0.05	10.585	0	11.888	32.1615	0	0	0	0	0	0	0	0	0	0	0	0	0	0
1990	Buoy.109	252.2846667	0	0	47.19333333	0	0.193333333	15.04333333	30.496	1.716666667	0.503333333	34.618	1.053333333	40.58466667	15.73	5.664666667	0.67	13.43	6.33E-02	16.98066667	28.344	0	0	0	0	0	0	0	0	0	0	0	0	0	0
1991	Buoy.109	337.9491667	0	0.028	35.3575	0	0.697166667	29.61066667	69.7945	0.418833333	1.9975	44.78033333	2.198666667	35.29616667	15.97	2.244333333	0.3555	40.167	0.0425	19.9605	35.27	0	0	0	0	0	0.21	0	0	0	3.55	0	0	0	0
1992	Buoy.109	139.2373333	0	0	10.27733333	0	0.408166667	3.063333333	40.98816667	17.59066667	0	21.28533333	0.289	9.412	11.31716667	2.353666667	0.281833333	1.789166667	0.0475	10.3385	9.7955	0	0	0	0	0	0	0	0	0	0	0	0	0	0
1993	Buoy.109	124.5105	0	0	10.995	0	0	0	0.246	30.2925	0.04	11.969	0.8875	47.135	0.952	15.1285	0	0	0.016	0.8765	5.9725	0	0	0	0	0	0	0	0	0	0	0	0	0	0
1994	Buoy.109	137.274	16.981	0	1.1225	0.9785	0	0	14.7395	18.1725	0	5.4875	0.5045	57.6435	1.9905	2.9255	0	0.0425	0.034	5.8515	10.8005	0	0	0	0	0	0	0	0	0	0	0	0	0	0
1995	Buoy.109	161.1915	6.197	0	2.6225	0	0.8975	18.3875	1.7335	59.8755	0.0325	7.741	3.8875	8.474	24.4525	0.2945	0	0.3225	0	5.318	20.3305	0.035	0	0	0	0	0	0.38	0	0	0	0	0.21	0	0
1996	Buoy.109	152.9935	0	0	1.444	0	0.1525	30.798	12.4035	33.963	0	20.5555	0.056	23.536	7.7355	1.413	0	0	0	6.5175	14.419	0	0	0	0	0	0	0	0	0	0	0	0	0	0
1997	Buoy.109	242.6145	0	0	7.4025	0	0.5125	44.6215	6.737333333	43.91933333	0	20.629	1.4325	62.9715	19.6465	2.387	0	0.145	0	13.861	16.87883333	0	0	0	0	0	0.2	1.27	0	0	0	0	0	0	0
1998	Buoy.109	252.2138333	0.052	0	9.734666667	0	0	54.85766667	31.8125	0	0.621666667	25.27183333	8.780666667	29.01116667	15.99433333	3.959833333	0	12.35616667	0.146666667	12.207	47.09766667	0	0	0	0	0	0	0	0	0	0.13	0	0.18	0	0
1999	Buoy.109	325.6608333	4.8775	0.305833333	5.15	0	0.135	127.4581667	44.138	3.7735	0.0475	17.829	3.6875	27.1605	37.6775	1.041333333	0	0.805	0.38	14.07766667	20.33183333	0	2.095	0	13.76	0	0	0.93	0	0	0	0	0	0	0
2000	Buoy.109	326.6558333	0.2665	0.022	61.44833333	0	0.36	89.1305	65.74383333	15.93966667	0.0865	27.65916667	0	25.40766667	15.36916667	1.960166667	0	0.04	0	2.909833333	6.9825	0	0	0	11.82	0	0	1.51	0	0	0	0	0	0	0
2001	Buoy.109	507.582	0	0	47.825	0	1.235833333	142.4383333	48.73183333	49.84916667	0	32.09483333	4.618333333	53.48866667	19.07033333	5.745666667	0	2.423333333	0	37.53033333	12.33783333	0	30.32416667	0	19.86833333	0	0	0	0	0	0	0	0	0	0
2002	Buoy.109	341.0061667	3.125333333	0.02	20.66566667	0	0.948666667	25.42133333	80.5155	0.707333333	0.183333333	23.73983333	10.846	20.15866667	38.05216667	1.574333333	0	12.926	0.054	25.8395	14.15116667	0	40.249	0	10.30333333	0	0	10.35	0	0	0.18	0	0.425	0	0.57
2003	Buoy.109	549.6931667	3.8445	0.248	40.16716667	0	0.6225	168.0633333	77.27983333	15.34116667	0.215	23.31833333	7.598	8.531666667	31.87833333	1.2645	0	111.8481667	0	23.869	14.94366667	0	0	0	0	11.495	2.4	0.175	0	0	0	0	0	0	6.59
2004	Buoy.109	427.5715	0.2225	0	15.695	0	0	150.3475	13.3005	58.70066667	0.024	51.82333333	3.3825	41.7745	26.21566667	7.670833333	0	5.7165	0.152	14.7	16.60183333	0	6.66	0	9.1425	0	0.25	4.771666667	0	0	0	0	0.04	0.38	0
2005	Buoy.109	318.2125	2.545	0	14.8825	0	0.6935	9.315	25.578	22.723	0.12	12.77	8.4875	41.0715	37.842	8.6575	0	12.369	0.318	32.285	41.0455	0	22.95733333	0	13.454	0	0	10.95816667	0	0	0	0	0	0	0.14
2006	Buoy.109	325.2765	0.721166667	0	16.44666667	0	0.08	25.78583333	62.36483333	0.48	0	66.18233333	6.323333333	46.44866667	6.8665	2.4105	0	3.345833333	0.07	29.98816667	24.877	0	25.71583333	0	0.122	0	0	7.047833333	0	0	0	0	0	0	0
1975	Buoy.117	258.4605	0	0	37.107	0	1.9135	84.7595	0	31.2525	0.1225	12.397	11.501	58.48	0	0.103	0	0	0.0985	3.426	17.3	0	0	0	0	0	0	0	0	0	0	0	0	0	0
1976	Buoy.117	104.046	0	0	0.14	0	0	1.15	0	34.16	0	12.705	0.15	38.955	0	1.835	0	0	0.115	2.371	12.465	0	0	0	0	0	0	0	0	0	0	0	0	0	0
1977	Buoy.117	162.4125	0	0	8.738	0.0125	1.4955	38.406	0.02	16.626	0	13.1825	11.055	59.8945	0	1.299	0	0	0.096	0.6905	10.897	0	0	0	0	0	0	0	0	0	0	0	0	0	0
1978	Buoy.117	86.82	0	0	2.28	0	0.045	13.225	0.75	6.725	15.37	15.2	8.015	15.155	0	0.695	0	0	0.125	0.53	8.705	0	0	0	0	0	0	0	0	0	0	0	0	0	0
1979	Buoy.117	179.544	0	0	0.278	0	0.008	43.1635	1.9725	31.5195	2.7135	10.3095	3.2315	65.017	3.72	4.243	0	0	0.166	3.873	9.329	0	0	0	0	0	0	0	0	0	0	0	0	0	0
1980	Buoy.117	213.1063333	0	0	1.19	0	0	0.383	9.309	56.72216667	3.272	15.45466667	0.528	103.4183333	1.821	0.7195	0	2.291	0.034	2.439666667	15.524	0	0	0	0	0	0	0	0	0	0	0	0	0	0
1981	Buoy.117	294.396	0	0	43.417	0	3.997	39.83916667	5.709	4.885333333	2.342833333	21.63416667	6.333833333	149.019	0	3.359	0	0	0.012	1.783333333	12.06433333	0	0	0	0	0	0	0	0	0	0	0	0	0	0
1982	Buoy.117	341.56	0	0	15.209	0	0.838	83.5905	80.581	0	8.6595	39.989	0	40.273	21.8545	2.0815	0	19.4915	0.1015	10.92	9.166	8.805	0	0	0	0	0	0	0	0	0	0	0	0	0
1983	Buoy.117	369.2175	0.212	0	8.162	0	1.275	67.7155	57.0925	25.6245	3.4075	89.3645	0	60.0635	1.7585	1.1965	0	34.5235	0.022	5.2645	9.629	3.9065	0	0	0	0	0	0	0	0	0	0	0	0	0
1984	Buoy.117	385.527	0	0	31.9965	0	0.6025	84.868	35.082	38.42566667	0.772	50.41133333	3.2445	99.40016667	0.108666667	1.8305	0	3.894333333	0.1045	8.927	25.85933333	0	0	0	0	0	0	0	0	0	0	0	0	0	0
1985	Buoy.117	414.779	0	0	16.885	0	1.3495	60.77	53.7545	3.7535	6.2065	45.7495	1.9065	94.574	28.878	9.2685	0	24.166	0.149	26.645	39.16	0.5635	0	0	0	0	0	0	0	0	1	0	0	0	0
1986	Buoy.117	254.3016667	0	0	7.603	0	0	55.78066667	44.33383333	28.7535	0.07	32.16683333	1.2565	58.44583333	0.645	4.463	0	6.0495	8.47E-02	5.764333333	8.885	0	0	0	0	0	0	0	0	0	0	0	0	0	0
1987	Buoy.117	245.178	0	0	34.5025	0	1.21	24.851	0.325	44.4105	0	43.1855	0.055	41.503	12.666	1.6305	0	9.9475	0	6.589	24.3025	0	0	0	0	0	0	0	0	0	0	0	0	0	0
1988	Buoy.117	395.1115	0	0.2625	59.5845	0	1.0825	36.881	26.979	25.015	11.7525	88.684	11.7195	31.1105	1.4695	0.0725	0	56.711	0.0125	16.6045	27.04	0.1305	0	0	0	0	0	0	0	0	0	0	0	0	0
1989	Buoy.117	222.3405	0	0.0875	19.143	0	0.479	2.494	4.545	39.474	2.77	40.501	1.036	35.853	22.954	1.6705	0.044	9.8355	0	12.458	28.996	0	0	0	0	0	0	0	0	0	0	0	0	0	0
1990	Buoy.117	325.6106667	0	0	71.897	0	1.062	23.377	45.55983333	2.202	0.417666667	47.08133333	1.764166667	48.63783333	15.47533333	4.6055	0.265833333	18.91966667	0	15.28433333	29.06116667	0	0	0	0	0	0	0	0	0	0	0	0	0	0
1991	Buoy.117	364.618	0	0.1175	36.0345	0	0.61	60.0165	46.4415	0.6665	2.284	56.395	1.371	34.811	19.2185	2.676	0.095	40.5635	0.0945	16.947	46.276	0	0	0	0	0	0	0	0	0	0	0	0	0	0
1992	Buoy.117	184.6368333	0	0	14.75666667	0	0.6045	4.317666667	41.23466667	26.85366667	0	43.52233333	0.504	7.937	10.17083333	2.861166667	0.213166667	3.902833333	0.038	12.28916667	15.43116667	0	0	0	0	0	0	0	0	0	0	0	0	0	0
1993	Buoy.117	101.7456667	0	0	6.534166667	0	0	0	0.22	14.5095	0.0925	14.09366667	0.9375	45.257	1.373333333	12.52616667	0	0	0.0475	0.406166667	5.748166667	0	0	0	0	0	0	0	0	0	0	0	0	0	0
1994	Buoy.117	114.2755	7.898	0	1.015	0.666	0	0	8.661	18.7	0	3.845	0.207	57.8225	2.478	2.756	0	0.045	0	3.484	6.698	0	0	0	0	0	0	0	0	0	0	0	0	0	0
1995	Buoy.117	149.82	6.6335	0	1.8175	0	0.6375	17.435	1.2275	60.317	0.0475	6.6595	3.501	4.8825	25.641	0.2815	0	0.1525	0	4.444	15.885	0.1375	0	0	0	0	0	0	0	0	0	0	0.12	0	0
1996	Buoy.117	206.9095	0	0	1.608	0	0.05	49.51966667	10.50866667	44.87466667	0	37.24216667	0	23.219	12.01533333	2.078166667	0	0	0	7.617833333	17.916	0	0	0	0	0	0.26	0	0	0	0	0	0	0	0
1997	Buoy.117	229.732	0.068	0.054	7.094666667	0	0.1345	43.074	7.9955	33.79183333	0	21.4425	1.4835	62.89	15.91066667	1.906	0	0.203	0	14.298	17.59083333	0	0	0	0	0	0.96	0.835	0	0	0	0	0	0	0
1998	Buoy.117	231.9805	0.1	0	4.8225	0	0.376666667	54.88466667	35.6105	0	0.453333333	20.11883333	9.2	25.15166667	13.8015	2.863666667	0	15.79816667	0.054	11.25283333	37.31216667	0	0	0	0	0	0	0	0	0	0	0	0.18	0	0
1999	Buoy.117	298.2413333	0.3475	0	4.798333333	0	0.303333333	113.0898333	39.08416667	8.1335	0.755	21.78216667	2.625	18.71383333	36.77	0.702	0	0.07	0	10.109	24.713	0	1.33	0	14.70716667	0	0	0	0	0	0	0	0	0.2075	0
2000	Buoy.117	277.7363333	0.1455	0.024	54.07883333	0	0	80.534	30.61416667	18.2575	0.345	32.41966667	0.11	19.82283333	15.04233333	4.076833333	0	0.115	0	4.792166667	5.2035	0	0	0	12.155	0	0	0	0	0	0	0	0	0	0
2001	Buoy.117	411.5463333	0.114	0	31.19366667	0	1.315	145.296	46.85316667	39.2775	0	16.86866667	1.920833333	35.74833333	17.20933333	7.739666667	0	0.613333333	5.33E-02	26.30516667	10.42366667	0	19.28216667	0	11.3325	0	0	0	0	0	0	0	0	0	0
2002	Buoy.117	296.525	4.9705	0.16	13.82833333	0	0.435333333	29.41066667	65.22333333	1.152	0	23.849	10.916	14.90016667	26.167	1.6145	0	8.479333333	0.052	21.34683333	12.80416667	0	36.38916667	0	11.72416667	0	0	10.0325	0	0	0	0	0.31	0	2.76
2003	Buoy.117	471.9155	4.680833333	0	21.00683333	0	0	158.9388333	60.31133333	24.92883333	0.11	23.95966667	8.4675	11.6215	22.4955	2.9875	0	82.6145	0	19.741	17.26816667	0	0	0	0	7.7185	1.425	0	0	0	0	0	0	0	3.64
2004	Buoy.117	391.5101667	0.0825	0	5.4175	0	0.486666667	150.3125	13.09483333	54.45383333	0	43.99883333	2.1825	36.84133333	22.72683333	7.7275	0	4.976666667	0.101666667	10.93233333	15.243	0	8.594166667	0	10.85916667	0	0	2.528333333	0	0	0.41	0	0	0	0.54
2005	Buoy.117	341.354	4.3225	0	9.249	0	0.05	7.6965	32.24	42.6525	0.084	15.6925	8.2875	52.2405	41.6745	7.44	0	12.196	0	27.208	34.09	0	21.125	0	8.072166667	0	0	16.86333333	0	0	0	0	0	0	0.17
2006	Buoy.117	308.7211667	0.2825	0	13.98416667	0	0.21	39.27583333	46.38983333	0.272	0	58.29383333	7.055833333	54.77233333	6.865166667	2.5305	0	4.3475	0.06	23.34216667	23.20816667	0	20.83466667	0	0.5625	0	0	6.379166667	0	0	0	0	0.055	0	0
1975	Buoy.125	271.139	0	0	41.7205	0	1.489	45.5995	0	54.678	1.8515	15.1275	10.486	81.5605	0	0.3035	0	0	0.3395	3.896	14.0875	0	0	0	0	0	0	0	0	0	0	0	0	0	0
1976	Buoy.125	141.8725	0	0	0.474	0	0	9.771833333	0.193333333	47.818	1.33E-02	13.82933333	0.266666667	47.177	0	1.063333333	0	0	1.33E-02	2.029666667	19.22266667	0	0	0	0	0	0	0	0	0	0	0	0	0	0
1977	Buoy.125	244.9848333	0	0	23.00916667	0	1.1345	64.56733333	0.136666667	23.69016667	1.303333333	19.45	13.482	81.8635	0	2.887166667	0	0	0.074	1.442	11.945	0	0	0	0	0	0	0	0	0	0	0	0	0	0
1978	Buoy.125	120.48	0	0	2.645	0	0	29.31	0.025	18.255	15.79	19.775	5.785	19.08	0	0.95	0	0	0.005	1.01	7.85	0	0	0	0	0	0	0	0	0	0	0	0	0	0
1979	Buoy.125	199.4881667	0	0	0.203333333	0	0	42.837	1.6575	41.1095	1.656	15.94183333	2.3625	72.81883333	0	4.817	0	0	0.1735	3.372	12.53916667	0	0	0	0	0	0	0	0	0	0	0	0	0	0
1980	Buoy.125	240.6591667	0	0	4.202	0	0	5.007666667	10.4245	46.7885	4.361	14.10133333	0.446	126.562	3.276	1.675	0	3.193	0	2.504	18.11816667	0	0	0	0	0	0	0	0	0	0	0	0	0	0
1981	Buoy.125	388.6698333	0	0	51.59116667	0	6.471166667	42.61833333	4.580166667	11.347	2.0555	30.48516667	5.542	199.6953333	0	5.330666667	0	0	0.178666667	1.608833333	27.16583333	0	0	0	0	0	0	0	0	0	0	0	0	0	0
1982	Buoy.125	312.964	1.66	0	16.01	0	1.602	64.776	46.1145	0.052	3.7125	47.548	0	61.9225	16.098	2.139	0	17.6055	0.0315	12.0775	12.0925	9.5225	0	0	0	0	0	0	0	0	0	0	0	0	0
1983	Buoy.125	368.7731667	0	0	7.819	0	1.0225	56.41566667	38.44116667	25.9015	2.0555	110.9215	0	61.71183333	3.261	1.1505	0	21.9235	0.1265	6.443166667	29.09083333	2.489	0	0	0	0	0	0	0	0	0	0	0	0	0
1984	Buoy.125	392.008	0.012	0	25.2175	0	0.8595	87.008	32.233	31.8905	0.9805	52.2625	2.8415	112.3815	0.718	1.815	0	4.985	0.0875	8.113	30.603	0	0	0	0	0	0	0	0	0	0	0	0	0	0
1985	Buoy.125	394.627	0.03	0	17.5775	0	1.341	36.3995	66.649	3.7755	5.5945	40.9235	1.629	96.075	33.233	12.1855	0	17.904	0.09	28.2355	31.7615	0.743	0	0	0	0	0	0	0	0	0	0	0	0	0.48
1986	Buoy.125	251.2785	6.67E-03	0	9.0095	0	0.032	40.6515	48.46166667	24.81116667	0	34.18483333	1.243	50.53166667	7.964166667	2.652666667	0	5.191	0	8.943833333	16.84483333	0	0	0	0	0	0	0.75	0	0	0	0	0	0	0
1987	Buoy.125	249.0255	0	0	42.735	0	1.0125	20.15	0.235	52.789	0	34.968	0.215	41.918	9.4565	1.201	0	9.81	0.0525	5.5685	28.9145	0	0	0	0	0	0	0	0	0	0	0	0	0	0
1988	Buoy.125	437.6108333	0	0.187	51.959	0	0.731	44.181	22.951	31.054	7.633	139.6256667	13.5075	26.4995	1.936	0.094	0	40.7625	0.0225	18.253	38.16916667	0.045	0	0	0	0	0	0	0	0	0	0	0	0	0
1989	Buoy.125	266.8175	0	0.252	28.9005	0	1.419	3.416	5.352333333	38.17216667	3.378	44.38666667	1.431	43.37266667	32.143	2.389	0.025	15.34	0.025	13.84916667	32.966	0	0	0	0	0	0	0	0	0	0	0	0	0	0
1990	Buoy.125	348.325	0.2385	0.036	66.9145	0	0.9095	29.6425	45.5515	1.8215	1.2465	56.7505	0.8605	47.344	15.0535	5.6225	0.5	22.577	0.1475	19.7255	32.6235	0	0	0	0	0	0.76	0	0	0	0	0	0	0	0
1991	Buoy.125	335.792	0.0475	0	41.949	0	0.158	52.5985	50.358	0.857	1.4355	46.4545	1.0275	27.983	19.0915	2.8305	0.5665	33.9715	0.064	13.9145	42.485	0	0	0	0	0	0	0	0	0	0	0	0	0	0
1992	Buoy.125	186.1276667	0	0	13.3825	0	0.617833333	4.2205	39.59033333	34.59616667	0	34.56566667	0.609666667	5.6045	9.9605	3.042833333	0.114333333	5.496666667	0	19.80033333	14.52583333	0	0	0	0	0	0	0	0	0	0	0	0	0	0
1993	Buoy.125	124.7836667	0	0	12.46533333	0	0	0	0.296	17.62066667	0.0925	15.63233333	0.8695	55.16783333	2.173	11.32183333	0	0.154166667	0	0.531333333	8.459166667	0	0	0	0	0	0	0	0	0	0	0	0	0	0
1994	Buoy.125	125.076	11.2335	0.014	1.702	0.9575	0	0	9.815	22.9135	0	4.5885	0.3625	54.9875	3.426	3.196	0	0.014	0	3.343	8.523	0	0	0	0	0	0	0	0	0	0	0	0	0	0
1995	Buoy.125	156.2935	6.348	0.02	2.066	0	0.3985	15.7725	1.4225	58.3915	0	7.324	4.6785	4.01	21.6915	0.14	0	0.16	0	5.452	28.166	0.0675	0	0	0	0	0	0	0	0	0	0	0.185	0	0
1996	Buoy.125	214.7181667	0	0	1.737	0	5.33E-02	50.47	11.78966667	48.94316667	0	36.95283333	0.035	25.6135	13.4545	1.3475	0	0	0	6.828	17.23866667	0	0	0	0	0	0.255	0	0	0	0	0	0	0	0
1997	Buoy.125	230.4066667	0	0	7.045833333	0	0.5575	44.52333333	11.29916667	30.06166667	0	21.35333333	1.48	62.14083333	12.07166667	3.900833333	0	0.0475	0	15.89916667	18.90583333	0	0	0	0	0	0.94	0.18	0	0	0	0	0	0	0
1998	Buoy.125	265.0516667	0.05	0	3.918666667	0	0	63.396	45.90683333	0	2.683333333	19.15316667	7.77	32.869	16.895	3.531333333	0	20.766	0.08	9.219333333	37.763	0	0	0	0	0	0	0	0	0	1.05	0	0	0	0
1999	Buoy.125	261.3048333	0.3625	0	3.960666667	0	0.06	113.7865	27.05583333	3.921666667	0	15.1615	1.779166667	22.72516667	31.40333333	1.375833333	0	0.425	0	8.065166667	20.8135	0	3.783333333	0	6.625666667	0	0	0	0	0	0	0	0	0	0
2000	Buoy.125	249.6295	0.195	0.035	57.75083333	0	0.035	65.871	33.759	19.35616667	0.35	21.089	0	15.363	14.28666667	2.316333333	0	0.025	4.67E-02	3.645666667	4.1035	0	0	0	11.40166667	0	0	0	0	0	0	0	0	0	0
2001	Buoy.125	449.1365	0	0	23.90833333	0	0	203.5905	32.17683333	24.338	0	18.6235	2.6725	46.469	17.884	6.946	0	0.37	0.1385	30.43316667	11.13383333	0	18.26566667	0	12.18666667	0	0	0	0	0	0	0	0	0	0
2002	Buoy.125	304.6688333	4.200833333	0	20.05833333	0	0.921333333	29.61083333	58.90766667	4.44	0.1	29.11716667	9.780833333	16.14233333	37.19283333	2.2975	0	8.474666667	0.15	18.2585	11.157	0	32.47316667	0	8.9675	0	0	12.14833333	0	0	0	0	0.27	0	0
2003	Buoy.125	369.1378333	1.615	0.3375	17.0645	0	0.16	128.6595	52.3295	15.821	0.1675	24.6155	3.3985	9.4055	20.072	1.851	0	52.3165	0.1025	17.641	11.869	0	0	0	0	9.101833333	1.47	0	0	0	0	0	0	0	1.14
2004	Buoy.125	376.5415	1.1875	0	8.675833333	0	0.525	109.285	24.14483333	52.4875	0	40.18216667	4.9125	34.981	23.62766667	12.61916667	0	7.5655	0.0425	9.883833333	19.99916667	0	6.225	0	13.975	0	0.515	4.107333333	0	0	0	0	0	0	1.6
2005	Buoy.125	343.1331667	1.174	0	17.721	0	0	10.214	31.7205	31.4285	0.276	14.1065	8.4445	47.7435	42.5005	8.6405	0	13.559	0	35.7725	31.6205	0	15.94533333	0	15.0125	0	0	17.25383333	0	0	0	0	0	0	0
2006	Buoy.125	341.1953333	0.5075	0	17.44	0	0.0625	52.73583333	46.5565	0.205	0	53.6195	7.175833333	62.31033333	7.183	4.305	0	3.671666667	0.1725	24.8435	25.28333333	0	26.02983333	0	1.27	0	0	7.7985	0	0	0	0	0.025	0	0
1975	Shackelton.Point	-1728.792167	0	0	34.193	0	1.05	53.8415	0	53.3685	0.7875	14.68416667	8.7725	75.80333333	0	0.3385	0	0	0.4865	2.3305	23.55183333	0	0	0	0	0	0	0	0	-1998	0	0	0	0	0
1976	Shackelton.Point	-2791.311	0	0	0.549666667	0	3.33E-02	20.91	9.17E-02	75.66766667	0	21.253	0.1	58.55033333	0	1.121666667	0	0	0.133333333	2.421333333	24.857	0	0	0	0	0	0	0	0	-1998	-999	0	0	0	0
1977	Shackelton.Point	314.623	0	0	68.24333333	0	1.885	57.1475	6.33E-02	21.10183333	1.65	19.2045	17.4585	102.2006667	0	5.222166667	0	0	7.13E-02	1.597333333	18.7775	0	0	0	0	0	0	0	0	0	0	0	0	0	0
1978	Shackelton.Point	128.98	0	0	1.4575	0	0	23.385	0.0475	21.89	22.53	18.355	4.815	24.9275	0	1.545	0	0	0	0.8225	9.205	0	0	0	0	0	0	0	0	0	0	0	0	0	0
1979	Shackelton.Point	222.4545	0	0	0.305833333	0	0	44.657	3.28	38.17116667	1.645	15.79183333	2.8595	91.10883333	0.006	4.6865	0	0	0.288	3.232	16.42283333	0	0	0	0	0	0	0	0	0	0	0	0	0	0
1980	Shackelton.Point	267.252	0	0	4.604	0	0	4.509	23.083	42.118	3.376	19.6795	0.8215	139.883	2.928	2.247	0	2.6605	0.04	2.815	18.4875	0	0	0	0	0	0	0	0	0	0	0	0	0	0
1981	Shackelton.Point	326.508	0	0	40.31016667	0	4.473	38.801	8.489	20.24366667	3.404833333	32.34616667	5.988333333	139.4848333	0	4.793666667	0	0	0.098	2.465833333	25.6095	0	0	0	0	0	0	0	0	0	0	0	0	0	0
1982	Shackelton.Point	340.2765	0	0	15.795	0	1.824	55.6205	63.946	0	1.915	46.973	0	77.4045	19.943	4.9215	0	17.169	0.02	11.485	13.233	10.027	0	0	0	0	0	0	0	0	0	0	0	0	0
1983	Shackelton.Point	355.9315	0	0	7.7595	0	1.6905	42.0745	33.4475	21.0985	2.3375	117.594	0	60.0125	3.2275	0.7705	0	24.207	0.024	6.7075	32.6695	2.311	0	0	0	0	0	0	0	0	0	0	0	0	0
1984	Shackelton.Point	428.671	0	0	32.343	0	0.6505	98.167	27.422	32.503	0.967	50.7075	2.715	136.2505	0.62	2.5055	0	5.258	0.085	10.5035	27.9735	0	0	0	0	0	0	0	0	0	0	0	0	0	0
1985	Shackelton.Point	366.9673333	3.33E-02	0	13.84016667	0	1.293833333	37.06833333	51.05133333	4.7775	5.746833333	38.34983333	2.1015	99.95216667	36.7755	8.614833333	0	15.09766667	0.0685	24.28	27.1935	0.1725	0	0	0	0	0	0	0.29	0	0	0.13	0	0	0.13
1986	Shackelton.Point	316.7923333	0	0	15.9005	0	0	46.0955	57.19033333	41.7715	0	41.41416667	1.471666667	57.59566667	18.16616667	4.1035	0	5.563	0.0275	8.428333333	18.7545	0	0	0	0	0	0	0.29	0	0	0	0	0.02	0	0
1987	Shackelton.Point	240.6775	0	0	26.295	0	1.3875	21.2895	0.3675	51.595	0	36.038	0	41.6645	13.97	2.081	0	8.4125	0	7.34	30.237	0	0	0	0	0	0	0	0	0	0	0	0	0	0
1988	Shackelton.Point	526.9181667	0.066	0.765	47.18666667	0	1.0045	46.41366667	29.9675	31.565	9.0465	198.4965	14.83	31.1335	3.288833333	0.1475	0	49.133	0.075	20.72916667	42.65983333	0	0	0	0	0	0	0	0	0	0	0	0	0	0.41
1989	Shackelton.Point	237.6595	0	0.1	24.5055	0	1.2205	5.8885	12.8855	37.8985	0.0475	40.68	0.6405	29.3075	23.3775	2.276	0	11.3755	0.0475	12.3895	34.9495	0	0	0	0	0	0	0.07	0	0	0	0	0	0	0
1990	Shackelton.Point	351.738	0.0525	0	76.772	0	1.2305	25.529	36.692	1.425	1.37	56.1785	1.53	48.401	23.166	5.117	0.7285	20.957	0.0475	19.169	33.3725	0	0	0	0	0	0	0	0	0	0	0	0	0	0
1991	Shackelton.Point	424.4475	0	0	82.2615	0	0.7145	60.157	60.6715	0.895	1.669	59.0685	1.458	32.718	20.7375	2.069	0.3665	41.666	0.2585	13.102	46.635	0	0	0	0	0	0	0	0	0	0	0	0	0	0
1992	Shackelton.Point	207.0925556	0	0	19.576	0	1.730833333	4.763111111	47.75894444	31.80316667	0	37.41766667	0.406666667	6.428888889	11.89738889	2.418777778	0.08	7.119388889	0.076	16.06888889	19.54683333	0	0	0	0	0	0	0	0	0	0	0	0	0	0
1993	Shackelton.Point	117.3333333	0.032	0	10.68833333	0	0	0	0.1815	18.7045	0	14.82583333	0.9625	50.98866667	1.988	12.982	0	0	0	0.5605	5.4195	0	0	0	0	0	0	0	0	0	0	0	0	0	0
1994	Shackelton.Point	192.0293333	12.61683333	0	2.235166667	1.856	0	0	14.17916667	32.39433333	0.105	4.337333333	0.5245	97.70583333	2.901	6.758	0	0.0525	0	3.751	12.61266667	0	0	0	0	0	0	0	0	0	0	0	0	0	0
1995	Shackelton.Point	186.6425	6.711	0.129	4.396	0	0	22.8235	3.57	63.2635	0.116	6.7705	6.6845	9.9085	31.6875	1.0215	0	0.13	0	6.8645	22.2565	0	0	0	0	0	0	0.09	0	0	0.07	0	0.15	0	0
1996	Shackelton.Point	242.2001667	0.0525	0	2.1355	0	0.138	56.004	14.073	51.1995	0.072	42.3295	0	28.146	12.0545	1.5185	0	0	0	7.7005	25.665	0	0	0	0	0	1.111666667	0	0	0	0	0	0	0	0
1997	Shackelton.Point	237.695	0.01	0	5.0535	0	0	39.744	8.525	52.041	0	25.695	2.031	53.265	11.858	1.3435	0	0	0	13.5895	23.5145	0	0	0	0	0	0.505	0.36	0	0	0.16	0	0	0	0
1998	Shackelton.Point	218.5606667	0	0	3.4785	0	0.052	57.948	22.13283333	0.195	0.64	26.85283333	7.9745	9.392	44.64083333	2.357333333	0	8.766666667	0.1025	7.786833333	26.15083333	0	0	0	0	0	0.07	0	0	0	0	0	0.02	0	0
1999	Shackelton.Point	290.3878333	0.1075	0	4.906666667	0	0.5175	73.07216667	34.909	0.0525	0.7435	20.92866667	2.126	34.75083333	13.367	1.3335	0	1.1025	0	8.720166667	34.64783333	0	0	0	0.41	0	0	0.84	0	0	0.28	0	0	0.6225	56.95
2000	Shackelton.Point	266.4576667	0	0.074	57.69016667	0	0.4535	68.86266667	47.073	11.97716667	0	23.13916667	0.386	19.34216667	20.028	2.030333333	0	0.219166667	6.67E-02	2.833333333	6.048833333	0	0	0	6.1585	0	0	0	0	0	0	0	0.075	0	0
2001	Shackelton.Point	409.7451667	0.224	0	24.83583333	0	0.2575	143.899	39.02816667	24.3135	0	24.51083333	2.0225	35.18733333	22.959	5.240166667	0	0	0.11	22.5175	23.4365	0	25.15833333	0	15.065	0	0.83	0.09	0	0	0.06	0	0	0	0
2002	Shackelton.Point	313.6146667	3.899	0	13.4915	0	0.546	36.264	64.5575	3.3335	0	31.091	4.307	24.875	37.0595	1.267	0	7.8845	0	17.478	13.1445	0	28.7	0	10.595	0	0	12.16666667	0	0	0.035	0	2.41	0	0.51
2003	Shackelton.Point	364.992	3.4505	0	18.583	0	0	96.4605	61.0085	16.4955	0.5585	14.761	3.544	17.5	16.8405	3.288	0	48.9215	0.2325	13.8785	12.698	0	0	19.70833333	0	9.7865	1.11	6.166666667	0	0	0	0	0	0	0
2004	Shackelton.Point	361.313	1.53	0	9.737	0	0	112.6705	21.732	47.3165	0.345	42.6875	3.5555	28.13183333	38.21383333	10.4365	0	7.035	0	7.8975	12.16583333	0	9.046	0	4.5125	0	0.34	1.26	0	0	0	0	0	0	2.7
2005	Shackelton.Point	311.1735	2.145	0	6.8695	0	0.1955	6.3685	23.69683333	34.207	0.16	9.556333333	9.065	57.60566667	36.25533333	12.452	0	6.712333333	1.8605	33.008	25.67366667	0	20.4105	0	12.705	0	0	12.06683333	0	0	0.16	0	0	0	0
2006	Shackelton.Point	286.3338333	2.499	0	12.16133333	0	0.11	28.9035	51.152	0.56	0	45.2715	4.54	62.992	13.85333333	2.635	0	3.216833333	0	19.1085	16.36466667	0	14.2545	0	2.746	0	0	5.207166667	0	0	0.05	0	0	0.1025	0.606
1975	Three.Mile.Bay	-2735.015	0	0	76.6985	0	3.3805	48.102	0	49.8085	0.225	12.4915	8.5675	43.1565	0	0.02	0	0	0.2935	1.7675	17.474	0	0	0	0	0	0	0	0	-2997	0	0	0	0	0
1976	Three.Mile.Bay	-876.605	0	0	0.1	0	0	1.85	0	40.055	0	12.64	0.025	40.785	0	3.06	0	0	0	2.61	21.27	0	0	0	0	0	0	0	0	-999	0	0	0	0	0
1977	Three.Mile.Bay	-817.44	0	0	4.045	0.025	5.0875	55.625	0	11.26	0	12.1425	9.2525	48.965	0	3.8175	0	0	0.05	0.245	31.045	0	0	0	0	0	0	0	0	-999	0	0	0	0	0
1979	Three.Mile.Bay	234.051	0	0	0.62	0	0.008	54.674	8.565	44.742	2.2125	15.3115	3.841	79.1375	0	5.1175	0	0	0.1725	3.602	16.0475	0	0	0	0	0	0	0	0	0	0	0	0	0	0
1980	Three.Mile.Bay	181.0845	0	0	1.292	0	0	0.67	1.303	28.3045	2.63	21.6975	0.686	94.1765	2.0445	1.895	0	7.604	0.06	3.1825	15.539	0	0	0	0	0	0	0	0	0	0	0	0	0	0
1981	Three.Mile.Bay	113.8765	0	0	17.427	0	0.778	16.842	3.232	6.404	0.662	10.5985	2.6825	38.9745	0	0.405	0	0	0.1325	0.261	15.4775	0	0	0	0	0	0	0	0	0	0	0	0	0	0
1982	Three.Mile.Bay	315.869	0	0	15.341	0	4.6785	53.1805	44.522	0	3.8545	65.8705	0	54.6355	19.6315	0.41	0	27.2385	0.116	4.0695	16.4245	5.8965	0	0	0	0	0	0	0	0	0	0	0	0	0
1983	Three.Mile.Bay	446.6055	0	0	12.5585	0	21.488	82.7595	34.0235	21.956	6.09	106.91	0	63.1935	2.9505	0.7945	0	62.802	0.125	4.8215	20.9165	5.2165	0	0	0	0	0	0	0	0	0	0	0	0	0
1984	Three.Mile.Bay	522.911	0	0.028	32.27966667	0	3.4625	194.395	22.1395	34.78716667	1.375166667	58.49866667	4.3385	112.283	0.022	1.3605	0	7.173166667	0.028	8.364333333	42.37583333	0	0	0	0	0	0	0	0	0	0	0	0	0	0
1985	Three.Mile.Bay	378.2943333	0.14	0.054	33.19483333	0	3.436	58.24716667	31.8845	3.343	9.587333333	23.36116667	1.571333333	81.79416667	24.29283333	5.819833333	0	43.98616667	0.184	23.57283333	32.48616667	0.264	0	0	0	0	0	0	0.185	0	0	0.2	0	0	0.69
1986	Three.Mile.Bay	232.3791667	0	0	6.644166667	0	0.075	76.4575	31.29333333	23.9125	0.166666667	21.53	1.114166667	37.9925	0.161666667	2.531666667	0	10.88916667	0.1	7.411666667	12.09916667	0	0	0	0	0	0	0	0	0	0	0	0	0	0
1987	Three.Mile.Bay	127.7785	0	0	22.3015	0	0.895	14.3255	0.1125	23.9965	0	12.4915	0.105	17.756	6.922	0.365	0	6.83	0	2.8785	18.7995	0	0	0	0	0	0	0	0	0	0	0	0	0	0
1988	Three.Mile.Bay	587.088	0	0.5825	206.8655	0	2.1915	42.141	22.8835	28.7285	10.4445	90.587	9.998	38.5855	2.433	0.108	0	81.4415	0	15.176	34.922	0	0	0	0	0	0	0	0	0	0	0	0	0	0
1989	Three.Mile.Bay	279.5363333	0	0.2225	28.42633333	0	1.674166667	3.2575	5.065833333	48.6525	1.5125	44.77833333	0.6325	41.76383333	33.29483333	4.292	0.2	12.645	0	13.16783333	39.95066667	0	0	0	0	0	0	0	0	0	0	0	0	0	0
1990	Three.Mile.Bay	272.55	0	0.106666667	53.29133333	0	1.632666667	15.442	36.30466667	0.899333333	0.802	32.44533333	1.05	47.32866667	14.814	4.517333333	0.12	12.66933333	0	9.679333333	41.44733333	0	0	0	0	0	0	0	0	0	0	0	0	0	0
1991	Three.Mile.Bay	279.9828333	0	0	28.48883333	0	0.675	45.58	43.3985	0.7875	0.860833333	32.1445	0.7175	30.78266667	19.218	2.203	0.472	24.02066667	0.23	9.072333333	41.1515	0	0	0	0	0	0.18	0	0	0	0	0	0	0	0
1992	Three.Mile.Bay	109.3448333	0	0	5.233833333	0	0.669	2.746166667	42.81583333	11.689	0	12.77	0.322	5.6055	8.006166667	1.562833333	0.11	2.668166667	0	5.7615	9.384833333	0	0	0	0	0	0	0	0	0	0	0	0	0	0
1993	Three.Mile.Bay	121.9121667	0	0	7.0845	0	0.02	0.025	0.11	28.47533333	0	15.18066667	0.607666667	38.1905	1.1045	23.06916667	0	0.018	0	0.555	7.471833333	0	0	0	0	0	0	0	0	0	0	0	0	0	0
1994	Three.Mile.Bay	127.55	8.188333333	0	2.243333333	3.555	0	0	14.08083333	18.98583333	0	8.860833333	0.253333333	47.725	2.340833333	2.145833333	0	0.35	0	2.99	15.83083333	0	0	0	0	0	0	0	0	0	0	0	0	0	0
1995	Three.Mile.Bay	212.4396667	9.6665	0.04	4.18	0	5.9425	48.8225	1.105	62.377	0	6.7605	5.63	4.8685	33.5155	0.3265	0	0.07	0	6.09	22.261	0.5275	0	0	0	0	0	0	0	0	0	0	0.256666667	0	0
1996	Three.Mile.Bay	191.49	0	0	1.810833333	0	0.225	41.8325	7.376666667	35.9525	0	42.58416667	0.6125	24.55833333	8.4675	0.2925	0	0.0675	0	6.070833333	21.63916667	0	0	0	0	0	0	0	0	0	0	0	0	0	0
1997	Three.Mile.Bay	250.7575	0.389	0	7.2735	0	0.5935	49.8155	7.827	45.256	0	22.1785	2.5375	64.125	15.3015	2.224	0	0.08	0	11.0905	20.796	0	0	0	0	0	0.71	0.36	0	0	0.2	0	0	0	0
1998	Three.Mile.Bay	288.9908333	0	0	10.20716667	0	1.19	79.88466667	29.952	0	2.036666667	25.132	9.068	32.0845	14.44133333	1.551	0	25.20033333	0	12.06716667	45.836	0	0	0	0	0	0	0	0	0	0.26	0	0.08	0	0
1999	Three.Mile.Bay	361.8526667	0.77	0	13.0005	0	7.177	188.4225	35.752	3.579	0	14.6785	5.3225	12.9665	26.97	0.8475	0	0.67	0.2	11.711	18.389	0	6.65	0	14.58666667	0	0	0	0	0	0	0	0	0.16	0
2000	Three.Mile.Bay	432.5891667	0.1125	0	92.18	0	0.725	174.9583333	32.00666667	12.45416667	0.475	36.36083333	0	27.1825	25.31083333	2.2175	0	0.165	0	1.889166667	7.3725	0	0	0	19.01916667	0	0	0	0	0	0.16	0	0	0	0
2001	Three.Mile.Bay	432.8888333	0	0.223333333	28.17633333	0	1.208666667	148.7628333	53.051	29.40133333	0	29.2605	2.735833333	29.12166667	8.6445	4.427666667	0	0	7.33E-02	20.67016667	26.62433333	0	37.6865	0	12.82083333	0	0	0	0	0	0	0	0	0	0
2002	Three.Mile.Bay	345.8326667	3.821666667	0.1665	19.79166667	0	1.5065	41.73083333	69.67733333	3.342	0	30.70483333	5.338333333	27.889	26.37733333	2.052	0	5.373666667	0	18.05516667	25.19016667	0	43.90483333	0	11.5675	0	0	9.343333333	0	0	0	0	0	0	0
2003	Three.Mile.Bay	372.73	4.6445	0.026	20.44116667	0	0.833333333	120.72	70.36616667	10.72533333	1.009166667	15.9415	6.939333333	9.657166667	17.3735	2.385666667	0	41.50833333	0	19.34783333	15.75433333	0	0	0	0	12.56666667	0.06	0	0	0	2.43	0	0	0	0
2004	Three.Mile.Bay	410.8225	0.656666667	0	13.31083333	0	0.813333333	184.3408333	6.846	31.33766667	0	41.04266667	2.603333333	48.36983333	20.45266667	6.6705	0	1.863333333	0.05	12.49216667	18.30916667	0	5.542666667	0	10.21416667	0	0.465	5.441666667	0	0	0	0	0	0	0
2005	Three.Mile.Bay	325.7545	5.461	0	14.1215	0	1.935	8.0105	34.8455	50.1315	0.148	10.4715	6.6445	42.7435	31.457	6.875	0	5.488	0	30.694	28.3175	0	16.74366667	0	18.73816667	0	0.29	12.22866667	0	0	0	0	0	0	0.41
2006	Three.Mile.Bay	328.6466667	0	0	34.51166667	0	0.830833333	45.364	44.531	0.6475	0	59.027	6.534833333	42.2795	6.470166667	1.7535	0	1.55	0	23.95633333	28.84566667	0	26.23566667	0	0.711666667	0	0	5.397333333	0	0	0	0	0	0	0
