year	site	total	Mandarin	Sparrowhawk	Pheasant	Woodcock	StockDove	Woodpigeon	TurtleDove	Cuckoo	TawnyOwl	GreenWoodpecker	GreatSpottedWoodpecker	LesserSpottedWoodpecker	CarrionCrow	Magpie	Jay	GreatTit	BlueTit	CoalTit	MarshTit	WillowTit	Long-tailedTit	Nuthatch	Treecreeper	Wren	MistleThrush	SongThrush	Blackbird	Nightingale	Robin	Blackcap	GardenWarbler	Whitethroat	LesserWhitethroat	WillowWarbler	Chiffchaff	Goldcrest	SpottedFlycatcher	Dunnock	Starling	Hawfinch	Greenfinch	Redpoll	Bullfinch	Chaffinch	HouseSparrow
1949	6	-94.5	0	1	0	0	0	2	0	0	0	1	1	0	1	1	2	6	-99	1	2	1	1	0	1	17	0	1	5	1	22.5	3	3	1	0	16.5	1	0	0	-99	0	0	0	0	2	9.5	0
1950	6	150	0	1	1	0	0	2	0	2	1	2	2	0	1	1	5	8	6.5	4	2	1	1	1	2	20	0	1	9	0	28	3	3	2	1	21	2.5	1	0	2	0	0	0	0	2	11	0
1951	6	164	0	1	1	0	0	5	0	0	1	2	2	0	1	1	6	8	13.5	3	2	0	2	3	0	20.5	0	7	9.5	0	28.5	4	3	1	1	16	4.5	0	1	2	0	0	0	0	2	12.5	0
1952	6	160	0	0	1	1	0	2	1	2	1	3	2	0	1	1	6	8.5	9.5	3	4	1	2	1	2	18	1	5	11.5	0	30.5	3	3	2	0	15	2.5	0	0	2	0	1	0	0	4	9.5	0
1953	6	158.5	0	1	1	1	0	5	1	1	1	2	3	0	1	1	5	11	13	2	5	1	1	2	2	10.5	1	3	8	1	33	2	4	2	0	15	2	0	0	4	0	0	0	0	4	9	0
1954	6	165.5	0	1	1	0	0	4	0	2	1	2	3	1	1	1	7	11	16	2	4	1	2	2	1	14	2	5	12.5	1	30.5	3	2	2	0	11	5.5	0	0	1	0	0	0	0	5	8	0
1955	6	127.5	0	1	0	0	0	3	0	1	1	0	2	1	1	1	4	10	10	1	2	1	2	3	2	11.5	0	4	8	2	23	2	4	0	0	8.5	4.5	0	1	2	0	0	0	0	3	8	0
1956	6	141.5	0	1	0	0	0	1	2	1	1	0	2	0	1	1	3	12	14	2	4	2	2	4	1	7	0	5	7.5	0	24	3	4	1	0	17.5	4.5	0	0	4	0	0	0	0	4	6	0
1958	6	139	0	1	0	1	0	3	2	0	1	1	2	0	1	1	4	4.5	13	2	2	1	2	1	1	16	0	4	11.5	0	32	3	7	1	0	12	1.5	0	0	1	0	0	0	0	2	4.5	0
1959	6	124.5	0	1	0	0	0	4	0	1	1	1	1	0	1	1	4	11	10.5	3	3	0	0	4	2	13	0	2	9	0	29	4	3	1	0	5	2	0	0	2	1	0	0	0	3	2	0
1960	6	126	0	0	1	0	0	4	0	0	1	1	2	0	1	2	4	12	16	2	4	1	1	4	3	14.5	0	3	7	0	23.5	2	3	1	0	2.5	3	1	0	0	2	0	0	0	2	2.5	0
1961	6	136.5	0	0	0	0	0	3	0	2	1	1	2	0	1	1	4	12	18	3	2	1	1	3	1	17	2	6	9	0	27	4	2	0	0	2	1	0	0	1	3	0	0	0	2	4.5	0
1962	6	141	0	0	1	1	0	2	0	1	1	0	2	0	1	1	3	11	16.5	3	5	0	2	3	3	12	2	5	8	0	32	3	4	1	0	1.5	1.5	0	0	4.5	2	0	0	0	1	7	0
1963	6	122.5	0	0	0	0	0	3	2	1	0	1	2	1	1	1	4	12	19	2	3	1	0	2	1	1	2	4	8	0	21.5	5	2	1	0	2.5	2	0	1	4	5	0	0	0	2	5.5	0
1964	6	159.5	0	0	0	1	0	5	2	1	1	0	2	1	1	1	7	17	19	5	1	0	0	5	1	5.5	2	7	10	1	32	3	2	1	0	1.5	5	0	0	5	5.5	0	0	0	2	7	0
1965	6	188	0	0	0	1	0	5	2	2	1	0	2	1	1	1	4	17	22	4	1	1	1	5	2	11	3	7	12	0	37	4	4	0	0	4	7	0	1	5	10	0	0	0	2	8	0
1966	6	181	0	0	1	0	0	7	1	2	1	1	2	0	2	0	5	12	17	3	3	1	2	5	2	17	2	8	11	0	37	7	1	1	0	4	6	0	0	4	6	0	1	0	2	7	0
1967	6	210	0	0	0	1	0	8	1	1	1	1	3	1	2	1	5	16	16	8	3	1	2	7	2	25	1	10	12	0	42	6	1	0	0	2	6	0	1	8	8	0	0	0	2	6	0
1968	6	209	0	0	1	0	0	6	1	2	1	1	2	1	1	1	3	19	20	6	3	1	1	5	4	26	1	7	11	0	43	3	1	1	0	6	3	3	0	6	12	1	0	0	2	4	0
1969	6	206	1	0	3	0	0	13	1	1	1	1	3	1	1	1	4	14	19	7	3	2	1	3	4	24	2	7	13	0	44	6	1	0	0	2	3	0	0	6	7	0	0	0	3	4	0
1970	6	204	2	0	4	1	0	15	4	2	1	2	3	0	1	3	7	13	20	5	3	1	2	5	3	25	2	7	9	0	36	1	1	0	0	2	4	1	0	3	8	1	0	0	4	3	0
1971	6	200	0	0	4	0	0	15	5	2	1	1	3	1	2	1	7	13	15	4	2	1	3	5	5	17	2	9	14	0	44	3	0	0	0	0	1	2	1	2	8	0	0	0	1	6	0
1972	6	200	1	0	5	0	1	10	1	2	1	2	3	1	3	2	8	12	16	7	2	2	2	4	3	26	2	6	12	1	37	4	0	0	0	0	1	1	0	1	6	0	1	2	4	8	0
1973	6	195	0	1	0	1	0	12	1	2	1	1	3	2	2	3	5	18	19	9	4	2	3	6	1	27	2	6	6	1	35	3	0	0	0	0	4	3	0	0	7	0	0	0	2	3	0
1974	6	195	0	0	1	0	0	8	1	2	1	1	2	1	2	2	4	19	26	5	2	1	2	5	2	27	1	6	12	0	38	2	1	0	0	0	4	2	0	3	9	0	0	0	2	1	0
1975	6	186	1	1	0	1	1	10	0	1	1	1	3	1	2	2	5	17	19	6	1	1	2	4	2	30	1	4	12	0	33	2	1	0	0	2	1	2	1	1	9	0	0	0	2	3	0
1976	6	181	0	0	1	1	1	11	1	1	1	0	3	1	1	1	5	15	18	11	3	1	2	4	2	22	2	4	10	0	33	4	2	0	0	1	4	1	0	2	6	0	0	0	2	3	1
1977	6	188	1	0	2	1	0	14	0	2	1	2	3	2	2	2	5	14	15	7	2	1	2	5	1	23	1	8	11	0	34	5	2	0	0	1	3	0	0	2	7	0	0	1	2	3	1
1978	6	180	0	0	0	0	1	6	0	1	1	1	3	1	1	2	4	13	14	7	1	1	1	3	3	33	2	5	11	0	40	4	0	0	0	1	5	1	0	4	7	0	0	0	0	3	0
1979	6	188	1	0	1	0	1	12	0	2	1	1	3	1	2	3	5	16	19	5	2	0	1	5	2	18	2	4	13	0	41	4	1	0	0	2	4	0	0	4	7	0	1	0	2	2	0
