Year	site	Total	AmericanCrow	AmericanGoldfinch	AmericanRobin	AmericanTreeSparrow	BaltimoreOriole	BarnSwallow	BellsVireo	BewicksWren	BlackandwhiteWarbler	BlackcappedChickadee	BluegrayGnatcatcher	BlueGrosbeak	BlueJay	BrownCreeper	BrownheadedCowbird	BrownThrasher	CarolinaWren	CommonGrackle	CommonNighthawk	CommonYellowthroat	DarkeyedJunco	Dickcissel	DownyWoodpecker	EasternBluebird	EasternKingbird	EasternMeadowlark	EasternPhoebe	EasternTowhee	EasternWoodPewee	EuropeanStarling	FieldSparrow	GoldencrownedKinglet	GrasshopperSparrow	GrayCatbird	GreatCrestedFlycatcher	HairyWoodpecker	HenslowsSparrow	HouseWren	IndigoBunting	KentuckyWarbler	LarkSparrow	LeContesSparrow	LincolnsSparrow	LouisianaWaterthrush	NorthernCardinal	NorthernFlicker	NorthernParula	NorthernRoughwingedSwallow	OrangecrownedWarbler	OrchardOriole	RedbelliedWoodpecker	RedeyedVireo	RedheadedWoodpecker	RedwingedBlackbird	RosebreastedGrosbeak	RubycrownedKinglet	SavannahSparrow	SedgeWren	SongSparrow	SummerTanager	TreeSwallow	TuftedTitmouse	VesperSparrow	WarblingVireo	WhitebreastedNuthatch	YellowbilledCuckoo	YellowrumpedWarbler	YellowWarbler
1981	konza	1561	9	16	19	0	8	2	2	0	0	40	10	0	54	1	71	17	0	302	2	4	4	236	11	19	14	85	0	0	12	53	9	0	55	3	28	6	11	29	6	0	0	11	45	3	37	15	0	0	6	0	34	0	124	18	2	2	42	17	0	3	0	6	3	0	18	26	11	0
1982	konza	2136	2	14	31	150	11	0	3	1	0	92	10	0	101	0	161	34	0	16	2	19	26	166	16	28	14	183	14	4	1	78	33	3	86	1	11	6	24	14	16	0	0	28	28	4	56	50	0	7	8	2	46	2	222	35	2	4	0	9	6	0	150	26	6	13	24	30	7	0
1983	konza	1866	12	22	193	11	1	3	9	5	0	108	8	2	49	6	136	27	0	8	1	18	12	208	11	43	16	186	10	4	5	46	34	4	88	3	14	3	22	38	10	0	0	10	16	5	53	43	0	3	2	0	28	3	168	22	4	12	8	3	2	1	11	26	1	6	45	18	0	0
1984	konza	1831	7	29	31	23	10	1	20	7	0	41	0	2	62	0	214	59	0	44	10	23	6	266	6	12	26	175	11	6	10	33	42	1	88	0	21	6	38	23	12	0	0	2	13	2	33	47	0	6	3	2	24	1	138	47	6	6	8	2	5	0	23	7	2	2	33	46	8	0
1985	konza	2161	8	28	407	6	3	6	16	0	0	32	6	0	53	1	151	32	0	98	6	19	30	416	10	35	15	132	6	6	10	17	48	1	55	3	12	0	35	16	4	1	0	48	41	6	37	44	0	0	0	2	38	3	52	33	0	0	20	20	6	4	6	8	0	1	35	26	6	1
1986	konza	2408	7	34	39	97	3	0	37	8	5	78	8	4	58	7	247	43	0	24	3	30	24	342	14	52	6	220	10	16	3	21	119	9	118	6	13	5	68	35	14	2	11	31	23	14	42	66	0	2	2	0	40	4	72	45	4	0	4	29	4	0	97	20	4	2	30	30	2	1
1987	konza	2039	5	56	19	65	6	5	30	8	6	71	6	0	38	3	223	36	1	2	14	27	20	366	17	33	18	173	8	14	3	2	117	30	100	4	20	2	57	20	18	1	0	6	7	6	54	32	0	2	0	2	42	2	38	29	2	0	0	0	7	1	65	28	0	2	27	38	1	4
1988	konza	1359	11	33	6	49	6	7	29	4	5	34	0	4	23	4	132	33	0	8	8	28	2	282	7	3	16	77	14	11	1	0	58	12	68	1	26	1	16	16	8	3	0	0	0	7	26	19	0	0	0	0	10	2	86	25	2	0	0	0	0	0	49	16	0	0	12	58	0	1
1989	konza	1247	12	27	39	18	4	8	21	4	2	56	0	0	59	10	91	27	1	6	16	21	10	214	8	17	11	82	17	10	0	0	49	4	60	3	30	2	10	9	6	0	6	0	0	2	29	19	1	6	0	0	16	0	116	9	2	0	0	0	1	3	18	15	0	0	14	24	0	2
1990	konza	1247	10	15	2	48	6	1	31	1	5	31	4	0	24	12	59	42	0	4	3	26	0	354	0	7	23	114	14	10	2	0	61	0	64	9	39	1	1	6	2	1	2	0	0	7	29	17	2	0	0	4	8	2	22	12	4	0	0	0	0	1	48	12	0	0	13	32	0	0
1991	konza	1026	6	12	5	7	13	0	14	8	0	9	6	8	24	0	118	41	0	6	4	16	0	310	8	5	27	44	0	13	7	0	27	2	8	3	22	1	1	2	6	0	3	0	0	0	23	16	0	0	0	10	16	2	76	22	0	0	0	0	3	2	7	11	0	0	16	36	0	0
1992	konza	947	7	11	3	5	11	0	14	4	0	16	0	8	17	0	132	30	1	0	3	14	0	290	4	2	26	81	0	5	4	0	25	0	29	4	23	2	9	7	8	1	1	0	0	2	19	8	0	0	0	10	24	2	8	11	2	0	0	0	0	2	5	10	0	0	17	30	0	0
1993	konza	1087	13	11	4	45	6	0	16	3	1	11	8	0	28	0	119	37	3	0	1	19	0	210	5	15	29	77	0	8	17	0	33	2	42	6	25	2	9	4	10	4	0	0	0	4	18	17	0	0	0	4	14	0	76	19	0	0	0	0	1	9	45	25	0	0	12	20	0	0
1994	konza	928	3	13	33	12	3	0	17	0	0	10	14	6	9	0	135	35	2	0	1	14	12	298	4	3	17	56	0	2	7	0	31	0	20	6	7	2	2	3	2	4	0	0	0	1	14	6	0	0	0	4	16	0	26	14	0	0	0	1	0	0	12	11	0	0	20	18	0	2
1995	konza	673	6	14	1	0	0	0	18	4	0	6	8	12	9	0	125	26	5	0	3	16	8	126	3	6	14	67	0	4	12	0	17	0	10	4	20	2	15	5	6	2	0	0	0	3	13	1	0	0	0	0	26	3	0	12	0	0	0	0	0	3	0	11	0	0	11	16	0	0
1996	konza	806	8	10	3	0	4	0	22	1	2	5	4	6	13	0	104	32	4	0	2	17	0	270	2	5	17	65	0	11	9	0	32	0	17	9	19	2	3	3	0	2	1	0	0	2	15	1	0	0	0	2	26	5	2	16	0	0	0	0	0	2	0	4	0	0	13	14	0	0
1997	konza	831	28	10	2	0	3	0	16	1	0	16	6	8	16	0	132	19	15	0	3	17	24	174	3	11	9	70	0	5	12	0	33	0	37	10	17	1	15	2	6	2	0	0	0	2	14	2	0	0	0	0	20	5	0	19	0	0	0	0	0	1	0	18	0	0	15	10	0	2
1998	konza	813	15	7	0	0	3	4	22	4	1	22	16	0	20	1	78	11	4	0	3	17	2	222	5	4	2	65	0	7	14	0	37	0	35	4	14	2	5	5	14	0	2	0	0	3	17	6	0	1	0	0	12	2	42	15	0	0	0	0	0	5	0	23	0	0	10	10	0	0
1999	konza	981	35	9	4	45	0	4	32	6	0	21	12	0	16	2	68	23	10	0	8	19	46	176	7	9	0	82	0	7	17	0	38	0	43	5	6	7	16	9	16	2	3	0	0	3	15	7	1	0	0	0	30	5	0	11	0	0	0	0	3	5	45	14	0	0	21	18	0	0
2000	konza	825	17	6	0	0	1	3	31	4	1	9	12	0	13	0	114	16	3	0	7	17	0	214	2	4	3	70	0	12	17	0	44	0	38	16	12	2	3	9	28	1	4	0	0	1	12	0	2	0	0	0	20	4	0	7	0	0	0	0	0	1	0	13	0	0	13	18	0	1
2001	konza	706	8	11	8	2	3	0	26	4	0	9	4	0	17	1	66	15	2	6	1	8	4	182	8	7	3	21	0	19	15	0	19	0	33	19	8	2	6	3	28	5	2	0	0	2	1	4	2	0	0	0	20	6	42	13	0	0	0	0	0	3	0	13	0	0	11	14	0	0
2002	konza	740	6	7	1	0	1	0	34	0	0	10	4	0	17	0	99	19	0	2	0	14	0	242	6	1	1	39	0	7	19	0	22	0	45	10	10	1	0	6	24	1	1	0	0	2	7	2	2	0	0	0	16	7	0	8	0	0	0	0	0	5	0	9	0	0	7	26	0	0
2004	konza	1152	0	26	0	0	8	8	45	0	0	1	56	0	7	0	190	31	0	0	1	21	0	366	3	3	9	62	1	18	20	0	47	0	49	18	11	0	6	11	36	0	2	0	0	1	12	7	5	0	0	0	10	9	0	18	0	0	0	0	0	4	0	10	0	1	3	16	0	0
2005	konza	1057	4	29	1	0	9	11	42	3	0	17	36	4	12	0	165	28	0	0	2	6	0	280	7	6	1	53	0	13	20	6	43	0	71	22	8	1	0	8	32	1	12	0	0	1	6	1	1	0	0	2	10	7	0	32	0	0	0	0	0	4	0	8	0	0	4	28	0	0
2006	konza	1205	11	29	95	29	2	2	38	0	0	23	14	2	9	0	139	20	13	2	11	17	20	402	5	19	3	27	0	8	14	0	22	3	54	18	12	0	1	2	26	0	5	0	0	0	6	0	5	1	0	4	14	8	0	16	0	0	0	0	0	6	0	8	0	0	9	30	0	1
2007	konza	1531	4	29	308	102	1	6	46	0	0	25	30	4	6	0	182	27	8	4	5	14	30	276	10	17	3	34	1	11	17	0	33	0	54	11	10	1	5	2	66	2	3	0	0	0	10	8	0	0	0	8	8	9	22	32	0	0	0	0	1	5	0	14	0	0	11	16	0	0
2008	konza	1129	1	43	1	35	6	6	65	2	0	34	46	8	10	0	163	28	13	0	2	23	8	204	12	24	0	53	1	15	10	3	34	0	74	23	12	0	8	4	54	0	5	0	0	0	10	4	0	1	0	0	8	3	0	24	0	0	0	0	0	6	0	12	0	0	15	16	0	0
2009	konza	256	0	0	23	56	0	0	0	0	0	12	0	0	0	1	0	0	5	0	0	0	116	0	5	9	0	0	0	0	0	0	0	5	0	0	0	1	0	0	0	0	0	0	0	0	1	3	0	0	0	0	8	0	0	0	0	0	0	0	1	0	0	2	0	0	8	0	0	0
